expr_id,cond_id,para_nr,word,word_nr,response_true,response_chosen,correctness,first_duration,total_duration,gaze_duration,right_bounded_rt,right_bounded_rt2,go_pass_time,FPFix,FPReg
1,4,60,Amy,0,yes,--,,,,,,,,,
1,4,60,will,1,yes,--,,,,,,,,,
1,4,60,visit,2,yes,--,,,,,,,,,
1,4,60,the,3,yes,--,,,,,,,,,
1,4,60,man,4,yes,--,,,,,,,,,
1,4,60,she,5,yes,--,,,,,,,,,
1,4,60,worked,6,yes,--,,,,,,,,,
1,4,60,with,7,yes,--,,,,,,,,,
1,4,60,last,8,yes,--,,,,,,,,,
1,4,60,"month,",9,yes,--,,,,,,,,,
1,4,60,but,10,yes,--,,,,,,,,,
1,4,60,she,11,yes,--,,,,,,,,,
1,4,60,is,12,yes,--,,,,,,,,,
1,4,60,nervous,13,yes,--,,,,,,,,,
1,4,60,about,14,yes,--,,,,,,,,,
1,4,60,it.,15,yes,--,,,,,,,,,
1,4,59,Paul,0,yes,--,,,,,,,,,
1,4,59,will,1,yes,--,,,,,,,,,
1,4,59,marry,2,yes,--,,,,,,,,,
1,4,59,the,3,yes,--,,,,,,,,,
1,4,59,woman,4,yes,--,,,,,,,,,
1,4,59,he,5,yes,--,,,,,,,,,
1,4,59,just,6,yes,--,,,,,,,,,
1,4,59,met,7,yes,--,,,,,,,,,
1,4,59,last,8,yes,--,,,,,,,,,
1,4,59,"month,",9,yes,--,,,,,,,,,
1,4,59,but,10,yes,--,,,,,,,,,
1,4,59,the,11,yes,--,,,,,,,,,
1,4,59,wedding,12,yes,--,,,,,,,,,
1,4,59,will,13,yes,--,,,,,,,,,
1,4,59,be,14,yes,--,,,,,,,,,
1,4,59,small.,15,yes,--,,,,,,,,,
1,4,58,Dan,0,no,--,,,,,,,,,
1,4,58,wrote,1,no,--,,,,,,,,,
1,4,58,the,2,no,--,,,,,,,,,
1,4,58,speech,3,no,--,,,,,,,,,
1,4,58,he,4,no,--,,,,,,,,,
1,4,58,will,5,no,--,,,,,,,,,
1,4,58,deliver,6,no,--,,,,,,,,,
1,4,58,next,7,no,--,,,,,,,,,
1,4,58,"month,",8,no,--,,,,,,,,,
1,4,58,but,9,no,--,,,,,,,,,
1,4,58,he,10,no,--,,,,,,,,,
1,4,58,hasn't,11,no,--,,,,,,,,,
1,4,58,practiced,12,no,--,,,,,,,,,
1,4,58,it,13,no,--,,,,,,,,,
1,4,58,yet.,14,no,--,,,,,,,,,
1,4,57,Jeff,0,no,--,,,,,,,,,
1,4,57,planned,1,no,--,,,,,,,,,
1,4,57,the,2,no,--,,,,,,,,,
1,4,57,party,3,no,--,,,,,,,,,
1,4,57,he,4,no,--,,,,,,,,,
1,4,57,will,5,no,--,,,,,,,,,
1,4,57,hold,6,no,--,,,,,,,,,
1,4,57,next,7,no,--,,,,,,,,,
1,4,57,"month,",8,no,--,,,,,,,,,
1,4,57,but,9,no,--,,,,,,,,,
1,4,57,he,10,no,--,,,,,,,,,
1,4,57,hasn't,11,no,--,,,,,,,,,
1,4,57,sent,12,no,--,,,,,,,,,
1,4,57,invitations.,13,no,--,,,,,,,,,
1,2,36,The,0,yes,--,,,,,,,,,
1,2,36,crowd,1,yes,--,,,,,,,,,
1,2,36,cheered,2,yes,--,,,,,,,,,
1,2,36,for,3,yes,--,,,,,,,,,
1,2,36,the,4,yes,--,,,,,,,,,
1,2,36,"model,",5,yes,--,,,,,,,,,
1,2,36,and,6,yes,--,,,,,,,,,
1,2,36,the,7,yes,--,,,,,,,,,
1,2,36,designer,8,yes,--,,,,,,,,,
1,2,36,took,9,yes,--,,,,,,,,,
1,2,36,a,10,yes,--,,,,,,,,,
1,2,36,bow,11,yes,--,,,,,,,,,
1,2,36,after,12,yes,--,,,,,,,,,
1,2,36,the,13,yes,--,,,,,,,,,
1,2,36,show.,14,yes,--,,,,,,,,,
1,2,35,The,0,no,--,,,,,,,,,
1,2,35,juggler,1,no,--,,,,,,,,,
1,2,35,entertained,2,no,--,,,,,,,,,
1,2,35,the,3,no,--,,,,,,,,,
1,2,35,"children,",4,no,--,,,,,,,,,
1,2,35,and,5,no,--,,,,,,,,,
1,2,35,their,6,no,--,,,,,,,,,
1,2,35,parents,7,no,--,,,,,,,,,
1,2,35,drank,8,no,--,,,,,,,,,
1,2,35,wine,9,no,--,,,,,,,,,
1,2,35,at,10,no,--,,,,,,,,,
1,2,35,the,11,no,--,,,,,,,,,
1,2,35,party.,12,no,--,,,,,,,,,
1,2,34,The,0,no,--,,,,,,,,,
1,2,34,woman,1,no,--,,,,,,,,,
1,2,34,dressed,2,no,--,,,,,,,,,
1,2,34,her,3,no,--,,,,,,,,,
1,2,34,"baby,",4,no,--,,,,,,,,,
1,2,34,and,5,no,--,,,,,,,,,
1,2,34,her,6,no,--,,,,,,,,,
1,2,34,son,7,no,--,,,,,,,,,
1,2,34,got,8,no,--,,,,,,,,,
1,2,34,his,9,no,--,,,,,,,,,
1,2,34,clothes,10,no,--,,,,,,,,,
1,2,34,from,11,no,--,,,,,,,,,
1,2,34,the,12,no,--,,,,,,,,,
1,2,34,dresser.,13,no,--,,,,,,,,,
1,2,33,Diane,0,yes,--,,,,,,,,,
1,2,33,hugged,1,yes,--,,,,,,,,,
1,2,33,her,2,yes,--,,,,,,,,,
1,2,33,"boyfriend,",3,yes,--,,,,,,,,,
1,2,33,and,4,yes,--,,,,,,,,,
1,2,33,her,5,yes,--,,,,,,,,,
1,2,33,friend,6,yes,--,,,,,,,,,
1,2,33,felt,7,yes,--,,,,,,,,,
1,2,33,uncomfortable,8,yes,--,,,,,,,,,
1,2,33,watching,9,yes,--,,,,,,,,,
1,2,33,them.,10,yes,--,,,,,,,,,
1,6,12,The,0,no,--,,,,,,,,,
1,6,12,sister,1,no,--,,,,,,,,,
1,6,12,of,2,no,--,,,,,,,,,
1,6,12,the,3,no,--,,,,,,,,,
1,6,12,prince,4,no,--,,,,,,,,,
1,6,12,who,5,no,--,,,,,,,,,
1,6,12,injured,6,no,--,,,,,,,,,
1,6,12,himself,7,no,--,,,,,,,,,
1,6,12,falling,8,no,--,,,,,,,,,
1,6,12,off,9,no,--,,,,,,,,,
1,6,12,a,10,no,--,,,,,,,,,
1,6,12,roof,11,no,--,,,,,,,,,
1,6,12,was,12,no,--,,,,,,,,,
1,6,12,still,13,no,--,,,,,,,,,
1,6,12,sad.,14,no,--,,,,,,,,,
1,6,11,The,0,no,--,,,,,,,,,
1,6,11,daughter,1,no,--,,,,,,,,,
1,6,11,of,2,no,--,,,,,,,,,
1,6,11,the,3,no,--,,,,,,,,,
1,6,11,actor,4,no,--,,,,,,,,,
1,6,11,who,5,no,--,,,,,,,,,
1,6,11,hated,6,no,--,,,,,,,,,
1,6,11,himself,7,no,--,,,,,,,,,
1,6,11,for,8,no,--,,,,,,,,,
1,6,11,failing,9,no,--,,,,,,,,,
1,6,11,always,10,no,--,,,,,,,,,
1,6,11,seemed,11,no,--,,,,,,,,,
1,6,11,unhappy.,12,no,--,,,,,,,,,
1,6,10,The,0,yes,--,,,,,,,,,
1,6,10,sister,1,yes,--,,,,,,,,,
1,6,10,of,2,yes,--,,,,,,,,,
1,6,10,the,3,yes,--,,,,,,,,,
1,6,10,salesman,4,yes,--,,,,,,,,,
1,6,10,who,5,yes,--,,,,,,,,,
1,6,10,made,6,yes,--,,,,,,,,,
1,6,10,a,7,yes,--,,,,,,,,,
1,6,10,fool,8,yes,--,,,,,,,,,
1,6,10,of,9,yes,--,,,,,,,,,
1,6,10,himself,10,yes,--,,,,,,,,,
1,6,10,at,11,yes,--,,,,,,,,,
1,6,10,work,12,yes,--,,,,,,,,,
1,6,10,was,13,yes,--,,,,,,,,,
1,6,10,very,14,yes,--,,,,,,,,,
1,6,10,angry.,15,yes,--,,,,,,,,,
1,4,64,Mike,0,no,--,,,,,,,,,
1,4,64,watered,1,no,--,,,,,,,,,
1,4,64,the,2,no,--,,,,,,,,,
1,4,64,flower,3,no,--,,,,,,,,,
1,4,64,he,4,no,--,,,,,,,,,
1,4,64,will,5,no,--,,,,,,,,,
1,4,64,sell,6,no,--,,,,,,,,,
1,4,64,"tomorrow,",7,no,--,,,,,,,,,
1,4,64,but,8,no,--,,,,,,,,,
1,4,64,he,9,no,--,,,,,,,,,
1,4,64,forgot,10,no,--,,,,,,,,,
1,4,64,to,11,no,--,,,,,,,,,
1,4,64,water,12,no,--,,,,,,,,,
1,4,64,the,13,no,--,,,,,,,,,
1,4,64,bush.,14,no,--,,,,,,,,,
1,4,63,Mary,0,no,--,,,,,,,,,
1,4,63,called,1,no,--,,,,,,,,,
1,4,63,the,2,no,--,,,,,,,,,
1,4,63,applicant,3,no,--,,,,,,,,,
1,4,63,she,4,no,--,,,,,,,,,
1,4,63,will,5,no,--,,,,,,,,,
1,4,63,interview,6,no,--,,,,,,,,,
1,4,63,"tomorrow,",7,no,--,,,,,,,,,
1,4,63,but,8,no,--,,,,,,,,,
1,4,63,there,9,no,--,,,,,,,,,
1,4,63,was,10,no,--,,,,,,,,,
1,4,63,no,11,no,--,,,,,,,,,
1,4,63,answer.,12,no,--,,,,,,,,,
1,4,62,James,0,yes,--,,,,,,,,,
1,4,62,will,1,yes,--,,,,,,,,,
1,4,62,fix,2,yes,--,,,,,,,,,
1,4,62,the,3,yes,--,,,,,,,,,
1,4,62,car,4,yes,--,,,,,,,,,
1,4,62,he,5,yes,--,,,,,,,,,
1,4,62,drove,6,yes,--,,,,,,,,,
1,4,62,"yesterday,",7,yes,--,,,,,,,,,
1,4,62,but,8,yes,--,,,,,,,,,
1,4,62,he,9,yes,--,,,,,,,,,
1,4,62,will,10,yes,--,,,,,,,,,
1,4,62,need,11,yes,--,,,,,,,,,
1,4,62,some,12,yes,--,,,,,,,,,
1,4,62,help.,13,yes,--,,,,,,,,,
1,4,61,Linda,0,no,--,,,,,,,,,
1,4,61,will,1,no,--,,,,,,,,,
1,4,61,wear,2,no,--,,,,,,,,,
1,4,61,the,3,no,--,,,,,,,,,
1,4,61,sweater,4,no,--,,,,,,,,,
1,4,61,she,5,no,--,,,,,,,,,
1,4,61,washed,6,no,--,,,,,,,,,
1,4,61,"yesterday,",7,no,--,,,,,,,,,
1,4,61,but,8,no,--,,,,,,,,,
1,4,61,she,9,no,--,,,,,,,,,
1,4,61,won't,10,no,--,,,,,,,,,
1,4,61,wear,11,no,--,,,,,,,,,
1,4,61,her,12,no,--,,,,,,,,,
1,4,61,skirt.,13,no,--,,,,,,,,,
1,3,56,Lisa,0,yes,--,,,,,,,,,
1,3,56,will,1,yes,--,,,,,,,,,
1,3,56,change,2,yes,--,,,,,,,,,
1,3,56,the,3,yes,--,,,,,,,,,
1,3,56,plans,4,yes,--,,,,,,,,,
1,3,56,she,5,yes,--,,,,,,,,,
1,3,56,made,6,yes,--,,,,,,,,,
1,3,56,next,7,yes,--,,,,,,,,,
1,3,56,"week,",8,yes,--,,,,,,,,,
1,3,56,but,9,yes,--,,,,,,,,,
1,3,56,she,10,yes,--,,,,,,,,,
1,3,56,won't,11,yes,--,,,,,,,,,
1,3,56,cancel,12,yes,--,,,,,,,,,
1,3,56,any,13,yes,--,,,,,,,,,
1,3,56,of,14,yes,--,,,,,,,,,
1,3,56,them.,15,yes,--,,,,,,,,,
1,3,54,Joseph,0,yes,--,,,,,,,,,
1,3,54,brewed,1,yes,--,,,,,,,,,
1,3,54,the,2,yes,--,,,,,,,,,
1,3,54,beer,3,yes,--,,,,,,,,,
1,3,54,he,4,yes,--,,,,,,,,,
1,3,54,will,5,yes,--,,,,,,,,,
1,3,54,serve,6,yes,--,,,,,,,,,
1,3,54,last,7,yes,--,,,,,,,,,
1,3,54,"week,",8,yes,--,,,,,,,,,
1,3,54,but,9,yes,--,,,,,,,,,
1,3,54,it,10,yes,--,,,,,,,,,
1,3,54,is,11,yes,--,,,,,,,,,
1,3,54,not,12,yes,--,,,,,,,,,
1,3,54,very,13,yes,--,,,,,,,,,
1,3,54,tasty.,14,yes,--,,,,,,,,,
1,3,53,Jane,0,no,--,,,,,,,,,
1,3,53,prepared,1,no,--,,,,,,,,,
1,3,53,the,2,no,--,,,,,,,,,
1,3,53,lecture,3,no,--,,,,,,,,,
1,3,53,she,4,no,--,,,,,,,,,
1,3,53,will,5,no,--,,,,,,,,,
1,3,53,give,6,no,--,,,,,,,,,
1,3,53,last,7,no,--,,,,,,,,,
1,3,53,"week,",8,no,--,,,,,,,,,
1,3,53,but,9,no,--,,,,,,,,,
1,3,53,still,10,no,--,,,,,,,,,
1,3,53,needs,11,no,--,,,,,,,,,
1,3,53,to,12,no,--,,,,,,,,,
1,3,53,review,13,no,--,,,,,,,,,
1,3,53,it.,14,no,--,,,,,,,,,
1,3,52,Sue,0,yes,--,,,,,,,,,
1,3,52,insulted,1,yes,--,,,,,,,,,
1,3,52,the,2,yes,--,,,,,,,,,
1,3,52,candidate,3,yes,--,,,,,,,,,
1,3,52,she,4,yes,--,,,,,,,,,
1,3,52,will,5,yes,--,,,,,,,,,
1,3,52,debate,6,yes,--,,,,,,,,,
1,3,52,"yesterday,",7,yes,--,,,,,,,,,
1,3,52,but,8,yes,--,,,,,,,,,
1,3,52,she,9,yes,--,,,,,,,,,
1,3,52,wishes,10,yes,--,,,,,,,,,
1,3,52,she,11,yes,--,,,,,,,,,
1,3,52,hadn't.,12,yes,--,,,,,,,,,
1,3,50,Robert,0,no,--,,,,,,,,,
1,3,50,will,1,no,--,,,,,,,,,
1,3,50,meet,2,no,--,,,,,,,,,
1,3,50,the,3,no,--,,,,,,,,,
1,3,50,friend,4,no,--,,,,,,,,,
1,3,50,he,5,no,--,,,,,,,,,
1,3,50,phoned,6,no,--,,,,,,,,,
1,3,50,"tomorrow,",7,no,--,,,,,,,,,
1,3,50,but,8,no,--,,,,,,,,,
1,3,50,he,9,no,--,,,,,,,,,
1,3,50,doesn't,10,no,--,,,,,,,,,
1,3,50,want,11,no,--,,,,,,,,,
1,3,50,to.,12,no,--,,,,,,,,,
1,3,49,Anne,0,no,--,,,,,,,,,
1,3,49,will,1,no,--,,,,,,,,,
1,3,49,serve,2,no,--,,,,,,,,,
1,3,49,the,3,no,--,,,,,,,,,
1,3,49,apples,4,no,--,,,,,,,,,
1,3,49,she,5,no,--,,,,,,,,,
1,3,49,picked,6,no,--,,,,,,,,,
1,3,49,"tomorrow,",7,no,--,,,,,,,,,
1,3,49,but,8,no,--,,,,,,,,,
1,3,49,she,9,no,--,,,,,,,,,
1,3,49,won't,10,no,--,,,,,,,,,
1,3,49,serve,11,no,--,,,,,,,,,
1,3,49,the,12,no,--,,,,,,,,,
1,3,49,plums.,13,no,--,,,,,,,,,
1,2,39,The,0,no,--,,,,,,,,,
1,2,39,woman,1,no,--,,,,,,,,,
1,2,39,could,2,no,--,,,,,,,,,
1,2,39,not,3,no,--,,,,,,,,,
1,2,39,find,4,no,--,,,,,,,,,
1,2,39,"Bill,",5,no,--,,,,,,,,,
1,2,39,and,6,no,--,,,,,,,,,
1,2,39,his,7,no,--,,,,,,,,,
1,2,39,girlfriend,8,no,--,,,,,,,,,
1,2,39,became,9,no,--,,,,,,,,,
1,2,39,nervous,10,no,--,,,,,,,,,
1,2,39,and,11,no,--,,,,,,,,,
1,2,39,upset.,12,no,--,,,,,,,,,
1,2,38,Bobby,0,yes,--,,,,,,,,,
1,2,38,yelled,1,yes,--,,,,,,,,,
1,2,38,at,2,yes,--,,,,,,,,,
1,2,38,the,3,yes,--,,,,,,,,,
1,2,38,"teacher,",4,yes,--,,,,,,,,,
1,2,38,and,5,yes,--,,,,,,,,,
1,2,38,the,6,yes,--,,,,,,,,,
1,2,38,principal,7,yes,--,,,,,,,,,
1,2,38,asked,8,yes,--,,,,,,,,,
1,2,38,his,9,yes,--,,,,,,,,,
1,2,38,parents,10,yes,--,,,,,,,,,
1,2,38,for,11,yes,--,,,,,,,,,
1,2,38,a,12,yes,--,,,,,,,,,
1,2,38,meeting.,13,yes,--,,,,,,,,,
1,2,37,The,0,yes,--,,,,,,,,,
1,2,37,teacher,1,yes,--,,,,,,,,,
1,2,37,praised,2,yes,--,,,,,,,,,
1,2,37,the,3,yes,--,,,,,,,,,
1,2,37,"girl,",4,yes,--,,,,,,,,,
1,2,37,and,5,yes,--,,,,,,,,,
1,2,37,her,6,yes,--,,,,,,,,,
1,2,37,family,7,yes,--,,,,,,,,,
1,2,37,was,8,yes,--,,,,,,,,,
1,2,37,proud,9,yes,--,,,,,,,,,
1,2,37,of,10,yes,--,,,,,,,,,
1,2,37,her,11,yes,--,,,,,,,,,
1,2,37,good,12,yes,--,,,,,,,,,
1,2,37,grades.,13,yes,--,,,,,,,,,
1,1,32,The,0,yes,--,,,,,,,,,
1,1,32,producer,1,yes,--,,,,,,,,,
1,1,32,replaced,2,yes,--,,,,,,,,,
1,1,32,the,3,yes,--,,,,,,,,,
1,1,32,actor,4,yes,--,,,,,,,,,
1,1,32,and,5,yes,--,,,,,,,,,
1,1,32,the,6,yes,--,,,,,,,,,
1,1,32,actress,7,yes,--,,,,,,,,,
1,1,32,quit,8,yes,--,,,,,,,,,
1,1,32,the,9,yes,--,,,,,,,,,
1,1,32,movie,10,yes,--,,,,,,,,,
1,1,32,after,11,yes,--,,,,,,,,,
1,1,32,the,12,yes,--,,,,,,,,,
1,1,32,fight.,13,yes,--,,,,,,,,,
1,1,30,Jim,0,no,--,,,,,,,,,
1,1,30,listened,1,no,--,,,,,,,,,
1,1,30,to,2,no,--,,,,,,,,,
1,1,30,the,3,no,--,,,,,,,,,
1,1,30,pianist,4,no,--,,,,,,,,,
1,1,30,and,5,no,--,,,,,,,,,
1,1,30,the,6,no,--,,,,,,,,,
1,1,30,singer,7,no,--,,,,,,,,,
1,1,30,watched,8,no,--,,,,,,,,,
1,1,30,the,9,no,--,,,,,,,,,
1,1,30,organist,10,no,--,,,,,,,,,
1,1,30,at,11,no,--,,,,,,,,,
1,1,30,the,12,no,--,,,,,,,,,
1,1,30,concert.,13,no,--,,,,,,,,,
1,1,29,The,0,no,--,,,,,,,,,
1,1,29,ranger,1,no,--,,,,,,,,,
1,1,29,gave,2,no,--,,,,,,,,,
1,1,29,matches,3,no,--,,,,,,,,,
1,1,29,to,4,no,--,,,,,,,,,
1,1,29,the,5,no,--,,,,,,,,,
1,1,29,camper,6,no,--,,,,,,,,,
1,1,29,and,7,no,--,,,,,,,,,
1,1,29,his,8,no,--,,,,,,,,,
1,1,29,friend,9,no,--,,,,,,,,,
1,1,29,made,10,no,--,,,,,,,,,
1,1,29,a,11,no,--,,,,,,,,,
1,1,29,fire,12,no,--,,,,,,,,,
1,1,29,by,13,no,--,,,,,,,,,
1,1,29,the,14,no,--,,,,,,,,,
1,1,29,tent.,15,no,--,,,,,,,,,
1,1,28,The,0,no,--,,,,,,,,,
1,1,28,little,1,no,--,,,,,,,,,
1,1,28,girl,2,no,--,,,,,,,,,
1,1,28,fed,3,no,--,,,,,,,,,
1,1,28,her,4,no,--,,,,,,,,,
1,1,28,pet,5,no,--,,,,,,,,,
1,1,28,cat,6,no,--,,,,,,,,,
1,1,28,and,7,no,--,,,,,,,,,
1,1,28,her,8,no,--,,,,,,,,,
1,1,28,dog,9,no,--,,,,,,,,,
1,1,28,wanted,10,no,--,,,,,,,,,
1,1,28,a,11,no,--,,,,,,,,,
1,1,28,can,12,no,--,,,,,,,,,
1,1,28,of,13,no,--,,,,,,,,,
1,1,28,"food,",14,no,--,,,,,,,,,
1,1,28,too.,15,no,--,,,,,,,,,
1,1,27,The,0,no,--,,,,,,,,,
1,1,27,tourist,1,no,--,,,,,,,,,
1,1,27,photographed,2,no,--,,,,,,,,,
1,1,27,the,3,no,--,,,,,,,,,
1,1,27,swimmer,4,no,--,,,,,,,,,
1,1,27,and,5,no,--,,,,,,,,,
1,1,27,the,6,no,--,,,,,,,,,
1,1,27,runner,7,no,--,,,,,,,,,
1,1,27,got,8,no,--,,,,,,,,,
1,1,27,ready,9,no,--,,,,,,,,,
1,1,27,for,10,no,--,,,,,,,,,
1,1,27,the,11,no,--,,,,,,,,,
1,1,27,race.,12,no,--,,,,,,,,,
1,1,26,The,0,yes,--,,,,,,,,,
1,1,26,swimmer,1,yes,--,,,,,,,,,
1,1,26,disappointed,2,yes,--,,,,,,,,,
1,1,26,her,3,yes,--,,,,,,,,,
1,1,26,coach,4,yes,--,,,,,,,,,
1,1,26,and,5,yes,--,,,,,,,,,
1,1,26,her,6,yes,--,,,,,,,,,
1,1,26,mother,7,yes,--,,,,,,,,,
1,1,26,tried,8,yes,--,,,,,,,,,
1,1,26,to,9,yes,--,,,,,,,,,
1,1,26,console,10,yes,--,,,,,,,,,
1,1,26,her.,11,yes,--,,,,,,,,,
1,1,25,The,0,yes,--,,,,,,,,,
1,1,25,nurse,1,yes,--,,,,,,,,,
1,1,25,examined,2,yes,--,,,,,,,,,
1,1,25,the,3,yes,--,,,,,,,,,
1,1,25,mother,4,yes,--,,,,,,,,,
1,1,25,and,5,yes,--,,,,,,,,,
1,1,25,the,6,yes,--,,,,,,,,,
1,1,25,child,7,yes,--,,,,,,,,,
1,1,25,played,8,yes,--,,,,,,,,,
1,1,25,quietly,9,yes,--,,,,,,,,,
1,1,25,in,10,yes,--,,,,,,,,,
1,1,25,the,11,yes,--,,,,,,,,,
1,1,25,corner.,12,yes,--,,,,,,,,,
1,6,16,The,0,yes,--,,,,,,,,,
1,6,16,grandfather,1,yes,--,,,,,,,,,
1,6,16,of,2,yes,--,,,,,,,,,
1,6,16,the,3,yes,--,,,,,,,,,
1,6,16,policewoman,4,yes,--,,,,,,,,,
1,6,16,who,5,yes,--,,,,,,,,,
1,6,16,treated,6,yes,--,,,,,,,,,
1,6,16,herself,7,yes,--,,,,,,,,,
1,6,16,so,8,yes,--,,,,,,,,,
1,6,16,badly,9,yes,--,,,,,,,,,
1,6,16,was,10,yes,--,,,,,,,,,
1,6,16,troubled.,11,yes,--,,,,,,,,,
1,6,15,The,0,yes,--,,,,,,,,,
1,6,15,nephew,1,yes,--,,,,,,,,,
1,6,15,of,2,yes,--,,,,,,,,,
1,6,15,the,3,yes,--,,,,,,,,,
1,6,15,maid,4,yes,--,,,,,,,,,
1,6,15,who,5,yes,--,,,,,,,,,
1,6,15,cut,6,yes,--,,,,,,,,,
1,6,15,herself,7,yes,--,,,,,,,,,
1,6,15,with,8,yes,--,,,,,,,,,
1,6,15,the,9,yes,--,,,,,,,,,
1,6,15,knife,10,yes,--,,,,,,,,,
1,6,15,called,11,yes,--,,,,,,,,,
1,6,15,the,12,yes,--,,,,,,,,,
1,6,15,doctor.,13,yes,--,,,,,,,,,
1,6,14,The,0,no,--,,,,,,,,,
1,6,14,brother,1,no,--,,,,,,,,,
1,6,14,of,2,no,--,,,,,,,,,
1,6,14,the,3,no,--,,,,,,,,,
1,6,14,ballerina,4,no,--,,,,,,,,,
1,6,14,who,5,no,--,,,,,,,,,
1,6,14,found,6,no,--,,,,,,,,,
1,6,14,herself,7,no,--,,,,,,,,,
1,6,14,in,8,no,--,,,,,,,,,
1,6,14,a,9,no,--,,,,,,,,,
1,6,14,lot,10,no,--,,,,,,,,,
1,6,14,of,11,no,--,,,,,,,,,
1,6,14,trouble,12,no,--,,,,,,,,,
1,6,14,phoned,13,no,--,,,,,,,,,
1,6,14,home.,14,no,--,,,,,,,,,
1,6,13,The,0,no,--,,,,,,,,,
1,6,13,son,1,no,--,,,,,,,,,
1,6,13,of,2,no,--,,,,,,,,,
1,6,13,the,3,no,--,,,,,,,,,
1,6,13,princess,4,no,--,,,,,,,,,
1,6,13,who,5,no,--,,,,,,,,,
1,6,13,scratched,6,no,--,,,,,,,,,
1,6,13,herself,7,no,--,,,,,,,,,
1,6,13,in,8,no,--,,,,,,,,,
1,6,13,public,9,no,--,,,,,,,,,
1,6,13,was,10,no,--,,,,,,,,,
1,6,13,awfully,11,no,--,,,,,,,,,
1,6,13,embarrassed.,12,no,--,,,,,,,,,
1,5,8,The,0,no,--,,,,,,,,,
1,5,8,aunt,1,no,--,,,,,,,,,
1,5,8,of,2,no,--,,,,,,,,,
1,5,8,the,3,no,--,,,,,,,,,
1,5,8,schoolboy,4,no,--,,,,,,,,,
1,5,8,who,5,no,--,,,,,,,,,
1,5,8,hurt,6,no,--,,,,,,,,,
1,5,8,herself,7,no,--,,,,,,,,,
1,5,8,was,8,no,--,,,,,,,,,
1,5,8,concerned,9,no,--,,,,,,,,,
1,5,8,about,10,no,--,,,,,,,,,
1,5,8,the,11,no,--,,,,,,,,,
1,5,8,injury.,12,no,--,,,,,,,,,
1,5,7,The,0,no,--,,,,,,,,,
1,5,7,grandma,1,no,--,,,,,,,,,
1,5,7,of,2,no,--,,,,,,,,,
1,5,7,the,3,no,--,,,,,,,,,
1,5,7,fireman,4,no,--,,,,,,,,,
1,5,7,who,5,no,--,,,,,,,,,
1,5,7,criticized,6,no,--,,,,,,,,,
1,5,7,herself,7,no,--,,,,,,,,,
1,5,7,far,8,no,--,,,,,,,,,
1,5,7,too,9,no,--,,,,,,,,,
1,5,7,often,10,no,--,,,,,,,,,
1,5,7,was,11,no,--,,,,,,,,,
1,5,7,anxious.,12,no,--,,,,,,,,,
1,5,6,The,0,yes,--,,,,,,,,,
1,5,6,grandfather,1,yes,--,,,,,,,,,
1,5,6,of,2,yes,--,,,,,,,,,
1,5,6,the,3,yes,--,,,,,,,,,
1,5,6,woman,4,yes,--,,,,,,,,,
1,5,6,who,5,yes,--,,,,,,,,,
1,5,6,killed,6,yes,--,,,,,,,,,
1,5,6,himself,7,yes,--,,,,,,,,,
1,5,6,last,8,yes,--,,,,,,,,,
1,5,6,summer,9,yes,--,,,,,,,,,
1,5,6,had,10,yes,--,,,,,,,,,
1,5,6,been,11,yes,--,,,,,,,,,
1,5,6,to,12,yes,--,,,,,,,,,
1,5,6,prison.,13,yes,--,,,,,,,,,
1,5,5,The,0,yes,--,,,,,,,,,
1,5,5,brother,1,yes,--,,,,,,,,,
1,5,5,of,2,yes,--,,,,,,,,,
1,5,5,the,3,yes,--,,,,,,,,,
1,5,5,schoolgirl,4,yes,--,,,,,,,,,
1,5,5,who,5,yes,--,,,,,,,,,
1,5,5,burned,6,yes,--,,,,,,,,,
1,5,5,himself,7,yes,--,,,,,,,,,
1,5,5,was,8,yes,--,,,,,,,,,
1,5,5,usually,9,yes,--,,,,,,,,,
1,5,5,very,10,yes,--,,,,,,,,,
1,5,5,careful.,11,yes,--,,,,,,,,,
1,5,4,The,0,no,--,,,,,,,,,
1,5,4,son,1,no,--,,,,,,,,,
1,5,4,of,2,no,--,,,,,,,,,
1,5,4,the,3,no,--,,,,,,,,,
1,5,4,lady,4,no,--,,,,,,,,,
1,5,4,who,5,no,--,,,,,,,,,
1,5,4,politely,6,no,--,,,,,,,,,
1,5,4,introduced,7,no,--,,,,,,,,,
1,5,4,himself,8,no,--,,,,,,,,,
1,5,4,was,9,no,--,,,,,,,,,
1,5,4,popular,10,no,--,,,,,,,,,
1,5,4,at,11,no,--,,,,,,,,,
1,5,4,the,12,no,--,,,,,,,,,
1,5,4,party.,13,no,--,,,,,,,,,
1,5,3,The,0,no,--,,,,,,,,,
1,5,3,uncle,1,no,--,,,,,,,,,
1,5,3,of,2,no,--,,,,,,,,,
1,5,3,the,3,no,--,,,,,,,,,
1,5,3,waitress,4,no,--,,,,,,,,,
1,5,3,who,5,no,--,,,,,,,,,
1,5,3,hurt,6,no,--,,,,,,,,,
1,5,3,himself,7,no,--,,,,,,,,,
1,5,3,was,8,no,--,,,,,,,,,
1,5,3,shocked,9,no,--,,,,,,,,,
1,5,3,by,10,no,--,,,,,,,,,
1,5,3,the,11,no,--,,,,,,,,,
1,5,3,accident.,12,no,--,,,,,,,,,
1,5,2,The,0,yes,--,,,,,,,,,
1,5,2,brother,1,yes,--,,,,,,,,,
1,5,2,of,2,yes,--,,,,,,,,,
1,5,2,the,3,yes,--,,,,,,,,,
1,5,2,bride,4,yes,--,,,,,,,,,
1,5,2,who,5,yes,--,,,,,,,,,
1,5,2,embarrassed,6,yes,--,,,,,,,,,
1,5,2,himself,7,yes,--,,,,,,,,,
1,5,2,at,8,yes,--,,,,,,,,,
1,5,2,the,9,yes,--,,,,,,,,,
1,5,2,wedding,10,yes,--,,,,,,,,,
1,5,2,felt,11,yes,--,,,,,,,,,
1,5,2,ashamed.,12,yes,--,,,,,,,,,
1,3,55,Tom,0,no,--,,,,,,,,,
1,3,55,will,1,no,--,,,,,,,,,
1,3,55,plant,2,no,--,,,,,,,,,
1,3,55,the,3,no,--,,,,,,,,,
1,3,55,tree,4,no,--,,,,,,,,,
1,3,55,he,5,no,--,,,,,,,,,
1,3,55,bought,6,no,--,,,,,,,,,
1,3,55,next,7,no,--,,,,,,,,,
1,3,55,"week,",8,no,--,,,,,,,,,
1,3,55,but,9,no,--,,,,,,,,,
1,3,55,he,10,no,--,,,,,,,,,
1,3,55,isn't,11,no,--,,,,,,,,,
1,3,55,sure,12,no,--,,,,,,,,,
1,3,55,where,13,no,--,,,,,,,,,
1,3,55,to,14,no,--,,,,,,,,,
1,3,55,put,15,no,--,,,,,,,,,
1,3,55,it.,16,no,--,,,,,,,,,
1,5,1,The,0,yes,--,,,,,,,,,
1,5,1,son,1,yes,--,,,,,,,,,
1,5,1,of,2,yes,--,,,,,,,,,
1,5,1,the,3,yes,--,,,,,,,,,
1,5,1,actress,4,yes,--,,,,,,,,,
1,5,1,who,5,yes,--,,,,,,,,,
1,5,1,shot,6,yes,--,,,,,,,,,
1,5,1,himself,7,yes,--,,,,,,,,,
1,5,1,on,8,yes,--,,,,,,,,,
1,5,1,the,9,yes,--,,,,,,,,,
1,5,1,set,10,yes,--,,,,,,,,,
1,5,1,was,11,yes,--,,,,,,,,,
1,5,1,under,12,yes,--,,,,,,,,,
1,5,1,investigation.,13,yes,--,,,,,,,,,
1,3,51,David,0,yes,--,,,,,,,,,
1,3,51,caught,1,yes,--,,,,,,,,,
1,3,51,the,2,yes,--,,,,,,,,,
1,3,51,fish,3,yes,--,,,,,,,,,
1,3,51,he,4,yes,--,,,,,,,,,
1,3,51,will,5,yes,--,,,,,,,,,
1,3,51,cook,6,yes,--,,,,,,,,,
1,3,51,"yesterday,",7,yes,--,,,,,,,,,
1,3,51,but,8,yes,--,,,,,,,,,
1,3,51,it,9,yes,--,,,,,,,,,
1,3,51,is,10,yes,--,,,,,,,,,
1,3,51,not,11,yes,--,,,,,,,,,
1,3,51,his,12,yes,--,,,,,,,,,
1,3,51,favorite,13,yes,--,,,,,,,,,
1,3,51,kind.,14,yes,--,,,,,,,,,
1,1,31,The,0,yes,--,,,,,,,,,
1,1,31,audience,1,yes,--,,,,,,,,,
1,1,31,applauded,2,yes,--,,,,,,,,,
1,1,31,the,3,yes,--,,,,,,,,,
1,1,31,guitarist,4,yes,--,,,,,,,,,
1,1,31,and,5,yes,--,,,,,,,,,
1,1,31,the,6,yes,--,,,,,,,,,
1,1,31,band,7,yes,--,,,,,,,,,
1,1,31,cheered,8,yes,--,,,,,,,,,
1,1,31,for,9,yes,--,,,,,,,,,
1,1,31,him,10,yes,--,,,,,,,,,
1,1,31,very,11,yes,--,,,,,,,,,
1,1,31,loudly.,12,yes,--,,,,,,,,,
1,2,40,The,0,yes,--,,,,,,,,,
1,2,40,customer,1,yes,--,,,,,,,,,
1,2,40,complained,2,yes,--,,,,,,,,,
1,2,40,about,3,yes,--,,,,,,,,,
1,2,40,the,4,yes,--,,,,,,,,,
1,2,40,"waiter,",5,yes,--,,,,,,,,,
1,2,40,and,6,yes,--,,,,,,,,,
1,2,40,the,7,yes,--,,,,,,,,,
1,2,40,chef,8,yes,--,,,,,,,,,
1,2,40,gave,9,yes,--,,,,,,,,,
1,2,40,him,10,yes,--,,,,,,,,,
1,2,40,a,11,yes,--,,,,,,,,,
1,2,40,free,12,yes,--,,,,,,,,,
1,2,40,dessert.,13,yes,--,,,,,,,,,
1,6,9,The,0,yes,--,,,,,,,,,
1,6,9,daughter,1,yes,--,,,,,,,,,
1,6,9,of,2,yes,--,,,,,,,,,
1,6,9,the,3,yes,--,,,,,,,,,
1,6,9,man,4,yes,--,,,,,,,,,
1,6,9,who,5,yes,--,,,,,,,,,
1,6,9,complimented,6,yes,--,,,,,,,,,
1,6,9,himself,7,yes,--,,,,,,,,,
1,6,9,in,8,yes,--,,,,,,,,,
1,6,9,public,9,yes,--,,,,,,,,,
1,6,9,was,10,yes,--,,,,,,,,,
1,6,9,beautiful.,11,yes,--,,,,,,,,,
1,8,118,The,0,no,--,,,,,,,,,
1,8,118,father,1,no,--,,,,,,,,,
1,8,118,of,2,no,--,,,,,,,,,
1,8,118,the,3,no,--,,,,,,,,,
1,8,118,pretty,4,no,--,,,,,,,,,
1,8,118,girl,5,no,--,,,,,,,,,
1,8,118,cleaned,6,no,--,,,,,,,,,
1,8,118,up,7,no,--,,,,,,,,,
1,8,118,the,8,no,--,,,,,,,,,
1,8,118,house,9,no,--,,,,,,,,,
1,8,118,all,10,no,--,,,,,,,,,
1,8,118,by,11,no,--,,,,,,,,,
1,8,118,himself,12,no,--,,,,,,,,,
1,8,118,last,13,no,--,,,,,,,,,
1,8,118,week.,14,no,--,,,,,,,,,
1,8,117,Bill,0,yes,--,,,,,,,,,
1,8,117,will,1,yes,--,,,,,,,,,
1,8,117,quit,2,yes,--,,,,,,,,,
1,8,117,his,3,yes,--,,,,,,,,,
1,8,117,job,4,yes,--,,,,,,,,,
1,8,117,next,5,yes,--,,,,,,,,,
1,8,117,month,6,yes,--,,,,,,,,,
1,8,117,to,7,yes,--,,,,,,,,,
1,8,117,take,8,yes,--,,,,,,,,,
1,8,117,care,9,yes,--,,,,,,,,,
1,8,117,of,10,yes,--,,,,,,,,,
1,8,117,his,11,yes,--,,,,,,,,,
1,8,117,kids,12,yes,--,,,,,,,,,
1,8,117,and,13,yes,--,,,,,,,,,
1,8,117,step-children.,14,yes,--,,,,,,,,,
1,8,116,The,0,yes,--,,,,,,,,,
1,8,116,thief,1,yes,--,,,,,,,,,
1,8,116,noticed,2,yes,--,,,,,,,,,
1,8,116,the,3,yes,--,,,,,,,,,
1,8,116,boy,4,yes,--,,,,,,,,,
1,8,116,and,5,yes,--,,,,,,,,,
1,8,116,the,6,yes,--,,,,,,,,,
1,8,116,girl,7,yes,--,,,,,,,,,
1,8,116,watching,8,yes,--,,,,,,,,,
1,8,116,him,9,yes,--,,,,,,,,,
1,8,116,from,10,yes,--,,,,,,,,,
1,8,116,the,11,yes,--,,,,,,,,,
1,8,116,upstairs,12,yes,--,,,,,,,,,
1,8,116,window.,13,yes,--,,,,,,,,,
1,8,115,The,0,yes,--,,,,,,,,,
1,8,115,boy,1,yes,--,,,,,,,,,
1,8,115,who,2,yes,--,,,,,,,,,
1,8,115,was,3,yes,--,,,,,,,,,
1,8,115,wearing,4,yes,--,,,,,,,,,
1,8,115,a,5,yes,--,,,,,,,,,
1,8,115,blue,6,yes,--,,,,,,,,,
1,8,115,cap,7,yes,--,,,,,,,,,
1,8,115,went,8,yes,--,,,,,,,,,
1,8,115,missing,9,yes,--,,,,,,,,,
1,8,115,on,10,yes,--,,,,,,,,,
1,8,115,his,11,yes,--,,,,,,,,,
1,8,115,way,12,yes,--,,,,,,,,,
1,8,115,home,13,yes,--,,,,,,,,,
1,8,115,last,14,yes,--,,,,,,,,,
1,8,115,week.,15,yes,--,,,,,,,,,
1,8,114,Hugh,0,no,--,,,,,,,,,
1,8,114,took,1,no,--,,,,,,,,,
1,8,114,too,2,no,--,,,,,,,,,
1,8,114,long,3,no,--,,,,,,,,,
1,8,114,to,4,no,--,,,,,,,,,
1,8,114,"propose,",5,no,--,,,,,,,,,
1,8,114,and,6,no,--,,,,,,,,,
1,8,114,his,7,no,--,,,,,,,,,
1,8,114,girlfriend,8,no,--,,,,,,,,,
1,8,114,decided,9,no,--,,,,,,,,,
1,8,114,to,10,no,--,,,,,,,,,
1,8,114,marry,11,no,--,,,,,,,,,
1,8,114,someone,12,no,--,,,,,,,,,
1,8,114,else.,13,no,--,,,,,,,,,
1,8,113,The,0,yes,--,,,,,,,,,
1,8,113,old,1,yes,--,,,,,,,,,
1,8,113,man,2,yes,--,,,,,,,,,
1,8,113,amused,3,yes,--,,,,,,,,,
1,8,113,himself,4,yes,--,,,,,,,,,
1,8,113,by,5,yes,--,,,,,,,,,
1,8,113,gossiping,6,yes,--,,,,,,,,,
1,8,113,with,7,yes,--,,,,,,,,,
1,8,113,his,8,yes,--,,,,,,,,,
1,8,113,children,9,yes,--,,,,,,,,,
1,8,113,and,10,yes,--,,,,,,,,,
1,8,113,friends.,11,yes,--,,,,,,,,,
1,8,112,Jane,0,no,--,,,,,,,,,
1,8,112,and,1,no,--,,,,,,,,,
1,8,112,John,2,no,--,,,,,,,,,
1,8,112,studied,3,no,--,,,,,,,,,
1,8,112,math,4,no,--,,,,,,,,,
1,8,112,and,5,no,--,,,,,,,,,
1,8,112,history,6,no,--,,,,,,,,,
1,8,112,"yesterday,",7,no,--,,,,,,,,,
1,8,112,but,8,no,--,,,,,,,,,
1,8,112,they,9,no,--,,,,,,,,,
1,8,112,failed,10,no,--,,,,,,,,,
1,8,112,the,11,no,--,,,,,,,,,
1,8,112,exams.,12,no,--,,,,,,,,,
1,8,111,The,0,yes,--,,,,,,,,,
1,8,111,infant,1,yes,--,,,,,,,,,
1,8,111,was,2,yes,--,,,,,,,,,
1,8,111,able,3,yes,--,,,,,,,,,
1,8,111,to,4,yes,--,,,,,,,,,
1,8,111,stand,5,yes,--,,,,,,,,,
1,8,111,by,6,yes,--,,,,,,,,,
1,8,111,himself,7,yes,--,,,,,,,,,
1,8,111,for,8,yes,--,,,,,,,,,
1,8,111,the,9,yes,--,,,,,,,,,
1,8,111,first,10,yes,--,,,,,,,,,
1,8,111,time,11,yes,--,,,,,,,,,
1,8,111,last,12,yes,--,,,,,,,,,
1,8,111,week.,13,yes,--,,,,,,,,,
1,3,64,Mike,0,no,--,,,,,,,,,
1,3,64,watered,1,no,--,,,,,,,,,
1,3,64,the,2,no,--,,,,,,,,,
1,3,64,flower,3,no,--,,,,,,,,,
1,3,64,he,4,no,--,,,,,,,,,
1,3,64,will,5,no,--,,,,,,,,,
1,3,64,sell,6,no,--,,,,,,,,,
1,3,64,"yesterday,",7,no,--,,,,,,,,,
1,3,64,but,8,no,--,,,,,,,,,
1,3,64,he,9,no,--,,,,,,,,,
1,3,64,forgot,10,no,--,,,,,,,,,
1,3,64,to,11,no,--,,,,,,,,,
1,3,64,water,12,no,--,,,,,,,,,
1,3,64,the,13,no,--,,,,,,,,,
1,3,64,bush.,14,no,--,,,,,,,,,
1,3,63,Mary,0,no,--,,,,,,,,,
1,3,63,called,1,no,--,,,,,,,,,
1,3,63,the,2,no,--,,,,,,,,,
1,3,63,applicant,3,no,--,,,,,,,,,
1,3,63,she,4,no,--,,,,,,,,,
1,3,63,will,5,no,--,,,,,,,,,
1,3,63,interview,6,no,--,,,,,,,,,
1,3,63,"yesterday,",7,no,--,,,,,,,,,
1,3,63,but,8,no,--,,,,,,,,,
1,3,63,there,9,no,--,,,,,,,,,
1,3,63,was,10,no,--,,,,,,,,,
1,3,63,no,11,no,--,,,,,,,,,
1,3,63,answer.,12,no,--,,,,,,,,,
1,3,62,James,0,yes,--,,,,,,,,,
1,3,62,will,1,yes,--,,,,,,,,,
1,3,62,fix,2,yes,--,,,,,,,,,
1,3,62,the,3,yes,--,,,,,,,,,
1,3,62,car,4,yes,--,,,,,,,,,
1,3,62,he,5,yes,--,,,,,,,,,
1,3,62,drove,6,yes,--,,,,,,,,,
1,3,62,"tomorrow,",7,yes,--,,,,,,,,,
1,3,62,but,8,yes,--,,,,,,,,,
1,3,62,he,9,yes,--,,,,,,,,,
1,3,62,will,10,yes,--,,,,,,,,,
1,3,62,need,11,yes,--,,,,,,,,,
1,3,62,some,12,yes,--,,,,,,,,,
1,3,62,help.,13,yes,--,,,,,,,,,
1,3,61,Linda,0,no,--,,,,,,,,,
1,3,61,will,1,no,--,,,,,,,,,
1,3,61,wear,2,no,--,,,,,,,,,
1,3,61,the,3,no,--,,,,,,,,,
1,3,61,sweater,4,no,--,,,,,,,,,
1,3,61,she,5,no,--,,,,,,,,,
1,3,61,washed,6,no,--,,,,,,,,,
1,3,61,"tomorrow,",7,no,--,,,,,,,,,
1,3,61,but,8,no,--,,,,,,,,,
1,3,61,she,9,no,--,,,,,,,,,
1,3,61,won't,10,no,--,,,,,,,,,
1,3,61,wear,11,no,--,,,,,,,,,
1,3,61,her,12,no,--,,,,,,,,,
1,3,61,skirt.,13,no,--,,,,,,,,,
1,1,40,The,0,yes,--,,,,,,,,,
1,1,40,customer,1,yes,--,,,,,,,,,
1,1,40,complained,2,yes,--,,,,,,,,,
1,1,40,about,3,yes,--,,,,,,,,,
1,1,40,the,4,yes,--,,,,,,,,,
1,1,40,waiter,5,yes,--,,,,,,,,,
1,1,40,and,6,yes,--,,,,,,,,,
1,1,40,the,7,yes,--,,,,,,,,,
1,1,40,chef,8,yes,--,,,,,,,,,
1,1,40,gave,9,yes,--,,,,,,,,,
1,1,40,him,10,yes,--,,,,,,,,,
1,1,40,a,11,yes,--,,,,,,,,,
1,1,40,free,12,yes,--,,,,,,,,,
1,1,40,dessert.,13,yes,--,,,,,,,,,
1,1,39,The,0,no,--,,,,,,,,,
1,1,39,woman,1,no,--,,,,,,,,,
1,1,39,could,2,no,--,,,,,,,,,
1,1,39,not,3,no,--,,,,,,,,,
1,1,39,find,4,no,--,,,,,,,,,
1,1,39,Bill,5,no,--,,,,,,,,,
1,1,39,and,6,no,--,,,,,,,,,
1,1,39,his,7,no,--,,,,,,,,,
1,1,39,girlfriend,8,no,--,,,,,,,,,
1,1,39,became,9,no,--,,,,,,,,,
1,1,39,nervous,10,no,--,,,,,,,,,
1,1,39,and,11,no,--,,,,,,,,,
1,1,39,upset.,12,no,--,,,,,,,,,
1,1,38,Bobby,0,yes,--,,,,,,,,,
1,1,38,yelled,1,yes,--,,,,,,,,,
1,1,38,at,2,yes,--,,,,,,,,,
1,1,38,the,3,yes,--,,,,,,,,,
1,1,38,teacher,4,yes,--,,,,,,,,,
1,1,38,and,5,yes,--,,,,,,,,,
1,1,38,the,6,yes,--,,,,,,,,,
1,1,38,principal,7,yes,--,,,,,,,,,
1,1,38,asked,8,yes,--,,,,,,,,,
1,1,38,his,9,yes,--,,,,,,,,,
1,1,38,parents,10,yes,--,,,,,,,,,
1,1,38,for,11,yes,--,,,,,,,,,
1,1,38,a,12,yes,--,,,,,,,,,
1,1,38,meeting.,13,yes,--,,,,,,,,,
1,1,37,The,0,yes,--,,,,,,,,,
1,1,37,teacher,1,yes,--,,,,,,,,,
1,1,37,praised,2,yes,--,,,,,,,,,
1,1,37,the,3,yes,--,,,,,,,,,
1,1,37,girl,4,yes,--,,,,,,,,,
1,1,37,and,5,yes,--,,,,,,,,,
1,1,37,her,6,yes,--,,,,,,,,,
1,1,37,family,7,yes,--,,,,,,,,,
1,1,37,was,8,yes,--,,,,,,,,,
1,1,37,proud,9,yes,--,,,,,,,,,
1,1,37,of,10,yes,--,,,,,,,,,
1,1,37,her,11,yes,--,,,,,,,,,
1,1,37,good,12,yes,--,,,,,,,,,
1,1,37,grades.,13,yes,--,,,,,,,,,
1,5,16,The,0,yes,--,,,,,,,,,
1,5,16,grandfather,1,yes,--,,,,,,,,,
1,5,16,of,2,yes,--,,,,,,,,,
1,5,16,the,3,yes,--,,,,,,,,,
1,5,16,policewoman,4,yes,--,,,,,,,,,
1,5,16,who,5,yes,--,,,,,,,,,
1,5,16,treated,6,yes,--,,,,,,,,,
1,5,16,himself,7,yes,--,,,,,,,,,
1,5,16,so,8,yes,--,,,,,,,,,
1,5,16,badly,9,yes,--,,,,,,,,,
1,5,16,was,10,yes,--,,,,,,,,,
1,5,16,troubled.,11,yes,--,,,,,,,,,
1,5,15,The,0,yes,--,,,,,,,,,
1,5,15,nephew,1,yes,--,,,,,,,,,
1,5,15,of,2,yes,--,,,,,,,,,
1,5,15,the,3,yes,--,,,,,,,,,
1,5,15,maid,4,yes,--,,,,,,,,,
1,5,15,who,5,yes,--,,,,,,,,,
1,5,15,cut,6,yes,--,,,,,,,,,
1,5,15,himself,7,yes,--,,,,,,,,,
1,5,15,with,8,yes,--,,,,,,,,,
1,5,15,the,9,yes,--,,,,,,,,,
1,5,15,knife,10,yes,--,,,,,,,,,
1,5,15,called,11,yes,--,,,,,,,,,
1,5,15,the,12,yes,--,,,,,,,,,
1,5,15,doctor.,13,yes,--,,,,,,,,,
1,5,14,The,0,no,--,,,,,,,,,
1,5,14,brother,1,no,--,,,,,,,,,
1,5,14,of,2,no,--,,,,,,,,,
1,5,14,the,3,no,--,,,,,,,,,
1,5,14,ballerina,4,no,--,,,,,,,,,
1,5,14,who,5,no,--,,,,,,,,,
1,5,14,found,6,no,--,,,,,,,,,
1,5,14,himself,7,no,--,,,,,,,,,
1,5,14,in,8,no,--,,,,,,,,,
1,5,14,a,9,no,--,,,,,,,,,
1,5,14,lot,10,no,--,,,,,,,,,
1,5,14,of,11,no,--,,,,,,,,,
1,5,14,trouble,12,no,--,,,,,,,,,
1,5,14,phoned,13,no,--,,,,,,,,,
1,5,14,home.,14,no,--,,,,,,,,,
1,5,13,The,0,no,--,,,,,,,,,
1,5,13,son,1,no,--,,,,,,,,,
1,5,13,of,2,no,--,,,,,,,,,
1,5,13,the,3,no,--,,,,,,,,,
1,5,13,princess,4,no,--,,,,,,,,,
1,5,13,who,5,no,--,,,,,,,,,
1,5,13,scratched,6,no,--,,,,,,,,,
1,5,13,himself,7,no,--,,,,,,,,,
1,5,13,in,8,no,--,,,,,,,,,
1,5,13,public,9,no,--,,,,,,,,,
1,5,13,was,10,no,--,,,,,,,,,
1,5,13,awfully,11,no,--,,,,,,,,,
1,5,13,embarrassed.,12,no,--,,,,,,,,,
1,4,71,Bob,0,no,--,,,,,,,,,
1,4,71,will,1,no,--,,,,,,,,,
1,4,71,complete,2,no,--,,,,,,,,,
1,4,71,the,3,no,--,,,,,,,,,
1,4,71,project,4,no,--,,,,,,,,,
1,4,71,he,5,no,--,,,,,,,,,
1,4,71,started,6,no,--,,,,,,,,,
1,4,71,last,7,no,--,,,,,,,,,
1,4,71,"month,",8,no,--,,,,,,,,,
1,4,71,but,9,no,--,,,,,,,,,
1,4,71,Fred,10,no,--,,,,,,,,,
1,4,71,won't,11,no,--,,,,,,,,,
1,4,71,finish,12,no,--,,,,,,,,,
1,4,71,his.,13,no,--,,,,,,,,,
1,4,70,John,0,yes,--,,,,,,,,,
1,4,70,hired,1,yes,--,,,,,,,,,
1,4,70,the,2,yes,--,,,,,,,,,
1,4,70,clerk,3,yes,--,,,,,,,,,
1,4,70,he,4,yes,--,,,,,,,,,
1,4,70,will,5,yes,--,,,,,,,,,
1,4,70,promote,6,yes,--,,,,,,,,,
1,4,70,next,7,yes,--,,,,,,,,,
1,4,70,"month,",8,yes,--,,,,,,,,,
1,4,70,but,9,yes,--,,,,,,,,,
1,4,70,he,10,yes,--,,,,,,,,,
1,4,70,fired,11,yes,--,,,,,,,,,
1,4,70,another,12,yes,--,,,,,,,,,
1,4,70,employee.,13,yes,--,,,,,,,,,
1,4,69,Jim,0,yes,--,,,,,,,,,
1,4,69,painted,1,yes,--,,,,,,,,,
1,4,69,the,2,yes,--,,,,,,,,,
1,4,69,picture,3,yes,--,,,,,,,,,
1,4,69,he,4,yes,--,,,,,,,,,
1,4,69,will,5,yes,--,,,,,,,,,
1,4,69,display,6,yes,--,,,,,,,,,
1,4,69,next,7,yes,--,,,,,,,,,
1,4,69,"month,",8,yes,--,,,,,,,,,
1,4,69,but,9,yes,--,,,,,,,,,
1,4,69,he,10,yes,--,,,,,,,,,
1,4,69,isn't,11,yes,--,,,,,,,,,
1,4,69,happy,12,yes,--,,,,,,,,,
1,4,69,with,13,yes,--,,,,,,,,,
1,4,69,it.,14,yes,--,,,,,,,,,
1,4,68,Cathy,0,no,--,,,,,,,,,
1,4,68,will,1,no,--,,,,,,,,,
1,4,68,burn,2,no,--,,,,,,,,,
1,4,68,the,3,no,--,,,,,,,,,
1,4,68,wood,4,no,--,,,,,,,,,
1,4,68,she,5,no,--,,,,,,,,,
1,4,68,gathered,6,no,--,,,,,,,,,
1,4,68,last,7,no,--,,,,,,,,,
1,4,68,"week,",8,no,--,,,,,,,,,
1,4,68,but,9,no,--,,,,,,,,,
1,4,68,she,10,no,--,,,,,,,,,
1,4,68,will,11,no,--,,,,,,,,,
1,4,68,save,12,no,--,,,,,,,,,
1,4,68,some,13,no,--,,,,,,,,,
1,4,68,of,14,no,--,,,,,,,,,
1,4,68,it.,15,no,--,,,,,,,,,
1,4,67,Mark,0,yes,--,,,,,,,,,
1,4,67,will,1,yes,--,,,,,,,,,
1,4,67,answer,2,yes,--,,,,,,,,,
1,4,67,the,3,yes,--,,,,,,,,,
1,4,67,email,4,yes,--,,,,,,,,,
1,4,67,he,5,yes,--,,,,,,,,,
1,4,67,got,6,yes,--,,,,,,,,,
1,4,67,last,7,yes,--,,,,,,,,,
1,4,67,"week,",8,yes,--,,,,,,,,,
1,4,67,but,9,yes,--,,,,,,,,,
1,4,67,he,10,yes,--,,,,,,,,,
1,4,67,doesn't,11,yes,--,,,,,,,,,
1,4,67,know,12,yes,--,,,,,,,,,
1,4,67,what,13,yes,--,,,,,,,,,
1,4,67,to,14,yes,--,,,,,,,,,
1,4,67,write.,15,yes,--,,,,,,,,,
1,4,66,Chris,0,yes,--,,,,,,,,,
1,4,66,cleaned,1,yes,--,,,,,,,,,
1,4,66,the,2,yes,--,,,,,,,,,
1,4,66,bookcase,3,yes,--,,,,,,,,,
1,4,66,he,4,yes,--,,,,,,,,,
1,4,66,will,5,yes,--,,,,,,,,,
1,4,66,sell,6,yes,--,,,,,,,,,
1,4,66,next,7,yes,--,,,,,,,,,
1,4,66,"week,",8,yes,--,,,,,,,,,
1,4,66,but,9,yes,--,,,,,,,,,
1,4,66,it,10,yes,--,,,,,,,,,
1,4,66,is,11,yes,--,,,,,,,,,
1,4,66,still,12,yes,--,,,,,,,,,
1,4,66,very,13,yes,--,,,,,,,,,
1,4,66,dusty.,14,yes,--,,,,,,,,,
1,4,65,Susan,0,no,--,,,,,,,,,
1,4,65,bought,1,no,--,,,,,,,,,
1,4,65,the,2,no,--,,,,,,,,,
1,4,65,wine,3,no,--,,,,,,,,,
1,4,65,she,4,no,--,,,,,,,,,
1,4,65,will,5,no,--,,,,,,,,,
1,4,65,drink,6,no,--,,,,,,,,,
1,4,65,next,7,no,--,,,,,,,,,
1,4,65,"week,",8,no,--,,,,,,,,,
1,4,65,but,9,no,--,,,,,,,,,
1,4,65,she,10,no,--,,,,,,,,,
1,4,65,didn't,11,no,--,,,,,,,,,
1,4,65,buy,12,no,--,,,,,,,,,
1,4,65,any,13,no,--,,,,,,,,,
1,4,65,cheese.,14,no,--,,,,,,,,,
1,3,60,Amy,0,yes,--,,,,,,,,,
1,3,60,will,1,yes,--,,,,,,,,,
1,3,60,visit,2,yes,--,,,,,,,,,
1,3,60,the,3,yes,--,,,,,,,,,
1,3,60,man,4,yes,--,,,,,,,,,
1,3,60,she,5,yes,--,,,,,,,,,
1,3,60,worked,6,yes,--,,,,,,,,,
1,3,60,with,7,yes,--,,,,,,,,,
1,3,60,next,8,yes,--,,,,,,,,,
1,3,60,"month,",9,yes,--,,,,,,,,,
1,3,60,but,10,yes,--,,,,,,,,,
1,3,60,she,11,yes,--,,,,,,,,,
1,3,60,is,12,yes,--,,,,,,,,,
1,3,60,nervous,13,yes,--,,,,,,,,,
1,3,60,about,14,yes,--,,,,,,,,,
1,3,60,it.,15,yes,--,,,,,,,,,
1,3,59,Paul,0,yes,--,,,,,,,,,
1,3,59,will,1,yes,--,,,,,,,,,
1,3,59,marry,2,yes,--,,,,,,,,,
1,3,59,the,3,yes,--,,,,,,,,,
1,3,59,woman,4,yes,--,,,,,,,,,
1,3,59,he,5,yes,--,,,,,,,,,
1,3,59,just,6,yes,--,,,,,,,,,
1,3,59,met,7,yes,--,,,,,,,,,
1,3,59,next,8,yes,--,,,,,,,,,
1,3,59,"month,",9,yes,--,,,,,,,,,
1,3,59,but,10,yes,--,,,,,,,,,
1,3,59,the,11,yes,--,,,,,,,,,
1,3,59,wedding,12,yes,--,,,,,,,,,
1,3,59,will,13,yes,--,,,,,,,,,
1,3,59,be,14,yes,--,,,,,,,,,
1,3,59,small.,15,yes,--,,,,,,,,,
1,3,58,Dan,0,no,--,,,,,,,,,
1,3,58,wrote,1,no,--,,,,,,,,,
1,3,58,the,2,no,--,,,,,,,,,
1,3,58,speech,3,no,--,,,,,,,,,
1,3,58,he,4,no,--,,,,,,,,,
1,3,58,will,5,no,--,,,,,,,,,
1,3,58,deliver,6,no,--,,,,,,,,,
1,3,58,last,7,no,--,,,,,,,,,
1,3,58,"month,",8,no,--,,,,,,,,,
1,3,58,but,9,no,--,,,,,,,,,
1,3,58,he,10,no,--,,,,,,,,,
1,3,58,hasn't,11,no,--,,,,,,,,,
1,3,58,practiced,12,no,--,,,,,,,,,
1,3,58,it,13,no,--,,,,,,,,,
1,3,58,yet.,14,no,--,,,,,,,,,
1,2,48,The,0,no,--,,,,,,,,,
1,2,48,witness,1,no,--,,,,,,,,,
1,2,48,identified,2,no,--,,,,,,,,,
1,2,48,the,3,no,--,,,,,,,,,
1,2,48,"man,",4,no,--,,,,,,,,,
1,2,48,and,5,no,--,,,,,,,,,
1,2,48,his,6,no,--,,,,,,,,,
1,2,48,wife,7,no,--,,,,,,,,,
1,2,48,ran,8,no,--,,,,,,,,,
1,2,48,away,9,no,--,,,,,,,,,
1,2,48,from,10,no,--,,,,,,,,,
1,2,48,the,11,no,--,,,,,,,,,
1,2,48,police,12,no,--,,,,,,,,,
1,2,48,station.,13,no,--,,,,,,,,,
1,2,47,Jenny,0,no,--,,,,,,,,,
1,2,47,talked,1,no,--,,,,,,,,,
1,2,47,to,2,no,--,,,,,,,,,
1,2,47,the,3,no,--,,,,,,,,,
1,2,47,"reporter,",4,no,--,,,,,,,,,
1,2,47,and,5,no,--,,,,,,,,,
1,2,47,the,6,no,--,,,,,,,,,
1,2,47,photographer,7,no,--,,,,,,,,,
1,2,47,took,8,no,--,,,,,,,,,
1,2,47,pictures,9,no,--,,,,,,,,,
1,2,47,of,10,no,--,,,,,,,,,
1,2,47,the,11,no,--,,,,,,,,,
1,2,47,scene.,12,no,--,,,,,,,,,
1,2,46,The,0,yes,--,,,,,,,,,
1,2,46,robber,1,yes,--,,,,,,,,,
1,2,46,shot,2,yes,--,,,,,,,,,
1,2,46,the,3,yes,--,,,,,,,,,
1,2,46,"jeweler,",4,yes,--,,,,,,,,,
1,2,46,and,5,yes,--,,,,,,,,,
1,2,46,the,6,yes,--,,,,,,,,,
1,2,46,salesman,7,yes,--,,,,,,,,,
1,2,46,reported,8,yes,--,,,,,,,,,
1,2,46,the,9,yes,--,,,,,,,,,
1,2,46,crime,10,yes,--,,,,,,,,,
1,2,46,to,11,yes,--,,,,,,,,,
1,2,46,the,12,yes,--,,,,,,,,,
1,2,46,police.,13,yes,--,,,,,,,,,
1,2,45,The,0,yes,--,,,,,,,,,
1,2,45,journalist,1,yes,--,,,,,,,,,
1,2,45,criticized,2,yes,--,,,,,,,,,
1,2,45,"Nick,",3,yes,--,,,,,,,,,
1,2,45,and,4,yes,--,,,,,,,,,
1,2,45,Sam,5,yes,--,,,,,,,,,
1,2,45,called,6,yes,--,,,,,,,,,
1,2,45,the,7,yes,--,,,,,,,,,
1,2,45,newspaper,8,yes,--,,,,,,,,,
1,2,45,to,9,yes,--,,,,,,,,,
1,2,45,complain.,10,yes,--,,,,,,,,,
1,2,44,The,0,no,--,,,,,,,,,
1,2,44,actress,1,no,--,,,,,,,,,
1,2,44,yelled,2,no,--,,,,,,,,,
1,2,44,at,3,no,--,,,,,,,,,
1,2,44,the,4,no,--,,,,,,,,,
1,2,44,"cameraman,",5,no,--,,,,,,,,,
1,2,44,and,6,no,--,,,,,,,,,
1,2,44,the,7,no,--,,,,,,,,,
1,2,44,director,8,no,--,,,,,,,,,
1,2,44,hurried,9,no,--,,,,,,,,,
1,2,44,out,10,no,--,,,,,,,,,
1,2,44,of,11,no,--,,,,,,,,,
1,2,44,the,12,no,--,,,,,,,,,
1,2,44,room.,13,no,--,,,,,,,,,
1,2,43,Sam,0,yes,--,,,,,,,,,
1,2,43,hired,1,yes,--,,,,,,,,,
1,2,43,the,2,yes,--,,,,,,,,,
1,2,43,"plumber,",3,yes,--,,,,,,,,,
1,2,43,and,4,yes,--,,,,,,,,,
1,2,43,the,5,yes,--,,,,,,,,,
1,2,43,carpenter,6,yes,--,,,,,,,,,
1,2,43,ordered,7,yes,--,,,,,,,,,
1,2,43,the,8,yes,--,,,,,,,,,
1,2,43,materials,9,yes,--,,,,,,,,,
1,2,43,for,10,yes,--,,,,,,,,,
1,2,43,the,11,yes,--,,,,,,,,,
1,2,43,house.,12,yes,--,,,,,,,,,
1,2,42,The,0,yes,--,,,,,,,,,
1,2,42,police,1,yes,--,,,,,,,,,
1,2,42,arrested,2,yes,--,,,,,,,,,
1,2,42,the,3,yes,--,,,,,,,,,
1,2,42,"burglar,",4,yes,--,,,,,,,,,
1,2,42,and,5,yes,--,,,,,,,,,
1,2,42,his,6,yes,--,,,,,,,,,
1,2,42,brother,7,yes,--,,,,,,,,,
1,2,42,phoned,8,yes,--,,,,,,,,,
1,2,42,a,9,yes,--,,,,,,,,,
1,2,42,lawyer,10,yes,--,,,,,,,,,
1,2,42,for,11,yes,--,,,,,,,,,
1,2,42,help.,12,yes,--,,,,,,,,,
1,2,41,The,0,no,--,,,,,,,,,
1,2,41,knight,1,no,--,,,,,,,,,
1,2,41,greeted,2,no,--,,,,,,,,,
1,2,41,the,3,no,--,,,,,,,,,
1,2,41,"king,",4,no,--,,,,,,,,,
1,2,41,and,5,no,--,,,,,,,,,
1,2,41,the,6,no,--,,,,,,,,,
1,2,41,queen,7,no,--,,,,,,,,,
1,2,41,waved,8,no,--,,,,,,,,,
1,2,41,to,9,no,--,,,,,,,,,
1,2,41,her,10,no,--,,,,,,,,,
1,2,41,people,11,no,--,,,,,,,,,
1,2,41,at,12,no,--,,,,,,,,,
1,2,41,the,13,no,--,,,,,,,,,
1,2,41,feast.,14,no,--,,,,,,,,,
1,1,36,The,0,yes,--,,,,,,,,,
1,1,36,crowd,1,yes,--,,,,,,,,,
1,1,36,cheered,2,yes,--,,,,,,,,,
1,1,36,for,3,yes,--,,,,,,,,,
1,1,36,the,4,yes,--,,,,,,,,,
1,1,36,model,5,yes,--,,,,,,,,,
1,1,36,and,6,yes,--,,,,,,,,,
1,1,36,the,7,yes,--,,,,,,,,,
1,1,36,designer,8,yes,--,,,,,,,,,
1,1,36,took,9,yes,--,,,,,,,,,
1,1,36,a,10,yes,--,,,,,,,,,
1,1,36,bow,11,yes,--,,,,,,,,,
1,1,36,after,12,yes,--,,,,,,,,,
1,1,36,the,13,yes,--,,,,,,,,,
1,1,36,show.,14,yes,--,,,,,,,,,
1,1,35,The,0,no,--,,,,,,,,,
1,1,35,juggler,1,no,--,,,,,,,,,
1,1,35,entertained,2,no,--,,,,,,,,,
1,1,35,the,3,no,--,,,,,,,,,
1,1,35,children,4,no,--,,,,,,,,,
1,1,35,and,5,no,--,,,,,,,,,
1,1,35,their,6,no,--,,,,,,,,,
1,1,35,parents,7,no,--,,,,,,,,,
1,1,35,drank,8,no,--,,,,,,,,,
1,1,35,wine,9,no,--,,,,,,,,,
1,1,35,at,10,no,--,,,,,,,,,
1,1,35,the,11,no,--,,,,,,,,,
1,1,35,party.,12,no,--,,,,,,,,,
1,1,34,The,0,no,--,,,,,,,,,
1,1,34,woman,1,no,--,,,,,,,,,
1,1,34,dressed,2,no,--,,,,,,,,,
1,1,34,her,3,no,--,,,,,,,,,
1,1,34,baby,4,no,--,,,,,,,,,
1,1,34,and,5,no,--,,,,,,,,,
1,1,34,her,6,no,--,,,,,,,,,
1,1,34,son,7,no,--,,,,,,,,,
1,1,34,got,8,no,--,,,,,,,,,
1,1,34,his,9,no,--,,,,,,,,,
1,1,34,clothes,10,no,--,,,,,,,,,
1,1,34,from,11,no,--,,,,,,,,,
1,1,34,the,12,no,--,,,,,,,,,
1,1,34,dresser.,13,no,--,,,,,,,,,
1,1,33,Diane,0,yes,--,,,,,,,,,
1,1,33,hugged,1,yes,--,,,,,,,,,
1,1,33,her,2,yes,--,,,,,,,,,
1,1,33,boyfriend,3,yes,--,,,,,,,,,
1,1,33,and,4,yes,--,,,,,,,,,
1,1,33,her,5,yes,--,,,,,,,,,
1,1,33,friend,6,yes,--,,,,,,,,,
1,1,33,felt,7,yes,--,,,,,,,,,
1,1,33,uncomfortable,8,yes,--,,,,,,,,,
1,1,33,watching,9,yes,--,,,,,,,,,
1,1,33,them.,10,yes,--,,,,,,,,,
1,3,57,Jeff,0,no,--,,,,,,,,,
1,3,57,planned,1,no,--,,,,,,,,,
1,3,57,the,2,no,--,,,,,,,,,
1,3,57,party,3,no,--,,,,,,,,,
1,3,57,he,4,no,--,,,,,,,,,
1,3,57,will,5,no,--,,,,,,,,,
1,3,57,hold,6,no,--,,,,,,,,,
1,3,57,last,7,no,--,,,,,,,,,
1,3,57,"month,",8,no,--,,,,,,,,,
1,3,57,but,9,no,--,,,,,,,,,
1,3,57,he,10,no,--,,,,,,,,,
1,3,57,hasn't,11,no,--,,,,,,,,,
1,3,57,sent,12,no,--,,,,,,,,,
1,3,57,invitations.,13,no,--,,,,,,,,,
1,6,24,The,0,no,--,,,,,,,,,
1,6,24,niece,1,no,--,,,,,,,,,
1,6,24,of,2,no,--,,,,,,,,,
1,6,24,the,3,no,--,,,,,,,,,
1,6,24,butler,4,no,--,,,,,,,,,
1,6,24,who,5,no,--,,,,,,,,,
1,6,24,scolded,6,no,--,,,,,,,,,
1,6,24,himself,7,no,--,,,,,,,,,
1,6,24,for,8,no,--,,,,,,,,,
1,6,24,losing,9,no,--,,,,,,,,,
1,6,24,the,10,no,--,,,,,,,,,
1,6,24,key,11,no,--,,,,,,,,,
1,6,24,was,12,no,--,,,,,,,,,
1,6,24,very,13,no,--,,,,,,,,,
1,6,24,upset.,14,no,--,,,,,,,,,
1,6,23,The,0,no,--,,,,,,,,,
1,6,23,aunt,1,no,--,,,,,,,,,
1,6,23,of,2,no,--,,,,,,,,,
1,6,23,the,3,no,--,,,,,,,,,
1,6,23,waiter,4,no,--,,,,,,,,,
1,6,23,who,5,no,--,,,,,,,,,
1,6,23,trained,6,no,--,,,,,,,,,
1,6,23,himself,7,no,--,,,,,,,,,
1,6,23,to,8,no,--,,,,,,,,,
1,6,23,cook,9,no,--,,,,,,,,,
1,6,23,wanted,10,no,--,,,,,,,,,
1,6,23,to,11,no,--,,,,,,,,,
1,6,23,own,12,no,--,,,,,,,,,
1,6,23,a,13,no,--,,,,,,,,,
1,6,23,restaurant.,14,no,--,,,,,,,,,
1,6,22,The,0,yes,--,,,,,,,,,
1,6,22,sister,1,yes,--,,,,,,,,,
1,6,22,of,2,yes,--,,,,,,,,,
1,6,22,the,3,yes,--,,,,,,,,,
1,6,22,boy,4,yes,--,,,,,,,,,
1,6,22,who,5,yes,--,,,,,,,,,
1,6,22,taught,6,yes,--,,,,,,,,,
1,6,22,himself,7,yes,--,,,,,,,,,
1,6,22,advanced,8,yes,--,,,,,,,,,
1,6,22,mathematics,9,yes,--,,,,,,,,,
1,6,22,was,10,yes,--,,,,,,,,,
1,6,22,very,11,yes,--,,,,,,,,,
1,6,22,smart.,12,yes,--,,,,,,,,,
1,6,21,The,0,no,--,,,,,,,,,
1,6,21,daughter,1,no,--,,,,,,,,,
1,6,21,of,2,no,--,,,,,,,,,
1,6,21,the,3,no,--,,,,,,,,,
1,6,21,king,4,no,--,,,,,,,,,
1,6,21,who,5,no,--,,,,,,,,,
1,6,21,devoted,6,no,--,,,,,,,,,
1,6,21,himself,7,no,--,,,,,,,,,
1,6,21,to,8,no,--,,,,,,,,,
1,6,21,the,9,no,--,,,,,,,,,
1,6,21,kingdom,10,no,--,,,,,,,,,
1,6,21,was,11,no,--,,,,,,,,,
1,6,21,never,12,no,--,,,,,,,,,
1,6,21,emotional.,13,no,--,,,,,,,,,
1,6,20,The,0,yes,--,,,,,,,,,
1,6,20,niece,1,yes,--,,,,,,,,,
1,6,20,of,2,yes,--,,,,,,,,,
1,6,20,the,3,yes,--,,,,,,,,,
1,6,20,fisherman,4,yes,--,,,,,,,,,
1,6,20,who,5,yes,--,,,,,,,,,
1,6,20,got,6,yes,--,,,,,,,,,
1,6,20,himself,7,yes,--,,,,,,,,,
1,6,20,a,8,yes,--,,,,,,,,,
1,6,20,sailboat,9,yes,--,,,,,,,,,
1,6,20,learned,10,yes,--,,,,,,,,,
1,6,20,to,11,yes,--,,,,,,,,,
1,6,20,sail.,12,yes,--,,,,,,,,,
1,6,19,The,0,yes,--,,,,,,,,,
1,6,19,grandma,1,yes,--,,,,,,,,,
1,6,19,of,2,yes,--,,,,,,,,,
1,6,19,the,3,yes,--,,,,,,,,,
1,6,19,policeman,4,yes,--,,,,,,,,,
1,6,19,who,5,yes,--,,,,,,,,,
1,6,19,educated,6,yes,--,,,,,,,,,
1,6,19,himself,7,yes,--,,,,,,,,,
1,6,19,at,8,yes,--,,,,,,,,,
1,6,19,night,9,yes,--,,,,,,,,,
1,6,19,became,10,yes,--,,,,,,,,,
1,6,19,a,11,yes,--,,,,,,,,,
1,6,19,teacher.,12,yes,--,,,,,,,,,
1,6,18,The,0,yes,--,,,,,,,,,
1,6,18,uncle,1,yes,--,,,,,,,,,
1,6,18,of,2,yes,--,,,,,,,,,
1,6,18,the,3,yes,--,,,,,,,,,
1,6,18,girl,4,yes,--,,,,,,,,,
1,6,18,who,5,yes,--,,,,,,,,,
1,6,18,prepared,6,yes,--,,,,,,,,,
1,6,18,herself,7,yes,--,,,,,,,,,
1,6,18,for,8,yes,--,,,,,,,,,
1,6,18,the,9,yes,--,,,,,,,,,
1,6,18,race,10,yes,--,,,,,,,,,
1,6,18,was,11,yes,--,,,,,,,,,
1,6,18,a,12,yes,--,,,,,,,,,
1,6,18,great,13,yes,--,,,,,,,,,
1,6,18,athlete.,14,yes,--,,,,,,,,,
1,6,17,The,0,no,--,,,,,,,,,
1,6,17,nephew,1,no,--,,,,,,,,,
1,6,17,of,2,no,--,,,,,,,,,
1,6,17,the,3,no,--,,,,,,,,,
1,6,17,queen,4,no,--,,,,,,,,,
1,6,17,who,5,no,--,,,,,,,,,
1,6,17,praised,6,no,--,,,,,,,,,
1,6,17,herself,7,no,--,,,,,,,,,
1,6,17,all,8,no,--,,,,,,,,,
1,6,17,the,9,no,--,,,,,,,,,
1,6,17,time,10,no,--,,,,,,,,,
1,6,17,was,11,no,--,,,,,,,,,
1,6,17,very,12,no,--,,,,,,,,,
1,6,17,rude.,13,no,--,,,,,,,,,
1,5,12,The,0,no,--,,,,,,,,,
1,5,12,sister,1,no,--,,,,,,,,,
1,5,12,of,2,no,--,,,,,,,,,
1,5,12,the,3,no,--,,,,,,,,,
1,5,12,prince,4,no,--,,,,,,,,,
1,5,12,who,5,no,--,,,,,,,,,
1,5,12,injured,6,no,--,,,,,,,,,
1,5,12,hrself,7,no,--,,,,,,,,,
1,5,12,falling,8,no,--,,,,,,,,,
1,5,12,off,9,no,--,,,,,,,,,
1,5,12,a,10,no,--,,,,,,,,,
1,5,12,roof,11,no,--,,,,,,,,,
1,5,12,was,12,no,--,,,,,,,,,
1,5,12,still,13,no,--,,,,,,,,,
1,5,12,sad.,14,no,--,,,,,,,,,
1,5,11,The,0,no,--,,,,,,,,,
1,5,11,daughter,1,no,--,,,,,,,,,
1,5,11,of,2,no,--,,,,,,,,,
1,5,11,the,3,no,--,,,,,,,,,
1,5,11,actor,4,no,--,,,,,,,,,
1,5,11,who,5,no,--,,,,,,,,,
1,5,11,hated,6,no,--,,,,,,,,,
1,5,11,herself,7,no,--,,,,,,,,,
1,5,11,for,8,no,--,,,,,,,,,
1,5,11,failing,9,no,--,,,,,,,,,
1,5,11,always,10,no,--,,,,,,,,,
1,5,11,seemed,11,no,--,,,,,,,,,
1,5,11,unhappy.,12,no,--,,,,,,,,,
1,5,10,The,0,yes,--,,,,,,,,,
1,5,10,sister,1,yes,--,,,,,,,,,
1,5,10,of,2,yes,--,,,,,,,,,
1,5,10,the,3,yes,--,,,,,,,,,
1,5,10,salesman,4,yes,--,,,,,,,,,
1,5,10,who,5,yes,--,,,,,,,,,
1,5,10,made,6,yes,--,,,,,,,,,
1,5,10,a,7,yes,--,,,,,,,,,
1,5,10,fool,8,yes,--,,,,,,,,,
1,5,10,of,9,yes,--,,,,,,,,,
1,5,10,herself,10,yes,--,,,,,,,,,
1,5,10,at,11,yes,--,,,,,,,,,
1,5,10,work,12,yes,--,,,,,,,,,
1,5,10,was,13,yes,--,,,,,,,,,
1,5,10,very,14,yes,--,,,,,,,,,
1,5,10,angry.,15,yes,--,,,,,,,,,
1,5,9,The,0,yes,--,,,,,,,,,
1,5,9,daughter,1,yes,--,,,,,,,,,
1,5,9,of,2,yes,--,,,,,,,,,
1,5,9,the,3,yes,--,,,,,,,,,
1,5,9,man,4,yes,--,,,,,,,,,
1,5,9,who,5,yes,--,,,,,,,,,
1,5,9,complimented,6,yes,--,,,,,,,,,
1,5,9,herself,7,yes,--,,,,,,,,,
1,5,9,in,8,yes,--,,,,,,,,,
1,5,9,public,9,yes,--,,,,,,,,,
1,5,9,was,10,yes,--,,,,,,,,,
1,5,9,beautiful.,11,yes,--,,,,,,,,,
1,8,126,Judy,0,yes,--,,,,,,,,,
1,8,126,cooked,1,yes,--,,,,,,,,,
1,8,126,in,2,yes,--,,,,,,,,,
1,8,126,the,3,yes,--,,,,,,,,,
1,8,126,"kitchen,",4,yes,--,,,,,,,,,
1,8,126,and,5,yes,--,,,,,,,,,
1,8,126,Richard,6,yes,--,,,,,,,,,
1,8,126,barbecued,7,yes,--,,,,,,,,,
1,8,126,outside,8,yes,--,,,,,,,,,
1,8,126,in,9,yes,--,,,,,,,,,
1,8,126,the,10,yes,--,,,,,,,,,
1,8,126,yard.,11,yes,--,,,,,,,,,
1,8,125,The,0,no,--,,,,,,,,,
1,8,125,gardener,1,no,--,,,,,,,,,
1,8,125,was,2,no,--,,,,,,,,,
1,8,125,happy,3,no,--,,,,,,,,,
1,8,125,with,4,no,--,,,,,,,,,
1,8,125,the,5,no,--,,,,,,,,,
1,8,125,"flowers,",6,no,--,,,,,,,,,
1,8,125,but,7,no,--,,,,,,,,,
1,8,125,the,8,no,--,,,,,,,,,
1,8,125,owner,9,no,--,,,,,,,,,
1,8,125,of,10,no,--,,,,,,,,,
1,8,125,the,11,no,--,,,,,,,,,
1,8,125,house,12,no,--,,,,,,,,,
1,8,125,was,13,no,--,,,,,,,,,
1,8,125,not.,14,no,--,,,,,,,,,
1,8,124,Sarah,0,no,--,,,,,,,,,
1,8,124,and,1,no,--,,,,,,,,,
1,8,124,her,2,no,--,,,,,,,,,
1,8,124,mother,3,no,--,,,,,,,,,
1,8,124,had,4,no,--,,,,,,,,,
1,8,124,"steak,",5,no,--,,,,,,,,,
1,8,124,"potatoes,",6,no,--,,,,,,,,,
1,8,124,and,7,no,--,,,,,,,,,
1,8,124,green,8,no,--,,,,,,,,,
1,8,124,beans,9,no,--,,,,,,,,,
1,8,124,for,10,no,--,,,,,,,,,
1,8,124,dinner,11,no,--,,,,,,,,,
1,8,124,last,12,no,--,,,,,,,,,
1,8,124,night.,13,no,--,,,,,,,,,
1,8,123,Margo,0,yes,--,,,,,,,,,
1,8,123,will,1,yes,--,,,,,,,,,
1,8,123,open,2,yes,--,,,,,,,,,
1,8,123,bakeries,3,yes,--,,,,,,,,,
1,8,123,in,4,yes,--,,,,,,,,,
1,8,123,Chicago,5,yes,--,,,,,,,,,
1,8,123,and,6,yes,--,,,,,,,,,
1,8,123,New,7,yes,--,,,,,,,,,
1,8,123,York,8,yes,--,,,,,,,,,
1,8,123,after,9,yes,--,,,,,,,,,
1,8,123,getting,10,yes,--,,,,,,,,,
1,8,123,a,11,yes,--,,,,,,,,,
1,8,123,loan,12,yes,--,,,,,,,,,
1,8,123,next,13,yes,--,,,,,,,,,
1,8,123,year.,14,yes,--,,,,,,,,,
1,8,122,Cindy,0,no,--,,,,,,,,,
1,8,122,treated,1,no,--,,,,,,,,,
1,8,122,herself,2,no,--,,,,,,,,,
1,8,122,to,3,no,--,,,,,,,,,
1,8,122,a,4,no,--,,,,,,,,,
1,8,122,vacation,5,no,--,,,,,,,,,
1,8,122,in,6,no,--,,,,,,,,,
1,8,122,China,7,no,--,,,,,,,,,
1,8,122,and,8,no,--,,,,,,,,,
1,8,122,several,9,no,--,,,,,,,,,
1,8,122,other,10,no,--,,,,,,,,,
1,8,122,Asian,11,no,--,,,,,,,,,
1,8,122,countries.,12,no,--,,,,,,,,,
1,8,121,The,0,no,--,,,,,,,,,
1,8,121,nurse,1,no,--,,,,,,,,,
1,8,121,took,2,no,--,,,,,,,,,
1,8,121,care,3,no,--,,,,,,,,,
1,8,121,of,4,no,--,,,,,,,,,
1,8,121,the,5,no,--,,,,,,,,,
1,8,121,old,6,no,--,,,,,,,,,
1,8,121,lady,7,no,--,,,,,,,,,
1,8,121,who,8,no,--,,,,,,,,,
1,8,121,could,9,no,--,,,,,,,,,
1,8,121,not,10,no,--,,,,,,,,,
1,8,121,take,11,no,--,,,,,,,,,
1,8,121,care,12,no,--,,,,,,,,,
1,8,121,of,13,no,--,,,,,,,,,
1,8,121,herself.,14,no,--,,,,,,,,,
1,8,120,The,0,yes,--,,,,,,,,,
1,8,120,pilot,1,yes,--,,,,,,,,,
1,8,120,will,2,yes,--,,,,,,,,,
1,8,120,fly,3,yes,--,,,,,,,,,
1,8,120,a,4,yes,--,,,,,,,,,
1,8,120,new,5,yes,--,,,,,,,,,
1,8,120,airplane,6,yes,--,,,,,,,,,
1,8,120,to,7,yes,--,,,,,,,,,
1,8,120,Europe,8,yes,--,,,,,,,,,
1,8,120,and,9,yes,--,,,,,,,,,
1,8,120,back,10,yes,--,,,,,,,,,
1,8,120,beginning,11,yes,--,,,,,,,,,
1,8,120,next,12,yes,--,,,,,,,,,
1,8,120,week.,13,yes,--,,,,,,,,,
1,8,119,Megan,0,no,--,,,,,,,,,
1,8,119,got,1,no,--,,,,,,,,,
1,8,119,angry,2,no,--,,,,,,,,,
1,8,119,with,3,no,--,,,,,,,,,
1,8,119,her,4,no,--,,,,,,,,,
1,8,119,boss,5,no,--,,,,,,,,,
1,8,119,and,6,no,--,,,,,,,,,
1,8,119,sued,7,no,--,,,,,,,,,
1,8,119,him,8,no,--,,,,,,,,,
1,8,119,for,9,no,--,,,,,,,,,
1,8,119,discrimination,10,no,--,,,,,,,,,
1,8,119,last,11,no,--,,,,,,,,,
1,8,119,month.,12,no,--,,,,,,,,,
1,4,72,Kim,0,no,--,,,,,,,,,
1,4,72,will,1,no,--,,,,,,,,,
1,4,72,display,2,no,--,,,,,,,,,
1,4,72,the,3,no,--,,,,,,,,,
1,4,72,photos,4,no,--,,,,,,,,,
1,4,72,she,5,no,--,,,,,,,,,
1,4,72,took,6,no,--,,,,,,,,,
1,4,72,last,7,no,--,,,,,,,,,
1,4,72,"month,",8,no,--,,,,,,,,,
1,4,72,but,9,no,--,,,,,,,,,
1,4,72,she,10,no,--,,,,,,,,,
1,4,72,won't,11,no,--,,,,,,,,,
1,4,72,show,12,no,--,,,,,,,,,
1,4,72,all,13,no,--,,,,,,,,,
1,4,72,of,14,no,--,,,,,,,,,
1,4,72,them.,15,no,--,,,,,,,,,
1,3,72,Kim,0,no,no,1.0,499.0,499.0,499.0,499.0,0.0,499.0,1.0,0.0
1,3,72,will,1,no,no,1.0,501.0,501.0,501.0,501.0,0.0,501.0,1.0,0.0
1,3,72,display,2,no,no,1.0,400.0,400.0,400.0,400.0,0.0,400.0,1.0,0.0
1,3,72,the,3,no,no,1.0,0.0,0.0,0.0,0.0,0.0,0.0,0.0,0.0
1,3,72,photos,4,no,no,1.0,499.0,499.0,499.0,499.0,0.0,499.0,1.0,0.0
1,3,72,she,5,no,no,1.0,101.0,101.0,101.0,101.0,0.0,101.0,1.0,0.0
1,3,72,took,6,no,no,1.0,151.0,652.0,151.0,151.0,0.0,151.0,1.0,0.0
1,3,72,next,7,no,no,1.0,200.0,348.0,200.0,200.0,0.0,200.0,1.0,0.0
1,3,72,"month,",8,no,no,1.0,449.0,449.0,449.0,449.0,0.0,1098.0,1.0,1.0
1,3,72,but,9,no,no,1.0,99.0,99.0,99.0,99.0,0.0,99.0,1.0,0.0
1,3,72,she,10,no,no,1.0,101.0,351.0,101.0,101.0,0.0,101.0,1.0,0.0
1,3,72,won't,11,no,no,1.0,249.0,249.0,249.0,249.0,0.0,499.0,1.0,1.0
1,3,72,show,12,no,no,1.0,101.0,3673.0,101.0,101.0,0.0,101.0,1.0,0.0
1,3,72,all,13,no,no,1.0,99.0,99.0,99.0,99.0,0.0,99.0,1.0,0.0
1,3,72,of,14,no,no,1.0,151.0,297.0,151.0,151.0,0.0,151.0,1.0,0.0
1,3,72,them.,15,no,no,1.0,303.0,303.0,303.0,303.0,0.0,4021.0,1.0,1.0
1,3,70,John,0,yes,yes,1.0,695.0,845.0,695.0,695.0,0.0,695.0,1.0,0.0
1,3,70,hired,1,yes,yes,1.0,250.0,400.0,250.0,250.0,0.0,250.0,1.0,0.0
1,3,70,the,2,yes,yes,1.0,200.0,301.0,200.0,200.0,0.0,200.0,1.0,0.0
1,3,70,clerk,3,yes,yes,1.0,350.0,549.0,350.0,350.0,0.0,350.0,1.0,0.0
1,3,70,he,4,yes,yes,1.0,152.0,703.0,152.0,152.0,0.0,152.0,1.0,0.0
1,3,70,will,5,yes,yes,1.0,448.0,448.0,448.0,448.0,0.0,448.0,1.0,0.0
1,3,70,promote,6,yes,yes,1.0,100.0,199.0,100.0,100.0,0.0,100.0,1.0,0.0
1,3,70,last,7,yes,yes,1.0,149.0,700.0,149.0,149.0,0.0,149.0,1.0,0.0
1,3,70,"month,",8,yes,yes,1.0,748.0,1148.0,748.0,748.0,0.0,748.0,1.0,0.0
1,3,70,but,9,yes,yes,1.0,151.0,151.0,0.0,0.0,0.0,0.0,0.0,0.0
1,3,70,he,10,yes,yes,1.0,96.0,96.0,96.0,96.0,0.0,96.0,1.0,0.0
1,3,70,fired,11,yes,yes,1.0,305.0,305.0,305.0,305.0,0.0,456.0,1.0,1.0
1,3,70,another,12,yes,yes,1.0,300.0,300.0,300.0,300.0,0.0,300.0,1.0,0.0
1,3,70,employee.,13,yes,yes,1.0,598.0,598.0,598.0,598.0,0.0,2799.0,1.0,1.0
1,3,69,Jim,0,yes,yes,1.0,399.0,399.0,399.0,399.0,0.0,399.0,1.0,0.0
1,3,69,painted,1,yes,yes,1.0,651.0,651.0,651.0,651.0,0.0,651.0,1.0,0.0
1,3,69,the,2,yes,yes,1.0,0.0,0.0,0.0,0.0,0.0,0.0,0.0,0.0
1,3,69,picture,3,yes,yes,1.0,699.0,699.0,699.0,699.0,0.0,699.0,1.0,0.0
1,3,69,he,4,yes,yes,1.0,0.0,0.0,0.0,0.0,0.0,0.0,0.0,0.0
1,3,69,will,5,yes,yes,1.0,99.0,99.0,99.0,99.0,0.0,99.0,1.0,0.0
1,3,69,display,6,yes,yes,1.0,553.0,902.0,553.0,553.0,0.0,553.0,1.0,0.0
1,3,69,last,7,yes,yes,1.0,348.0,448.0,348.0,348.0,0.0,348.0,1.0,0.0
1,3,69,"month,",8,yes,yes,1.0,1150.0,1250.0,1150.0,1250.0,0.0,1699.0,1.0,1.0
1,3,69,but,9,yes,yes,1.0,502.0,502.0,502.0,502.0,0.0,502.0,1.0,0.0
1,3,69,he,10,yes,yes,1.0,0.0,0.0,0.0,0.0,0.0,0.0,0.0,0.0
1,3,69,isn't,11,yes,yes,1.0,249.0,249.0,0.0,0.0,0.0,0.0,0.0,0.0
1,3,69,happy,12,yes,yes,1.0,348.0,348.0,348.0,348.0,0.0,597.0,1.0,1.0
1,3,69,with,13,yes,yes,1.0,0.0,0.0,0.0,0.0,0.0,0.0,0.0,0.0
1,3,69,it.,14,yes,yes,1.0,3070.0,3070.0,3070.0,3070.0,0.0,3070.0,1.0,0.0
1,3,68,Cathy,0,no,no,1.0,799.0,799.0,799.0,799.0,0.0,799.0,1.0,0.0
1,3,68,will,1,no,no,1.0,0.0,0.0,0.0,0.0,0.0,0.0,0.0,0.0
1,3,68,burn,2,no,no,1.0,498.0,498.0,498.0,498.0,0.0,498.0,1.0,0.0
1,3,68,the,3,no,no,1.0,552.0,552.0,552.0,552.0,0.0,552.0,1.0,0.0
1,3,68,wood,4,no,no,1.0,150.0,150.0,150.0,150.0,0.0,150.0,1.0,0.0
1,3,68,she,5,no,no,1.0,98.0,98.0,98.0,98.0,0.0,98.0,1.0,0.0
1,3,68,gathered,6,no,no,1.0,650.0,650.0,650.0,650.0,0.0,650.0,1.0,0.0
1,3,68,next,7,no,no,1.0,101.0,101.0,101.0,101.0,0.0,101.0,1.0,0.0
1,3,68,"week,",8,no,no,1.0,249.0,249.0,249.0,249.0,0.0,249.0,1.0,0.0
1,3,68,but,9,no,no,1.0,101.0,101.0,101.0,101.0,0.0,101.0,1.0,0.0
1,3,68,she,10,no,no,1.0,149.0,149.0,149.0,149.0,0.0,149.0,1.0,0.0
1,3,68,will,11,no,no,1.0,150.0,150.0,150.0,150.0,0.0,150.0,1.0,0.0
1,3,68,save,12,no,no,1.0,502.0,502.0,502.0,502.0,0.0,502.0,1.0,0.0
1,3,68,some,13,no,no,1.0,0.0,0.0,0.0,0.0,0.0,0.0,0.0,0.0
1,3,68,of,14,no,no,1.0,98.0,2923.0,98.0,98.0,0.0,98.0,1.0,0.0
1,3,68,it.,15,no,no,1.0,251.0,251.0,251.0,251.0,0.0,3076.0,1.0,1.0
1,3,67,Mark,0,yes,yes,1.0,950.0,1402.0,950.0,950.0,0.0,950.0,1.0,0.0
1,3,67,will,1,yes,yes,1.0,99.0,99.0,0.0,0.0,0.0,0.0,0.0,0.0
1,3,67,answer,2,yes,yes,1.0,250.0,600.0,250.0,250.0,0.0,250.0,1.0,0.0
1,3,67,the,3,yes,yes,1.0,449.0,749.0,449.0,449.0,0.0,449.0,1.0,0.0
1,3,67,email,4,yes,yes,1.0,0.0,0.0,0.0,0.0,0.0,0.0,0.0,0.0
1,3,67,he,5,yes,yes,1.0,0.0,0.0,0.0,0.0,0.0,0.0,0.0,0.0
1,3,67,got,6,yes,yes,1.0,600.0,1101.0,600.0,600.0,0.0,600.0,1.0,0.0
1,3,67,next,7,yes,yes,1.0,101.0,300.0,101.0,101.0,0.0,101.0,1.0,0.0
1,3,67,"week,",8,yes,yes,1.0,149.0,699.0,149.0,149.0,0.0,149.0,1.0,0.0
1,3,67,but,9,yes,yes,1.0,200.0,200.0,200.0,200.0,0.0,200.0,1.0,0.0
1,3,67,he,10,yes,yes,1.0,100.0,100.0,100.0,100.0,0.0,100.0,1.0,0.0
1,3,67,doesn't,11,yes,yes,1.0,501.0,750.0,501.0,501.0,0.0,501.0,1.0,0.0
1,3,67,know,12,yes,yes,1.0,152.0,3190.0,152.0,152.0,0.0,152.0,1.0,0.0
1,3,67,what,13,yes,yes,1.0,199.0,400.0,199.0,199.0,0.0,199.0,1.0,0.0
1,3,67,to,14,yes,yes,1.0,798.0,798.0,798.0,798.0,0.0,6737.0,1.0,1.0
1,3,67,write.,15,yes,yes,1.0,0.0,0.0,0.0,0.0,0.0,0.0,0.0,0.0
1,3,66,Chris,0,yes,yes,1.0,1641.0,2490.0,1641.0,1641.0,0.0,1641.0,1.0,0.0
1,3,66,cleaned,1,yes,yes,1.0,299.0,1800.0,299.0,299.0,0.0,299.0,1.0,0.0
1,3,66,the,2,yes,yes,1.0,459.0,459.0,459.0,459.0,0.0,459.0,1.0,0.0
1,3,66,bookcase,3,yes,yes,1.0,244.0,1694.0,244.0,244.0,0.0,244.0,1.0,0.0
1,3,66,he,4,yes,yes,1.0,497.0,497.0,497.0,497.0,0.0,497.0,1.0,0.0
1,3,66,will,5,yes,yes,1.0,153.0,153.0,0.0,0.0,0.0,0.0,0.0,0.0
1,3,66,sell,6,yes,yes,1.0,146.0,146.0,0.0,0.0,0.0,0.0,0.0,0.0
1,3,66,last,7,yes,yes,1.0,302.0,404.0,302.0,302.0,0.0,302.0,1.0,0.0
1,3,66,"week,",8,yes,yes,1.0,398.0,800.0,398.0,800.0,0.0,3551.0,1.0,1.0
1,3,66,but,9,yes,yes,1.0,1450.0,1450.0,0.0,0.0,0.0,0.0,0.0,0.0
1,3,66,it,10,yes,yes,1.0,99.0,99.0,0.0,0.0,0.0,0.0,0.0,0.0
1,3,66,is,11,yes,yes,1.0,0.0,0.0,0.0,0.0,0.0,0.0,0.0,0.0
1,3,66,still,12,yes,yes,1.0,301.0,301.0,301.0,301.0,0.0,301.0,1.0,0.0
1,3,66,very,13,yes,yes,1.0,599.0,599.0,599.0,599.0,0.0,3598.0,1.0,1.0
1,3,66,dusty.,14,yes,yes,1.0,0.0,0.0,0.0,0.0,0.0,0.0,0.0,0.0
1,3,65,Susan,0,no,no,1.0,600.0,600.0,600.0,600.0,0.0,600.0,1.0,0.0
1,3,65,bought,1,no,no,1.0,548.0,548.0,548.0,548.0,0.0,548.0,1.0,0.0
1,3,65,the,2,no,no,1.0,102.0,102.0,102.0,102.0,0.0,102.0,1.0,0.0
1,3,65,wine,3,no,no,1.0,399.0,399.0,399.0,399.0,0.0,399.0,1.0,0.0
1,3,65,she,4,no,no,1.0,0.0,0.0,0.0,0.0,0.0,0.0,0.0,0.0
1,3,65,will,5,no,no,1.0,445.0,445.0,445.0,445.0,0.0,445.0,1.0,0.0
1,3,65,drink,6,no,no,1.0,105.0,105.0,105.0,105.0,0.0,105.0,1.0,0.0
1,3,65,last,7,no,no,1.0,95.0,95.0,95.0,95.0,0.0,95.0,1.0,0.0
1,3,65,"week,",8,no,no,1.0,2055.0,2055.0,2055.0,2055.0,0.0,2055.0,1.0,0.0
1,3,65,but,9,no,no,1.0,0.0,0.0,0.0,0.0,0.0,0.0,0.0,0.0
1,3,65,she,10,no,no,1.0,250.0,250.0,250.0,250.0,0.0,250.0,1.0,0.0
1,3,65,didn't,11,no,no,1.0,300.0,300.0,300.0,300.0,0.0,300.0,1.0,0.0
1,3,65,buy,12,no,no,1.0,148.0,148.0,148.0,148.0,0.0,148.0,1.0,0.0
1,3,65,any,13,no,no,1.0,152.0,152.0,152.0,152.0,0.0,152.0,1.0,0.0
1,3,65,cheese.,14,no,no,1.0,2941.0,2941.0,2941.0,2941.0,0.0,2941.0,1.0,0.0
1,4,56,Lisa,0,yes,yes,1.0,849.0,849.0,849.0,849.0,0.0,849.0,1.0,0.0
1,4,56,will,1,yes,yes,1.0,200.0,200.0,200.0,200.0,0.0,200.0,1.0,0.0
1,4,56,change,2,yes,yes,1.0,551.0,551.0,551.0,551.0,0.0,551.0,1.0,0.0
1,4,56,the,3,yes,yes,1.0,246.0,246.0,246.0,246.0,0.0,246.0,1.0,0.0
1,4,56,plans,4,yes,yes,1.0,603.0,603.0,603.0,603.0,0.0,603.0,1.0,0.0
1,4,56,she,5,yes,yes,1.0,0.0,0.0,0.0,0.0,0.0,0.0,0.0,0.0
1,4,56,made,6,yes,yes,1.0,499.0,499.0,499.0,499.0,0.0,499.0,1.0,0.0
1,4,56,last,7,yes,yes,1.0,200.0,200.0,200.0,200.0,0.0,200.0,1.0,0.0
1,4,56,"week,",8,yes,yes,1.0,449.0,449.0,449.0,449.0,0.0,449.0,1.0,0.0
1,4,56,but,9,yes,yes,1.0,0.0,0.0,0.0,0.0,0.0,0.0,0.0,0.0
1,4,56,she,10,yes,yes,1.0,149.0,149.0,149.0,149.0,0.0,149.0,1.0,0.0
1,4,56,won't,11,yes,yes,1.0,351.0,351.0,351.0,351.0,0.0,351.0,1.0,0.0
1,4,56,cancel,12,yes,yes,1.0,200.0,452.0,200.0,200.0,0.0,200.0,1.0,0.0
1,4,56,any,13,yes,yes,1.0,103.0,202.0,103.0,103.0,0.0,103.0,1.0,0.0
1,4,56,of,14,yes,yes,1.0,146.0,146.0,146.0,146.0,0.0,146.0,1.0,0.0
1,4,56,them.,15,yes,yes,1.0,253.0,253.0,253.0,253.0,0.0,604.0,1.0,1.0
1,4,55,Tom,0,no,no,1.0,450.0,450.0,450.0,450.0,0.0,450.0,1.0,0.0
1,4,55,will,1,no,no,1.0,0.0,0.0,0.0,0.0,0.0,0.0,0.0,0.0
1,4,55,plant,2,no,no,1.0,851.0,851.0,851.0,851.0,0.0,851.0,1.0,0.0
1,4,55,the,3,no,no,1.0,0.0,0.0,0.0,0.0,0.0,0.0,0.0,0.0
1,4,55,tree,4,no,no,1.0,99.0,247.0,99.0,99.0,0.0,99.0,1.0,0.0
1,4,55,he,5,no,no,1.0,250.0,250.0,250.0,250.0,0.0,250.0,1.0,0.0
1,4,55,bought,6,no,no,1.0,202.0,551.0,202.0,551.0,0.0,699.0,1.0,1.0
1,4,55,last,7,no,no,1.0,150.0,150.0,150.0,150.0,0.0,150.0,1.0,0.0
1,4,55,"week,",8,no,no,1.0,550.0,550.0,550.0,550.0,0.0,550.0,1.0,0.0
1,4,55,but,9,no,no,1.0,101.0,101.0,101.0,101.0,0.0,101.0,1.0,0.0
1,4,55,he,10,no,no,1.0,199.0,199.0,199.0,199.0,0.0,199.0,1.0,0.0
1,4,55,isn't,11,no,no,1.0,150.0,150.0,150.0,150.0,0.0,150.0,1.0,0.0
1,4,55,sure,12,no,no,1.0,250.0,250.0,250.0,250.0,0.0,250.0,1.0,0.0
1,4,55,where,13,no,no,1.0,300.0,300.0,300.0,300.0,0.0,300.0,1.0,0.0
1,4,55,to,14,no,no,1.0,101.0,101.0,101.0,101.0,0.0,101.0,1.0,0.0
1,4,55,put,15,no,no,1.0,98.0,98.0,98.0,98.0,0.0,98.0,1.0,0.0
1,4,55,it.,16,no,no,1.0,0.0,0.0,0.0,0.0,0.0,0.0,0.0,0.0
1,4,54,Joseph,0,yes,yes,1.0,642.0,642.0,642.0,642.0,0.0,642.0,1.0,0.0
1,4,54,brewed,1,yes,yes,1.0,458.0,458.0,458.0,458.0,0.0,458.0,1.0,0.0
1,4,54,the,2,yes,yes,1.0,400.0,400.0,400.0,400.0,0.0,400.0,1.0,0.0
1,4,54,beer,3,yes,yes,1.0,0.0,0.0,0.0,0.0,0.0,0.0,0.0,0.0
1,4,54,he,4,yes,yes,1.0,0.0,0.0,0.0,0.0,0.0,0.0,0.0,0.0
1,4,54,will,5,yes,yes,1.0,0.0,0.0,0.0,0.0,0.0,0.0,0.0,0.0
1,4,54,serve,6,yes,yes,1.0,449.0,449.0,449.0,449.0,0.0,449.0,1.0,0.0
1,4,54,next,7,yes,yes,1.0,444.0,444.0,444.0,444.0,0.0,444.0,1.0,0.0
1,4,54,"week,",8,yes,yes,1.0,0.0,0.0,0.0,0.0,0.0,0.0,0.0,0.0
1,4,54,but,9,yes,yes,1.0,107.0,107.0,107.0,107.0,0.0,107.0,1.0,0.0
1,4,54,it,10,yes,yes,1.0,101.0,299.0,101.0,101.0,0.0,101.0,1.0,0.0
1,4,54,is,11,yes,yes,1.0,147.0,147.0,147.0,147.0,0.0,147.0,1.0,0.0
1,4,54,not,12,yes,yes,1.0,150.0,4038.0,150.0,150.0,0.0,150.0,1.0,0.0
1,4,54,very,13,yes,yes,1.0,353.0,353.0,353.0,353.0,0.0,4439.0,1.0,1.0
1,4,54,tasty.,14,yes,yes,1.0,0.0,0.0,0.0,0.0,0.0,0.0,0.0,0.0
1,4,53,Jane,0,no,no,1.0,105.0,603.0,105.0,603.0,0.0,603.0,1.0,0.0
1,4,53,prepared,1,no,no,1.0,304.0,304.0,304.0,304.0,0.0,304.0,1.0,0.0
1,4,53,the,2,no,no,1.0,451.0,451.0,451.0,451.0,0.0,451.0,1.0,0.0
1,4,53,lecture,3,no,no,1.0,303.0,303.0,303.0,303.0,0.0,303.0,1.0,0.0
1,4,53,she,4,no,no,1.0,497.0,497.0,497.0,497.0,0.0,497.0,1.0,0.0
1,4,53,will,5,no,no,1.0,0.0,0.0,0.0,0.0,0.0,0.0,0.0,0.0
1,4,53,give,6,no,no,1.0,0.0,0.0,0.0,0.0,0.0,0.0,0.0,0.0
1,4,53,next,7,no,no,1.0,549.0,549.0,549.0,549.0,0.0,549.0,1.0,0.0
1,4,53,"week,",8,no,no,1.0,95.0,95.0,95.0,95.0,0.0,95.0,1.0,0.0
1,4,53,but,9,no,no,1.0,297.0,297.0,297.0,297.0,0.0,297.0,1.0,0.0
1,4,53,still,10,no,no,1.0,108.0,108.0,108.0,108.0,0.0,108.0,1.0,0.0
1,4,53,needs,11,no,no,1.0,243.0,243.0,243.0,243.0,0.0,243.0,1.0,0.0
1,4,53,to,12,no,no,1.0,0.0,0.0,0.0,0.0,0.0,0.0,0.0,0.0
1,4,53,review,13,no,no,1.0,399.0,399.0,399.0,399.0,0.0,399.0,1.0,0.0
1,4,53,it.,14,no,no,1.0,0.0,0.0,0.0,0.0,0.0,0.0,0.0,0.0
1,4,52,Sue,0,yes,yes,1.0,1059.0,1260.0,1059.0,1059.0,0.0,1059.0,1.0,0.0
1,4,52,insulted,1,yes,yes,1.0,549.0,764.0,549.0,549.0,0.0,549.0,1.0,0.0
1,4,52,the,2,yes,yes,1.0,90.0,90.0,0.0,0.0,0.0,0.0,0.0,0.0
1,4,52,candidate,3,yes,yes,1.0,803.0,803.0,803.0,803.0,0.0,803.0,1.0,0.0
1,4,52,she,4,yes,yes,1.0,0.0,0.0,0.0,0.0,0.0,0.0,0.0,0.0
1,4,52,will,5,yes,yes,1.0,92.0,183.0,92.0,92.0,0.0,92.0,1.0,0.0
1,4,52,debate,6,yes,yes,1.0,351.0,953.0,351.0,351.0,0.0,351.0,1.0,0.0
1,4,52,"tomorrow,",7,yes,yes,1.0,458.0,556.0,458.0,458.0,0.0,458.0,1.0,0.0
1,4,52,but,8,yes,yes,1.0,96.0,96.0,96.0,96.0,0.0,96.0,1.0,0.0
1,4,52,she,9,yes,yes,1.0,449.0,449.0,449.0,449.0,0.0,449.0,1.0,0.0
1,4,52,wishes,10,yes,yes,1.0,347.0,791.0,347.0,347.0,0.0,347.0,1.0,0.0
1,4,52,she,11,yes,yes,1.0,109.0,511.0,109.0,109.0,0.0,109.0,1.0,0.0
1,4,52,hadn't.,12,yes,yes,1.0,340.0,494.0,340.0,494.0,0.0,2637.0,1.0,1.0
1,4,51,David,0,yes,yes,1.0,549.0,549.0,549.0,549.0,0.0,549.0,1.0,0.0
1,4,51,caught,1,yes,yes,1.0,149.0,149.0,149.0,149.0,0.0,149.0,1.0,0.0
1,4,51,the,2,yes,yes,1.0,551.0,551.0,551.0,551.0,0.0,551.0,1.0,0.0
1,4,51,fish,3,yes,yes,1.0,0.0,0.0,0.0,0.0,0.0,0.0,0.0,0.0
1,4,51,he,4,yes,yes,1.0,0.0,0.0,0.0,0.0,0.0,0.0,0.0,0.0
1,4,51,will,5,yes,yes,1.0,98.0,98.0,98.0,98.0,0.0,98.0,1.0,0.0
1,4,51,cook,6,yes,yes,1.0,452.0,452.0,452.0,452.0,0.0,452.0,1.0,0.0
1,4,51,"tomorrow,",7,yes,yes,1.0,599.0,599.0,599.0,599.0,0.0,599.0,1.0,0.0
1,4,51,but,8,yes,yes,1.0,551.0,551.0,551.0,551.0,0.0,551.0,1.0,0.0
1,4,51,it,9,yes,yes,1.0,0.0,0.0,0.0,0.0,0.0,0.0,0.0,0.0
1,4,51,is,10,yes,yes,1.0,0.0,0.0,0.0,0.0,0.0,0.0,0.0,0.0
1,4,51,not,11,yes,yes,1.0,150.0,150.0,150.0,150.0,0.0,150.0,1.0,0.0
1,4,51,his,12,yes,yes,1.0,149.0,149.0,149.0,149.0,0.0,149.0,1.0,0.0
1,4,51,favorite,13,yes,yes,1.0,249.0,249.0,249.0,249.0,0.0,249.0,1.0,0.0
1,4,51,kind.,14,yes,yes,1.0,151.0,151.0,151.0,151.0,0.0,151.0,1.0,0.0
1,4,50,Robert,0,no,no,1.0,548.0,1050.0,548.0,548.0,0.0,548.0,1.0,0.0
1,4,50,will,1,no,no,1.0,103.0,554.0,103.0,103.0,0.0,103.0,1.0,0.0
1,4,50,meet,2,no,no,1.0,497.0,845.0,497.0,600.0,0.0,800.0,1.0,1.0
1,4,50,the,3,no,no,1.0,103.0,452.0,0.0,0.0,0.0,0.0,0.0,0.0
1,4,50,friend,4,no,no,1.0,601.0,900.0,601.0,601.0,0.0,601.0,1.0,0.0
1,4,50,he,5,no,no,1.0,100.0,100.0,0.0,0.0,0.0,0.0,0.0,0.0
1,4,50,phoned,6,no,no,1.0,600.0,1148.0,600.0,600.0,0.0,600.0,1.0,0.0
1,4,50,"yesterday,",7,no,no,1.0,251.0,401.0,251.0,251.0,0.0,251.0,1.0,0.0
1,4,50,but,8,no,no,1.0,201.0,298.0,201.0,201.0,0.0,201.0,1.0,0.0
1,4,50,he,9,no,no,1.0,103.0,103.0,0.0,0.0,0.0,0.0,0.0,0.0
1,4,50,doesn't,10,no,no,1.0,349.0,598.0,349.0,349.0,0.0,349.0,1.0,0.0
1,4,50,want,11,no,no,1.0,301.0,3506.0,301.0,301.0,0.0,301.0,1.0,0.0
1,4,50,to.,12,no,no,1.0,149.0,149.0,149.0,149.0,0.0,6350.0,1.0,1.0
1,4,49,Anne,0,no,no,1.0,501.0,800.0,501.0,501.0,0.0,501.0,1.0,0.0
1,4,49,will,1,no,no,1.0,0.0,0.0,0.0,0.0,0.0,0.0,0.0,0.0
1,4,49,serve,2,no,no,1.0,99.0,197.0,99.0,99.0,0.0,99.0,1.0,0.0
1,4,49,the,3,no,no,1.0,0.0,0.0,0.0,0.0,0.0,0.0,0.0,0.0
1,4,49,apples,4,no,no,1.0,399.0,1250.0,399.0,399.0,0.0,399.0,1.0,0.0
1,4,49,she,5,no,no,1.0,400.0,501.0,400.0,501.0,0.0,951.0,1.0,1.0
1,4,49,picked,6,no,no,1.0,350.0,751.0,350.0,350.0,0.0,350.0,1.0,0.0
1,4,49,"yesterday,",7,no,no,1.0,650.0,750.0,650.0,650.0,0.0,650.0,1.0,0.0
1,4,49,but,8,no,no,1.0,103.0,3191.0,103.0,103.0,0.0,103.0,1.0,0.0
1,4,49,she,9,no,no,1.0,95.0,95.0,95.0,95.0,0.0,95.0,1.0,0.0
1,4,49,won't,10,no,no,1.0,502.0,502.0,502.0,502.0,0.0,502.0,1.0,0.0
1,4,49,serve,11,no,no,1.0,0.0,0.0,0.0,0.0,0.0,0.0,0.0,0.0
1,4,49,the,12,no,no,1.0,100.0,100.0,100.0,100.0,0.0,100.0,1.0,0.0
1,4,49,plums.,13,no,no,1.0,649.0,649.0,649.0,649.0,0.0,5036.0,1.0,1.0
1,1,48,The,0,no,no,1.0,449.0,2496.0,449.0,449.0,0.0,449.0,1.0,0.0
1,1,48,witness,1,no,no,1.0,151.0,1301.0,151.0,151.0,0.0,151.0,1.0,0.0
1,1,48,identified,2,no,no,1.0,699.0,4397.0,699.0,699.0,0.0,699.0,1.0,0.0
1,1,48,the,3,no,no,1.0,101.0,1551.0,101.0,101.0,0.0,101.0,1.0,0.0
1,1,48,man,4,no,no,1.0,350.0,2656.0,350.0,350.0,0.0,350.0,1.0,0.0
1,1,48,and,5,no,no,1.0,450.0,2491.0,450.0,450.0,0.0,450.0,1.0,0.0
1,1,48,his,6,no,no,1.0,99.0,702.0,99.0,99.0,0.0,99.0,1.0,0.0
1,1,48,wife,7,no,no,1.0,600.0,4547.0,600.0,600.0,0.0,600.0,1.0,0.0
1,1,48,ran,8,no,no,1.0,201.0,1000.0,0.0,0.0,0.0,0.0,0.0,0.0
1,1,48,away,9,no,no,1.0,850.0,1348.0,0.0,0.0,0.0,0.0,0.0,0.0
1,1,48,from,10,no,no,1.0,349.0,449.0,349.0,349.0,0.0,349.0,1.0,0.0
1,1,48,the,11,no,no,1.0,99.0,99.0,99.0,99.0,0.0,99.0,1.0,0.0
1,1,48,police,12,no,no,1.0,301.0,452.0,301.0,301.0,0.0,301.0,1.0,0.0
1,1,48,station.,13,no,no,1.0,650.0,1299.0,650.0,1299.0,0.0,21140.0,1.0,1.0
1,1,47,Jenny,0,no,no,1.0,100.0,1252.0,100.0,954.0,0.0,954.0,1.0,0.0
1,1,47,talked,1,no,no,1.0,347.0,347.0,347.0,347.0,0.0,347.0,1.0,0.0
1,1,47,to,2,no,no,1.0,399.0,399.0,399.0,399.0,0.0,399.0,1.0,0.0
1,1,47,the,3,no,no,1.0,101.0,101.0,101.0,101.0,0.0,101.0,1.0,0.0
1,1,47,reporter,4,no,no,1.0,849.0,950.0,849.0,849.0,0.0,849.0,1.0,0.0
1,1,47,and,5,no,no,1.0,100.0,298.0,100.0,100.0,0.0,100.0,1.0,0.0
1,1,47,the,6,no,no,1.0,350.0,350.0,0.0,0.0,0.0,0.0,0.0,0.0
1,1,47,photographer,7,no,no,1.0,705.0,705.0,705.0,705.0,0.0,705.0,1.0,0.0
1,1,47,took,8,no,no,1.0,402.0,402.0,402.0,402.0,0.0,402.0,1.0,0.0
1,1,47,pictures,9,no,no,1.0,693.0,693.0,693.0,693.0,0.0,693.0,1.0,0.0
1,1,47,of,10,no,no,1.0,0.0,0.0,0.0,0.0,0.0,0.0,0.0,0.0
1,1,47,the,11,no,no,1.0,0.0,0.0,0.0,0.0,0.0,0.0,0.0,0.0
1,1,47,scene.,12,no,no,1.0,500.0,500.0,500.0,500.0,0.0,1447.0,1.0,1.0
1,1,46,The,0,yes,yes,1.0,499.0,699.0,499.0,499.0,0.0,499.0,1.0,0.0
1,1,46,robber,1,yes,yes,1.0,301.0,552.0,301.0,301.0,0.0,301.0,1.0,0.0
1,1,46,shot,2,yes,yes,1.0,151.0,151.0,151.0,151.0,0.0,151.0,1.0,0.0
1,1,46,the,3,yes,yes,1.0,548.0,548.0,548.0,548.0,0.0,548.0,1.0,0.0
1,1,46,jeweler,4,yes,yes,1.0,301.0,301.0,301.0,301.0,0.0,301.0,1.0,0.0
1,1,46,and,5,yes,yes,1.0,95.0,95.0,95.0,95.0,0.0,95.0,1.0,0.0
1,1,46,the,6,yes,yes,1.0,155.0,257.0,155.0,155.0,0.0,155.0,1.0,0.0
1,1,46,salesman,7,yes,yes,1.0,750.0,1045.0,750.0,750.0,0.0,750.0,1.0,0.0
1,1,46,reported,8,yes,yes,1.0,200.0,200.0,200.0,200.0,0.0,200.0,1.0,0.0
1,1,46,the,9,yes,yes,1.0,150.0,150.0,150.0,150.0,0.0,150.0,1.0,0.0
1,1,46,crime,10,yes,yes,1.0,400.0,400.0,400.0,400.0,0.0,400.0,1.0,0.0
1,1,46,to,11,yes,yes,1.0,0.0,0.0,0.0,0.0,0.0,0.0,0.0,0.0
1,1,46,the,12,yes,yes,1.0,99.0,99.0,99.0,99.0,0.0,99.0,1.0,0.0
1,1,46,police.,13,yes,yes,1.0,546.0,546.0,546.0,546.0,0.0,1394.0,1.0,1.0
1,1,45,The,0,yes,yes,1.0,448.0,448.0,448.0,448.0,0.0,448.0,1.0,0.0
1,1,45,journalist,1,yes,yes,1.0,392.0,944.0,392.0,392.0,0.0,392.0,1.0,0.0
1,1,45,criticized,2,yes,yes,1.0,552.0,801.0,552.0,552.0,0.0,552.0,1.0,0.0
1,1,45,Nick,3,yes,yes,1.0,300.0,511.0,300.0,300.0,0.0,300.0,1.0,0.0
1,1,45,and,4,yes,yes,1.0,448.0,838.0,448.0,448.0,0.0,448.0,1.0,0.0
1,1,45,Sam,5,yes,yes,1.0,0.0,0.0,0.0,0.0,0.0,0.0,0.0,0.0
1,1,45,called,6,yes,yes,1.0,1102.0,1503.0,1102.0,1102.0,0.0,1102.0,1.0,0.0
1,1,45,the,7,yes,yes,1.0,0.0,0.0,0.0,0.0,0.0,0.0,0.0,0.0
1,1,45,newspaper,8,yes,yes,1.0,248.0,759.0,248.0,248.0,0.0,248.0,1.0,0.0
1,1,45,to,9,yes,yes,1.0,161.0,161.0,161.0,161.0,0.0,161.0,1.0,0.0
1,1,45,complain.,10,yes,yes,1.0,541.0,3791.0,541.0,3791.0,0.0,6105.0,1.0,1.0
1,1,43,Sam,0,yes,yes,1.0,501.0,999.0,501.0,501.0,0.0,501.0,1.0,0.0
1,1,43,hired,1,yes,yes,1.0,200.0,352.0,200.0,200.0,0.0,200.0,1.0,0.0
1,1,43,the,2,yes,yes,1.0,97.0,247.0,97.0,97.0,0.0,97.0,1.0,0.0
1,1,43,plumber,3,yes,yes,1.0,453.0,1202.0,453.0,453.0,0.0,453.0,1.0,0.0
1,1,43,and,4,yes,yes,1.0,200.0,200.0,0.0,0.0,0.0,0.0,0.0,0.0
1,1,43,the,5,yes,yes,1.0,399.0,499.0,399.0,399.0,0.0,399.0,1.0,0.0
1,1,43,carpenter,6,yes,yes,1.0,499.0,1048.0,499.0,499.0,0.0,499.0,1.0,0.0
1,1,43,ordered,7,yes,yes,1.0,748.0,1299.0,748.0,748.0,0.0,748.0,1.0,0.0
1,1,43,the,8,yes,yes,1.0,0.0,0.0,0.0,0.0,0.0,0.0,0.0,0.0
1,1,43,materials,9,yes,yes,1.0,652.0,901.0,652.0,652.0,0.0,652.0,1.0,0.0
1,1,43,for,10,yes,yes,1.0,95.0,95.0,0.0,0.0,0.0,0.0,0.0,0.0
1,1,43,the,11,yes,yes,1.0,105.0,105.0,0.0,0.0,0.0,0.0,0.0,0.0
1,1,43,house.,12,yes,yes,1.0,400.0,3755.0,400.0,3755.0,0.0,7153.0,1.0,1.0
1,1,42,The,0,yes,yes,1.0,401.0,748.0,401.0,401.0,0.0,401.0,1.0,0.0
1,1,42,police,1,yes,yes,1.0,200.0,556.0,200.0,200.0,0.0,200.0,1.0,0.0
1,1,42,arrested,2,yes,yes,1.0,697.0,890.0,697.0,697.0,0.0,697.0,1.0,0.0
1,1,42,the,3,yes,yes,1.0,102.0,205.0,102.0,102.0,0.0,102.0,1.0,0.0
1,1,42,burglar,4,yes,yes,1.0,148.0,403.0,148.0,148.0,0.0,148.0,1.0,0.0
1,1,42,and,5,yes,yes,1.0,301.0,301.0,301.0,301.0,0.0,301.0,1.0,0.0
1,1,42,his,6,yes,yes,1.0,99.0,197.0,99.0,99.0,0.0,99.0,1.0,0.0
1,1,42,brother,7,yes,yes,1.0,502.0,702.0,502.0,502.0,0.0,502.0,1.0,0.0
1,1,42,phoned,8,yes,yes,1.0,298.0,448.0,298.0,298.0,0.0,298.0,1.0,0.0
1,1,42,a,9,yes,yes,1.0,0.0,0.0,0.0,0.0,0.0,0.0,0.0,0.0
1,1,42,lawyer,10,yes,yes,1.0,252.0,751.0,252.0,252.0,0.0,252.0,1.0,0.0
1,1,42,for,11,yes,yes,1.0,150.0,253.0,150.0,150.0,0.0,150.0,1.0,0.0
1,1,42,help.,12,yes,yes,1.0,297.0,297.0,297.0,297.0,0.0,2601.0,1.0,1.0
1,1,41,The,0,no,no,1.0,600.0,600.0,600.0,600.0,0.0,600.0,1.0,0.0
1,1,41,knight,1,no,no,1.0,249.0,249.0,249.0,249.0,0.0,249.0,1.0,0.0
1,1,41,greeted,2,no,no,1.0,351.0,351.0,351.0,351.0,0.0,351.0,1.0,0.0
1,1,41,the,3,no,no,1.0,99.0,99.0,99.0,99.0,0.0,99.0,1.0,0.0
1,1,41,king,4,no,no,1.0,501.0,501.0,501.0,501.0,0.0,501.0,1.0,0.0
1,1,41,and,5,no,no,1.0,98.0,98.0,98.0,98.0,0.0,98.0,1.0,0.0
1,1,41,the,6,no,no,1.0,102.0,102.0,102.0,102.0,0.0,102.0,1.0,0.0
1,1,41,queen,7,no,no,1.0,347.0,347.0,347.0,347.0,0.0,347.0,1.0,0.0
1,1,41,waved,8,no,no,1.0,253.0,253.0,253.0,253.0,0.0,253.0,1.0,0.0
1,1,41,to,9,no,no,1.0,0.0,0.0,0.0,0.0,0.0,0.0,0.0,0.0
1,1,41,her,10,no,no,1.0,551.0,551.0,551.0,551.0,0.0,551.0,1.0,0.0
1,1,41,people,11,no,no,1.0,199.0,199.0,199.0,199.0,0.0,199.0,1.0,0.0
1,1,41,at,12,no,no,1.0,201.0,201.0,201.0,201.0,0.0,201.0,1.0,0.0
1,1,41,the,13,no,no,1.0,3169.0,3169.0,3169.0,3169.0,0.0,3169.0,1.0,0.0
1,1,41,feast.,14,no,no,1.0,0.0,0.0,0.0,0.0,0.0,0.0,0.0,0.0
1,2,32,The,0,yes,yes,1.0,391.0,639.0,391.0,391.0,0.0,391.0,1.0,0.0
1,2,32,producer,1,yes,yes,1.0,409.0,961.0,409.0,409.0,0.0,409.0,1.0,0.0
1,2,32,replaced,2,yes,yes,1.0,850.0,998.0,850.0,850.0,0.0,850.0,1.0,0.0
1,2,32,the,3,yes,yes,1.0,96.0,96.0,0.0,0.0,0.0,0.0,0.0,0.0
1,2,32,"actor,",4,yes,yes,1.0,609.0,1218.0,609.0,609.0,0.0,609.0,1.0,0.0
1,2,32,and,5,yes,yes,1.0,101.0,101.0,101.0,101.0,0.0,101.0,1.0,0.0
1,2,32,the,6,yes,yes,1.0,0.0,0.0,0.0,0.0,0.0,0.0,0.0,0.0
1,2,32,actress,7,yes,yes,1.0,692.0,1198.0,692.0,692.0,0.0,692.0,1.0,0.0
1,2,32,quit,8,yes,yes,1.0,108.0,252.0,108.0,108.0,0.0,108.0,1.0,0.0
1,2,32,the,9,yes,yes,1.0,141.0,141.0,141.0,141.0,0.0,141.0,1.0,0.0
1,2,32,movie,10,yes,yes,1.0,650.0,650.0,650.0,650.0,0.0,650.0,1.0,0.0
1,2,32,after,11,yes,yes,1.0,0.0,0.0,0.0,0.0,0.0,0.0,0.0,0.0
1,2,32,the,12,yes,yes,1.0,700.0,700.0,700.0,700.0,0.0,3003.0,1.0,1.0
1,2,32,fight.,13,yes,yes,1.0,205.0,205.0,205.0,205.0,0.0,205.0,1.0,0.0
1,2,31,The,0,yes,yes,1.0,201.0,201.0,201.0,201.0,0.0,201.0,1.0,0.0
1,2,31,audience,1,yes,yes,1.0,701.0,701.0,701.0,701.0,0.0,701.0,1.0,0.0
1,2,31,applauded,2,yes,yes,1.0,399.0,399.0,399.0,399.0,0.0,399.0,1.0,0.0
1,2,31,the,3,yes,yes,1.0,351.0,351.0,351.0,351.0,0.0,351.0,1.0,0.0
1,2,31,"guitarist,",4,yes,yes,1.0,750.0,750.0,750.0,750.0,0.0,750.0,1.0,0.0
1,2,31,and,5,yes,yes,1.0,0.0,0.0,0.0,0.0,0.0,0.0,0.0,0.0
1,2,31,the,6,yes,yes,1.0,349.0,349.0,349.0,349.0,0.0,349.0,1.0,0.0
1,2,31,band,7,yes,yes,1.0,501.0,501.0,501.0,501.0,0.0,501.0,1.0,0.0
1,2,31,cheered,8,yes,yes,1.0,0.0,0.0,0.0,0.0,0.0,0.0,0.0,0.0
1,2,31,for,9,yes,yes,1.0,99.0,99.0,99.0,99.0,0.0,99.0,1.0,0.0
1,2,31,him,10,yes,yes,1.0,451.0,451.0,451.0,451.0,0.0,451.0,1.0,0.0
1,2,31,very,11,yes,yes,1.0,99.0,99.0,99.0,99.0,0.0,99.0,1.0,0.0
1,2,31,loudly.,12,yes,yes,1.0,350.0,350.0,350.0,350.0,0.0,350.0,1.0,0.0
1,2,30,Jim,0,no,no,1.0,649.0,1550.0,649.0,649.0,0.0,649.0,1.0,0.0
1,2,30,listened,1,no,no,1.0,551.0,1058.0,551.0,551.0,0.0,551.0,1.0,0.0
1,2,30,to,2,no,no,1.0,348.0,500.0,348.0,348.0,0.0,348.0,1.0,0.0
1,2,30,the,3,no,no,1.0,102.0,102.0,102.0,102.0,0.0,102.0,1.0,0.0
1,2,30,"pianist,",4,no,no,1.0,899.0,1947.0,899.0,1448.0,0.0,1850.0,1.0,1.0
1,2,30,and,5,no,no,1.0,400.0,796.0,0.0,0.0,0.0,0.0,0.0,0.0
1,2,30,the,6,no,no,1.0,353.0,353.0,0.0,0.0,0.0,0.0,0.0,0.0
1,2,30,singer,7,no,no,1.0,453.0,1157.0,453.0,453.0,0.0,453.0,1.0,0.0
1,2,30,watched,8,no,no,1.0,98.0,845.0,98.0,98.0,0.0,98.0,1.0,0.0
1,2,30,the,9,no,no,1.0,100.0,100.0,0.0,0.0,0.0,0.0,0.0,0.0
1,2,30,organist,10,no,no,1.0,551.0,750.0,551.0,551.0,0.0,551.0,1.0,0.0
1,2,30,at,11,no,no,1.0,99.0,399.0,99.0,99.0,0.0,99.0,1.0,0.0
1,2,30,the,12,no,no,1.0,250.0,352.0,250.0,250.0,0.0,250.0,1.0,0.0
1,2,30,concert.,13,no,no,1.0,701.0,1049.0,701.0,1049.0,0.0,6007.0,1.0,1.0
1,2,29,The,0,no,no,1.0,400.0,750.0,0.0,0.0,0.0,0.0,0.0,0.0
1,2,29,ranger,1,no,no,1.0,300.0,400.0,300.0,300.0,0.0,700.0,1.0,1.0
1,2,29,gave,2,no,no,1.0,450.0,601.0,450.0,450.0,0.0,450.0,1.0,0.0
1,2,29,matches,3,no,no,1.0,450.0,1047.0,450.0,450.0,0.0,450.0,1.0,0.0
1,2,29,to,4,no,no,1.0,351.0,351.0,351.0,351.0,0.0,351.0,1.0,0.0
1,2,29,the,5,no,no,1.0,200.0,298.0,0.0,0.0,0.0,0.0,0.0,0.0
1,2,29,"camper,",6,no,no,1.0,500.0,602.0,500.0,500.0,0.0,500.0,1.0,0.0
1,2,29,and,7,no,no,1.0,99.0,99.0,0.0,0.0,0.0,0.0,0.0,0.0
1,2,29,his,8,no,no,1.0,800.0,1249.0,800.0,800.0,0.0,800.0,1.0,0.0
1,2,29,friend,9,no,no,1.0,450.0,552.0,450.0,450.0,0.0,450.0,1.0,0.0
1,2,29,made,10,no,no,1.0,100.0,100.0,100.0,100.0,0.0,100.0,1.0,0.0
1,2,29,a,11,no,no,1.0,150.0,150.0,150.0,150.0,0.0,150.0,1.0,0.0
1,2,29,fire,12,no,no,1.0,200.0,450.0,200.0,200.0,0.0,200.0,1.0,0.0
1,2,29,by,13,no,no,1.0,100.0,100.0,100.0,100.0,0.0,100.0,1.0,0.0
1,2,29,the,14,no,no,1.0,150.0,150.0,150.0,150.0,0.0,150.0,1.0,0.0
1,2,29,tent.,15,no,no,1.0,350.0,350.0,350.0,350.0,0.0,2848.0,1.0,1.0
1,2,28,The,0,no,no,1.0,101.0,949.0,101.0,800.0,0.0,800.0,1.0,0.0
1,2,28,little,1,no,no,1.0,151.0,402.0,151.0,151.0,0.0,151.0,1.0,0.0
1,2,28,girl,2,no,no,1.0,99.0,99.0,0.0,0.0,0.0,0.0,0.0,0.0
1,2,28,fed,3,no,no,1.0,704.0,704.0,704.0,704.0,0.0,704.0,1.0,0.0
1,2,28,her,4,no,no,1.0,0.0,0.0,0.0,0.0,0.0,0.0,0.0,0.0
1,2,28,pet,5,no,no,1.0,105.0,105.0,0.0,0.0,0.0,0.0,0.0,0.0
1,2,28,"cat,",6,no,no,1.0,500.0,847.0,500.0,500.0,0.0,500.0,1.0,0.0
1,2,28,and,7,no,no,1.0,100.0,402.0,100.0,100.0,0.0,100.0,1.0,0.0
1,2,28,her,8,no,no,1.0,100.0,396.0,100.0,100.0,0.0,100.0,1.0,0.0
1,2,28,dog,9,no,no,1.0,350.0,350.0,350.0,350.0,0.0,350.0,1.0,0.0
1,2,28,wanted,10,no,no,1.0,101.0,1198.0,101.0,101.0,0.0,101.0,1.0,0.0
1,2,28,a,11,no,no,1.0,0.0,0.0,0.0,0.0,0.0,0.0,0.0,0.0
1,2,28,can,12,no,no,1.0,452.0,452.0,452.0,452.0,0.0,652.0,1.0,1.0
1,2,28,of,13,no,no,1.0,0.0,0.0,0.0,0.0,0.0,0.0,0.0,0.0
1,2,28,"food,",14,no,no,1.0,702.0,800.0,702.0,800.0,0.0,3246.0,1.0,1.0
1,2,28,too.,15,no,no,1.0,3155.0,3155.0,3155.0,3155.0,0.0,3155.0,1.0,0.0
1,2,27,The,0,no,no,1.0,599.0,795.0,599.0,599.0,0.0,599.0,1.0,0.0
1,2,27,tourist,1,no,no,1.0,200.0,405.0,200.0,200.0,0.0,200.0,1.0,0.0
1,2,27,photographed,2,no,no,1.0,698.0,1051.0,698.0,698.0,0.0,698.0,1.0,0.0
1,2,27,the,3,no,no,1.0,150.0,150.0,0.0,0.0,0.0,0.0,0.0,0.0
1,2,27,"swimmer,",4,no,no,1.0,500.0,1000.0,500.0,500.0,0.0,500.0,1.0,0.0
1,2,27,and,5,no,no,1.0,100.0,100.0,100.0,100.0,0.0,100.0,1.0,0.0
1,2,27,the,6,no,no,1.0,100.0,100.0,100.0,100.0,0.0,100.0,1.0,0.0
1,2,27,runner,7,no,no,1.0,248.0,248.0,248.0,248.0,0.0,248.0,1.0,0.0
1,2,27,got,8,no,no,1.0,152.0,152.0,152.0,152.0,0.0,152.0,1.0,0.0
1,2,27,ready,9,no,no,1.0,400.0,550.0,400.0,400.0,0.0,400.0,1.0,0.0
1,2,27,for,10,no,no,1.0,0.0,0.0,0.0,0.0,0.0,0.0,0.0,0.0
1,2,27,the,11,no,no,1.0,152.0,302.0,152.0,152.0,0.0,152.0,1.0,0.0
1,2,27,race.,12,no,no,1.0,350.0,350.0,350.0,350.0,0.0,2054.0,1.0,1.0
1,2,26,The,0,yes,yes,1.0,199.0,1200.0,0.0,0.0,0.0,0.0,0.0,0.0
1,2,26,swimmer,1,yes,yes,1.0,101.0,1401.0,101.0,502.0,0.0,950.0,1.0,1.0
1,2,26,disappointed,2,yes,yes,1.0,1049.0,2449.0,1049.0,1049.0,0.0,1049.0,1.0,0.0
1,2,26,her,3,yes,yes,1.0,550.0,550.0,0.0,0.0,0.0,0.0,0.0,0.0
1,2,26,"coach,",4,yes,yes,1.0,451.0,1254.0,451.0,853.0,0.0,1453.0,1.0,1.0
1,2,26,and,5,yes,yes,1.0,449.0,449.0,449.0,449.0,0.0,449.0,1.0,0.0
1,2,26,her,6,yes,yes,1.0,100.0,201.0,100.0,100.0,0.0,100.0,1.0,0.0
1,2,26,mother,7,yes,yes,1.0,550.0,800.0,550.0,550.0,0.0,550.0,1.0,0.0
1,2,26,tried,8,yes,yes,1.0,100.0,100.0,0.0,0.0,0.0,0.0,0.0,0.0
1,2,26,to,9,yes,yes,1.0,299.0,299.0,0.0,0.0,0.0,0.0,0.0,0.0
1,2,26,console,10,yes,yes,1.0,600.0,3957.0,600.0,950.0,0.0,5102.0,1.0,1.0
1,2,26,her.,11,yes,yes,1.0,650.0,650.0,650.0,650.0,0.0,3657.0,1.0,1.0
1,2,25,The,0,yes,yes,1.0,459.0,1049.0,459.0,459.0,0.0,459.0,1.0,0.0
1,2,25,nurse,1,yes,yes,1.0,91.0,301.0,91.0,91.0,0.0,91.0,1.0,0.0
1,2,25,examined,2,yes,yes,1.0,558.0,1151.0,558.0,558.0,0.0,558.0,1.0,0.0
1,2,25,the,3,yes,yes,1.0,340.0,340.0,340.0,340.0,0.0,340.0,1.0,0.0
1,2,25,"mother,",4,yes,yes,1.0,552.0,860.0,552.0,552.0,0.0,552.0,1.0,0.0
1,2,25,and,5,yes,yes,1.0,90.0,90.0,0.0,0.0,0.0,0.0,0.0,0.0
1,2,25,the,6,yes,yes,1.0,102.0,460.0,102.0,102.0,0.0,102.0,1.0,0.0
1,2,25,child,7,yes,yes,1.0,447.0,447.0,447.0,447.0,0.0,447.0,1.0,0.0
1,2,25,played,8,yes,yes,1.0,156.0,255.0,156.0,156.0,0.0,156.0,1.0,0.0
1,2,25,quietly,9,yes,yes,1.0,393.0,744.0,393.0,393.0,0.0,393.0,1.0,0.0
1,2,25,in,10,yes,yes,1.0,0.0,0.0,0.0,0.0,0.0,0.0,0.0,0.0
1,2,25,the,11,yes,yes,1.0,150.0,3892.0,150.0,150.0,0.0,150.0,1.0,0.0
1,2,25,corner.,12,yes,yes,1.0,650.0,650.0,650.0,650.0,0.0,6991.0,1.0,1.0
1,5,24,The,0,no,no,1.0,551.0,1252.0,0.0,0.0,0.0,0.0,0.0,0.0
1,5,24,niece,1,no,no,1.0,299.0,550.0,299.0,399.0,0.0,950.0,1.0,1.0
1,5,24,of,2,no,no,1.0,100.0,100.0,100.0,100.0,0.0,100.0,1.0,0.0
1,5,24,the,3,no,no,1.0,249.0,951.0,249.0,249.0,0.0,249.0,1.0,0.0
1,5,24,butler,4,no,no,1.0,501.0,850.0,501.0,501.0,0.0,501.0,1.0,0.0
1,5,24,who,5,no,no,1.0,300.0,300.0,0.0,0.0,0.0,0.0,0.0,0.0
1,5,24,scolded,6,no,no,1.0,396.0,1447.0,396.0,396.0,0.0,396.0,1.0,0.0
1,5,24,herself,7,no,no,1.0,1151.0,1801.0,1151.0,1248.0,0.0,2498.0,1.0,1.0
1,5,24,for,8,no,no,1.0,0.0,0.0,0.0,0.0,0.0,0.0,0.0,0.0
1,5,24,losing,9,no,no,1.0,304.0,304.0,304.0,304.0,0.0,505.0,1.0,1.0
1,5,24,the,10,no,no,1.0,600.0,600.0,0.0,0.0,0.0,0.0,0.0,0.0
1,5,24,key,11,no,no,1.0,300.0,399.0,0.0,0.0,0.0,0.0,0.0,0.0
1,5,24,was,12,no,no,1.0,151.0,253.0,151.0,151.0,0.0,151.0,1.0,0.0
1,5,24,very,13,no,no,1.0,449.0,848.0,449.0,649.0,0.0,949.0,1.0,1.0
1,5,24,upset.,14,no,no,1.0,300.0,1201.0,300.0,1201.0,0.0,4557.0,1.0,1.0
1,5,23,The,0,no,no,1.0,500.0,1102.0,500.0,500.0,0.0,500.0,1.0,0.0
1,5,23,aunt,1,no,no,1.0,201.0,450.0,201.0,201.0,0.0,201.0,1.0,0.0
1,5,23,of,2,no,no,1.0,399.0,3386.0,399.0,399.0,0.0,399.0,1.0,0.0
1,5,23,the,3,no,no,1.0,0.0,0.0,0.0,0.0,0.0,0.0,0.0,0.0
1,5,23,waiter,4,no,no,1.0,750.0,1200.0,750.0,750.0,0.0,750.0,1.0,0.0
1,5,23,who,5,no,no,1.0,151.0,151.0,0.0,0.0,0.0,0.0,0.0,0.0
1,5,23,trained,6,no,no,1.0,600.0,849.0,600.0,600.0,0.0,600.0,1.0,0.0
1,5,23,herself,7,no,no,1.0,700.0,1200.0,700.0,700.0,0.0,700.0,1.0,0.0
1,5,23,to,8,no,no,1.0,399.0,399.0,0.0,0.0,0.0,0.0,0.0,0.0
1,5,23,cook,9,no,no,1.0,0.0,0.0,0.0,0.0,0.0,0.0,0.0,0.0
1,5,23,wanted,10,no,no,1.0,1901.0,2201.0,1901.0,2001.0,0.0,3800.0,1.0,1.0
1,5,23,to,11,no,no,1.0,348.0,348.0,348.0,348.0,0.0,548.0,1.0,1.0
1,5,23,own,12,no,no,1.0,102.0,102.0,102.0,102.0,0.0,102.0,1.0,0.0
1,5,23,a,13,no,no,1.0,0.0,0.0,0.0,0.0,0.0,0.0,0.0,0.0
1,5,23,restaurant.,14,no,no,1.0,750.0,750.0,750.0,750.0,0.0,4538.0,1.0,1.0
1,5,22,The,0,yes,yes,1.0,599.0,848.0,599.0,599.0,0.0,599.0,1.0,0.0
1,5,22,sister,1,yes,yes,1.0,351.0,601.0,351.0,351.0,0.0,351.0,1.0,0.0
1,5,22,of,2,yes,yes,1.0,99.0,99.0,99.0,99.0,0.0,99.0,1.0,0.0
1,5,22,the,3,yes,yes,1.0,303.0,946.0,0.0,0.0,0.0,0.0,0.0,0.0
1,5,22,boy,4,yes,yes,1.0,550.0,956.0,550.0,550.0,0.0,550.0,1.0,0.0
1,5,22,who,5,yes,yes,1.0,100.0,1099.0,100.0,100.0,0.0,100.0,1.0,0.0
1,5,22,taught,6,yes,yes,1.0,351.0,1200.0,351.0,351.0,0.0,351.0,1.0,0.0
1,5,22,herself,7,yes,yes,1.0,848.0,950.0,848.0,950.0,0.0,4649.0,1.0,1.0
1,5,22,advanced,8,yes,yes,1.0,399.0,399.0,399.0,399.0,0.0,399.0,1.0,0.0
1,5,22,mathematics,9,yes,yes,1.0,602.0,602.0,602.0,602.0,0.0,602.0,1.0,0.0
1,5,22,was,10,yes,yes,1.0,399.0,399.0,399.0,399.0,0.0,399.0,1.0,0.0
1,5,22,very,11,yes,yes,1.0,599.0,599.0,599.0,599.0,0.0,599.0,1.0,0.0
1,5,22,smart.,12,yes,yes,1.0,0.0,0.0,0.0,0.0,0.0,0.0,0.0,0.0
1,5,21,The,0,no,no,1.0,402.0,402.0,402.0,402.0,0.0,402.0,1.0,0.0
1,5,21,daughter,1,no,no,1.0,498.0,498.0,498.0,498.0,0.0,498.0,1.0,0.0
1,5,21,of,2,no,no,1.0,301.0,301.0,301.0,301.0,0.0,301.0,1.0,0.0
1,5,21,the,3,no,no,1.0,150.0,150.0,150.0,150.0,0.0,150.0,1.0,0.0
1,5,21,king,4,no,no,1.0,98.0,98.0,98.0,98.0,0.0,98.0,1.0,0.0
1,5,21,who,5,no,no,1.0,553.0,553.0,553.0,553.0,0.0,553.0,1.0,0.0
1,5,21,devoted,6,no,no,1.0,98.0,98.0,98.0,98.0,0.0,98.0,1.0,0.0
1,5,21,herself,7,no,no,1.0,149.0,149.0,149.0,149.0,0.0,149.0,1.0,0.0
1,5,21,to,8,no,no,1.0,653.0,653.0,653.0,653.0,0.0,653.0,1.0,0.0
1,5,21,the,9,no,no,1.0,101.0,101.0,101.0,101.0,0.0,101.0,1.0,0.0
1,5,21,kingdom,10,no,no,1.0,499.0,499.0,499.0,499.0,0.0,499.0,1.0,0.0
1,5,21,was,11,no,no,1.0,299.0,299.0,299.0,299.0,0.0,299.0,1.0,0.0
1,5,21,never,12,no,no,1.0,248.0,248.0,248.0,248.0,0.0,248.0,1.0,0.0
1,5,21,emotional.,13,no,no,1.0,3923.0,3923.0,3923.0,3923.0,0.0,3923.0,1.0,0.0
1,5,20,The,0,yes,yes,1.0,400.0,699.0,0.0,0.0,0.0,0.0,0.0,0.0
1,5,20,niece,1,yes,yes,1.0,347.0,1250.0,347.0,447.0,0.0,847.0,1.0,1.0
1,5,20,of,2,yes,yes,1.0,202.0,951.0,202.0,202.0,0.0,202.0,1.0,0.0
1,5,20,the,3,yes,yes,1.0,198.0,296.0,198.0,198.0,0.0,198.0,1.0,0.0
1,5,20,fisherman,4,yes,yes,1.0,600.0,2148.0,600.0,600.0,0.0,600.0,1.0,0.0
1,5,20,who,5,yes,yes,1.0,100.0,1097.0,100.0,100.0,0.0,100.0,1.0,0.0
1,5,20,got,6,yes,yes,1.0,200.0,700.0,200.0,200.0,0.0,200.0,1.0,0.0
1,5,20,herself,7,yes,yes,1.0,651.0,999.0,651.0,651.0,0.0,651.0,1.0,0.0
1,5,20,a,8,yes,yes,1.0,0.0,0.0,0.0,0.0,0.0,0.0,0.0,0.0
1,5,20,sailboat,9,yes,yes,1.0,449.0,1049.0,449.0,449.0,0.0,449.0,1.0,0.0
1,5,20,learned,10,yes,yes,1.0,300.0,400.0,300.0,300.0,0.0,300.0,1.0,0.0
1,5,20,to,11,yes,yes,1.0,400.0,500.0,400.0,500.0,0.0,6542.0,1.0,1.0
1,5,20,sail.,12,yes,yes,1.0,0.0,0.0,0.0,0.0,0.0,0.0,0.0,0.0
1,5,19,The,0,yes,yes,1.0,400.0,800.0,400.0,400.0,0.0,400.0,1.0,0.0
1,5,19,grandma,1,yes,yes,1.0,148.0,404.0,148.0,148.0,0.0,148.0,1.0,0.0
1,5,19,of,2,yes,yes,1.0,101.0,101.0,101.0,101.0,0.0,101.0,1.0,0.0
1,5,19,the,3,yes,yes,1.0,499.0,749.0,499.0,499.0,0.0,499.0,1.0,0.0
1,5,19,policeman,4,yes,yes,1.0,453.0,1003.0,453.0,453.0,0.0,453.0,1.0,0.0
1,5,19,who,5,yes,yes,1.0,450.0,450.0,0.0,0.0,0.0,0.0,0.0,0.0
1,5,19,educated,6,yes,yes,1.0,545.0,945.0,545.0,545.0,0.0,545.0,1.0,0.0
1,5,19,herself,7,yes,yes,1.0,453.0,1003.0,453.0,453.0,0.0,453.0,1.0,0.0
1,5,19,at,8,yes,yes,1.0,201.0,201.0,201.0,201.0,0.0,401.0,1.0,1.0
1,5,19,night,9,yes,yes,1.0,0.0,0.0,0.0,0.0,0.0,0.0,0.0,0.0
1,5,19,became,10,yes,yes,1.0,600.0,852.0,600.0,852.0,0.0,3508.0,1.0,1.0
1,5,19,a,11,yes,yes,1.0,0.0,0.0,0.0,0.0,0.0,0.0,0.0,0.0
1,5,19,teacher.,12,yes,yes,1.0,200.0,200.0,200.0,200.0,0.0,200.0,1.0,0.0
1,5,18,The,0,yes,yes,1.0,501.0,1201.0,501.0,501.0,0.0,501.0,1.0,0.0
1,5,18,uncle,1,yes,yes,1.0,150.0,650.0,150.0,150.0,0.0,150.0,1.0,0.0
1,5,18,of,2,yes,yes,1.0,299.0,401.0,299.0,299.0,0.0,299.0,1.0,0.0
1,5,18,the,3,yes,yes,1.0,101.0,445.0,101.0,101.0,0.0,101.0,1.0,0.0
1,5,18,girl,4,yes,yes,1.0,349.0,605.0,349.0,349.0,0.0,349.0,1.0,0.0
1,5,18,who,5,yes,yes,1.0,400.0,1447.0,0.0,0.0,0.0,0.0,0.0,0.0
1,5,18,prepared,6,yes,yes,1.0,600.0,845.0,600.0,600.0,0.0,600.0,1.0,0.0
1,5,18,himself,7,yes,yes,1.0,98.0,1553.0,98.0,98.0,0.0,98.0,1.0,0.0
1,5,18,for,8,yes,yes,1.0,850.0,850.0,0.0,0.0,0.0,0.0,0.0,0.0
1,5,18,the,9,yes,yes,1.0,101.0,101.0,101.0,101.0,0.0,101.0,1.0,0.0
1,5,18,race,10,yes,yes,1.0,349.0,349.0,349.0,349.0,0.0,6248.0,1.0,1.0
1,5,18,was,11,yes,yes,1.0,402.0,402.0,402.0,402.0,0.0,402.0,1.0,0.0
1,5,18,a,12,yes,yes,1.0,0.0,0.0,0.0,0.0,0.0,0.0,0.0,0.0
1,5,18,great,13,yes,yes,1.0,0.0,0.0,0.0,0.0,0.0,0.0,0.0,0.0
1,5,18,athlete.,14,yes,yes,1.0,348.0,348.0,348.0,348.0,0.0,348.0,1.0,0.0
1,5,17,The,0,no,no,1.0,450.0,596.0,450.0,450.0,0.0,450.0,1.0,0.0
1,5,17,nephew,1,no,no,1.0,297.0,649.0,297.0,297.0,0.0,297.0,1.0,0.0
1,5,17,of,2,no,no,1.0,102.0,200.0,102.0,102.0,0.0,102.0,1.0,0.0
1,5,17,the,3,no,no,1.0,550.0,950.0,550.0,550.0,0.0,550.0,1.0,0.0
1,5,17,queen,4,no,no,1.0,201.0,201.0,201.0,201.0,0.0,201.0,1.0,0.0
1,5,17,who,5,no,no,1.0,147.0,999.0,147.0,147.0,0.0,147.0,1.0,0.0
1,5,17,praised,6,no,no,1.0,702.0,1000.0,702.0,702.0,0.0,702.0,1.0,0.0
1,5,17,himself,7,no,no,1.0,550.0,703.0,550.0,550.0,0.0,550.0,1.0,0.0
1,5,17,all,8,no,no,1.0,348.0,348.0,348.0,348.0,0.0,348.0,1.0,0.0
1,5,17,the,9,no,no,1.0,150.0,453.0,150.0,150.0,0.0,150.0,1.0,0.0
1,5,17,time,10,no,no,1.0,152.0,345.0,152.0,152.0,0.0,152.0,1.0,0.0
1,5,17,was,11,no,no,1.0,98.0,355.0,98.0,98.0,0.0,98.0,1.0,0.0
1,5,17,very,12,no,no,1.0,200.0,447.0,200.0,200.0,0.0,200.0,1.0,0.0
1,5,17,rude.,13,no,no,1.0,101.0,405.0,101.0,405.0,0.0,3704.0,1.0,1.0
1,6,8,The,0,no,no,1.0,491.0,491.0,491.0,491.0,491.0,491.0,1.0,0.0
1,6,8,aunt,1,no,no,1.0,156.0,557.0,0.0,0.0,0.0,0.0,0.0,0.0
1,6,8,of,2,no,no,1.0,0.0,0.0,0.0,0.0,0.0,0.0,0.0,0.0
1,6,8,the,3,no,no,1.0,301.0,301.0,0.0,0.0,0.0,0.0,0.0,0.0
1,6,8,schoolboy,4,no,no,1.0,440.0,1888.0,440.0,440.0,440.0,596.0,1.0,1.0
1,6,8,who,5,no,no,1.0,89.0,391.0,0.0,0.0,0.0,0.0,0.0,0.0
1,6,8,hurt,6,no,no,1.0,658.0,859.0,658.0,658.0,658.0,658.0,1.0,0.0
1,6,8,himself,7,no,no,1.0,248.0,636.0,0.0,0.0,0.0,0.0,0.0,0.0
1,6,8,was,8,no,no,1.0,250.0,250.0,0.0,0.0,0.0,0.0,0.0,0.0
1,6,8,concerned,9,no,no,1.0,249.0,1149.0,249.0,710.0,710.0,2662.0,1.0,1.0
1,6,8,about,10,no,no,1.0,291.0,593.0,291.0,593.0,593.0,2708.0,1.0,1.0
1,6,8,the,11,no,no,1.0,158.0,158.0,158.0,158.0,158.0,158.0,1.0,0.0
1,6,8,injury.,12,no,no,1.0,3492.0,3492.0,3492.0,3492.0,3492.0,3492.0,1.0,0.0
1,6,7,The,0,no,no,1.0,304.0,506.0,304.0,304.0,304.0,304.0,1.0,0.0
1,6,7,grandma,1,no,no,1.0,296.0,644.0,296.0,296.0,296.0,296.0,1.0,0.0
1,6,7,of,2,no,no,1.0,0.0,0.0,0.0,0.0,0.0,0.0,0.0,0.0
1,6,7,the,3,no,no,1.0,503.0,1103.0,503.0,503.0,503.0,503.0,1.0,0.0
1,6,7,fireman,4,no,no,1.0,199.0,546.0,199.0,199.0,199.0,199.0,1.0,0.0
1,6,7,who,5,no,no,1.0,248.0,498.0,248.0,248.0,248.0,248.0,1.0,0.0
1,6,7,criticized,6,no,no,1.0,200.0,1749.0,200.0,546.0,546.0,996.0,1.0,1.0
1,6,7,himself,7,no,no,1.0,552.0,849.0,552.0,552.0,552.0,552.0,1.0,0.0
1,6,7,far,8,no,no,1.0,0.0,0.0,0.0,0.0,0.0,0.0,0.0,0.0
1,6,7,too,9,no,no,1.0,200.0,200.0,200.0,200.0,200.0,200.0,1.0,0.0
1,6,7,often,10,no,no,1.0,255.0,351.0,255.0,255.0,255.0,255.0,1.0,0.0
1,6,7,was,11,no,no,1.0,196.0,196.0,196.0,196.0,196.0,196.0,1.0,0.0
1,6,7,anxious.,12,no,no,1.0,649.0,999.0,649.0,999.0,999.0,3892.0,1.0,1.0
1,6,6,The,0,yes,yes,1.0,400.0,499.0,400.0,400.0,400.0,400.0,1.0,0.0
1,6,6,grandfather,1,yes,yes,1.0,299.0,799.0,299.0,299.0,299.0,299.0,1.0,0.0
1,6,6,of,2,yes,yes,1.0,400.0,400.0,400.0,400.0,400.0,400.0,1.0,0.0
1,6,6,the,3,yes,yes,1.0,0.0,0.0,0.0,0.0,0.0,0.0,0.0,0.0
1,6,6,woman,4,yes,yes,1.0,545.0,1045.0,545.0,545.0,545.0,545.0,1.0,0.0
1,6,6,who,5,yes,yes,1.0,0.0,0.0,0.0,0.0,0.0,0.0,0.0,0.0
1,6,6,killed,6,yes,yes,1.0,100.0,449.0,100.0,100.0,100.0,100.0,1.0,0.0
1,6,6,herself,7,yes,yes,1.0,500.0,500.0,500.0,500.0,500.0,500.0,1.0,0.0
1,6,6,last,8,yes,yes,1.0,351.0,351.0,351.0,351.0,351.0,351.0,1.0,0.0
1,6,6,summer,9,yes,yes,1.0,449.0,1200.0,449.0,449.0,449.0,449.0,1.0,0.0
1,6,6,had,10,yes,yes,1.0,0.0,0.0,0.0,0.0,0.0,0.0,0.0,0.0
1,6,6,been,11,yes,yes,1.0,199.0,199.0,199.0,199.0,199.0,199.0,1.0,0.0
1,6,6,to,12,yes,yes,1.0,650.0,650.0,650.0,650.0,650.0,2849.0,1.0,1.0
1,6,6,prison.,13,yes,yes,1.0,101.0,101.0,101.0,101.0,101.0,101.0,1.0,0.0
1,6,5,The,0,yes,yes,1.0,650.0,1101.0,650.0,650.0,650.0,650.0,1.0,0.0
1,6,5,brother,1,yes,yes,1.0,200.0,697.0,200.0,200.0,200.0,200.0,1.0,0.0
1,6,5,of,2,yes,yes,1.0,200.0,200.0,200.0,200.0,200.0,200.0,1.0,0.0
1,6,5,the,3,yes,yes,1.0,149.0,149.0,0.0,0.0,0.0,0.0,0.0,0.0
1,6,5,schoolgirl,4,yes,yes,1.0,698.0,1448.0,698.0,698.0,698.0,698.0,1.0,0.0
1,6,5,who,5,yes,yes,1.0,250.0,250.0,250.0,250.0,250.0,250.0,1.0,0.0
1,6,5,burned,6,yes,yes,1.0,550.0,801.0,550.0,550.0,550.0,550.0,1.0,0.0
1,6,5,herself,7,yes,yes,1.0,250.0,599.0,250.0,250.0,250.0,250.0,1.0,0.0
1,6,5,was,8,yes,yes,1.0,301.0,403.0,301.0,301.0,301.0,301.0,1.0,0.0
1,6,5,usually,9,yes,yes,1.0,200.0,400.0,200.0,200.0,200.0,200.0,1.0,0.0
1,6,5,very,10,yes,yes,1.0,150.0,248.0,150.0,150.0,150.0,150.0,1.0,0.0
1,6,5,careful.,11,yes,yes,1.0,351.0,351.0,351.0,351.0,351.0,3198.0,1.0,1.0
1,3,71,Bob,0,no,no,1.0,550.0,850.0,550.0,550.0,0.0,550.0,1.0,0.0
1,3,71,will,1,no,no,1.0,350.0,800.0,350.0,350.0,0.0,650.0,1.0,1.0
1,3,71,complete,2,no,no,1.0,748.0,3706.0,748.0,748.0,0.0,748.0,1.0,0.0
1,3,71,the,3,no,no,1.0,0.0,0.0,0.0,0.0,0.0,0.0,0.0,0.0
1,3,71,project,4,no,no,1.0,401.0,401.0,401.0,401.0,0.0,401.0,1.0,0.0
1,3,71,he,5,no,no,1.0,496.0,496.0,496.0,496.0,0.0,496.0,1.0,0.0
1,3,71,started,6,no,no,1.0,103.0,103.0,103.0,103.0,0.0,103.0,1.0,0.0
1,3,71,next,7,no,no,1.0,447.0,447.0,447.0,447.0,0.0,447.0,1.0,0.0
1,3,71,"month,",8,no,no,1.0,400.0,400.0,400.0,400.0,0.0,400.0,1.0,0.0
1,3,71,but,9,no,no,1.0,0.0,0.0,0.0,0.0,0.0,0.0,0.0,0.0
1,3,71,Fred,10,no,no,1.0,304.0,304.0,304.0,304.0,0.0,304.0,1.0,0.0
1,3,71,won't,11,no,no,1.0,96.0,96.0,96.0,96.0,0.0,96.0,1.0,0.0
1,3,71,finish,12,no,no,1.0,150.0,250.0,150.0,150.0,0.0,150.0,1.0,0.0
1,3,71,his.,13,no,no,1.0,500.0,500.0,500.0,500.0,0.0,4008.0,1.0,1.0
1,6,4,The,0,no,no,1.0,547.0,547.0,547.0,547.0,547.0,547.0,1.0,0.0
1,6,4,son,1,no,no,1.0,501.0,1145.0,501.0,501.0,501.0,501.0,1.0,0.0
1,6,4,of,2,no,no,1.0,0.0,0.0,0.0,0.0,0.0,0.0,0.0,0.0
1,6,4,the,3,no,no,1.0,0.0,0.0,0.0,0.0,0.0,0.0,0.0,0.0
1,6,4,lady,4,no,no,1.0,350.0,751.0,350.0,350.0,350.0,350.0,1.0,0.0
1,6,4,who,5,no,no,1.0,101.0,199.0,101.0,101.0,101.0,101.0,1.0,0.0
1,6,4,politely,6,no,no,1.0,699.0,849.0,699.0,699.0,699.0,699.0,1.0,0.0
1,6,4,introduced,7,no,no,1.0,400.0,703.0,400.0,400.0,400.0,400.0,1.0,0.0
1,6,4,herself,8,no,no,1.0,503.0,953.0,503.0,503.0,503.0,503.0,1.0,0.0
1,6,4,was,9,no,no,1.0,97.0,248.0,97.0,97.0,97.0,97.0,1.0,0.0
1,6,4,popular,10,no,no,1.0,502.0,700.0,502.0,502.0,502.0,502.0,1.0,0.0
1,6,4,at,11,no,no,1.0,948.0,948.0,948.0,948.0,948.0,948.0,1.0,0.0
1,6,4,the,12,no,no,1.0,102.0,351.0,102.0,102.0,102.0,102.0,1.0,0.0
1,6,4,party.,13,no,no,1.0,98.0,247.0,98.0,247.0,247.0,2891.0,1.0,1.0
1,6,3,The,0,no,no,1.0,494.0,735.0,494.0,494.0,494.0,494.0,1.0,0.0
1,6,3,uncle,1,no,no,1.0,247.0,697.0,247.0,247.0,247.0,247.0,1.0,0.0
1,6,3,of,2,no,no,1.0,0.0,0.0,0.0,0.0,0.0,0.0,0.0,0.0
1,6,3,the,3,no,no,1.0,105.0,105.0,105.0,105.0,105.0,105.0,1.0,0.0
1,6,3,waitress,4,no,no,1.0,490.0,1140.0,490.0,490.0,490.0,490.0,1.0,0.0
1,6,3,who,5,no,no,1.0,110.0,201.0,110.0,110.0,110.0,110.0,1.0,0.0
1,6,3,hurt,6,no,no,1.0,540.0,740.0,540.0,540.0,540.0,540.0,1.0,0.0
1,6,3,herself,7,no,no,1.0,358.0,817.0,358.0,358.0,358.0,358.0,1.0,0.0
1,6,3,was,8,no,no,1.0,448.0,546.0,448.0,448.0,448.0,448.0,1.0,0.0
1,6,3,shocked,9,no,no,1.0,148.0,591.0,148.0,148.0,148.0,148.0,1.0,0.0
1,6,3,by,10,no,no,1.0,97.0,97.0,97.0,97.0,97.0,97.0,1.0,0.0
1,6,3,the,11,no,no,1.0,104.0,104.0,104.0,104.0,104.0,104.0,1.0,0.0
1,6,3,accident.,12,no,no,1.0,496.0,1096.0,496.0,1096.0,1096.0,3728.0,1.0,1.0
1,6,1,The,0,yes,yes,1.0,698.0,1149.0,698.0,698.0,698.0,698.0,1.0,0.0
1,6,1,son,1,yes,yes,1.0,152.0,398.0,152.0,152.0,152.0,152.0,1.0,0.0
1,6,1,of,2,yes,yes,1.0,0.0,0.0,0.0,0.0,0.0,0.0,0.0,0.0
1,6,1,the,3,yes,yes,1.0,400.0,400.0,400.0,400.0,400.0,400.0,1.0,0.0
1,6,1,actress,4,yes,yes,1.0,200.0,745.0,200.0,200.0,200.0,200.0,1.0,0.0
1,6,1,who,5,yes,yes,1.0,450.0,603.0,450.0,450.0,450.0,450.0,1.0,0.0
1,6,1,shot,6,yes,yes,1.0,152.0,309.0,152.0,152.0,152.0,152.0,1.0,0.0
1,6,1,herself,7,yes,yes,1.0,598.0,1238.0,598.0,598.0,598.0,598.0,1.0,0.0
1,6,1,on,8,yes,yes,1.0,0.0,0.0,0.0,0.0,0.0,0.0,0.0,0.0
1,6,1,the,9,yes,yes,1.0,153.0,153.0,0.0,0.0,0.0,0.0,0.0,0.0
1,6,1,set,10,yes,yes,1.0,103.0,857.0,103.0,103.0,103.0,103.0,1.0,0.0
1,6,1,was,11,yes,yes,1.0,347.0,749.0,347.0,347.0,347.0,551.0,1.0,1.0
1,6,1,under,12,yes,yes,1.0,203.0,813.0,203.0,663.0,663.0,1165.0,1.0,1.0
1,6,1,investigation.,13,yes,yes,1.0,152.0,152.0,152.0,152.0,152.0,3097.0,1.0,1.0
1,1,44,The,0,no,no,1.0,650.0,650.0,650.0,650.0,0.0,650.0,1.0,0.0
1,1,44,actress,1,no,no,1.0,452.0,954.0,452.0,452.0,0.0,452.0,1.0,0.0
1,1,44,yelled,2,no,no,1.0,0.0,0.0,0.0,0.0,0.0,0.0,0.0,0.0
1,1,44,at,3,no,no,1.0,0.0,0.0,0.0,0.0,0.0,0.0,0.0,0.0
1,1,44,the,4,no,no,1.0,648.0,648.0,648.0,648.0,0.0,648.0,1.0,0.0
1,1,44,cameraman,5,no,no,1.0,600.0,1351.0,600.0,600.0,0.0,600.0,1.0,0.0
1,1,44,and,6,no,no,1.0,147.0,147.0,0.0,0.0,0.0,0.0,0.0,0.0
1,1,44,the,7,no,no,1.0,0.0,0.0,0.0,0.0,0.0,0.0,0.0,0.0
1,1,44,director,8,no,no,1.0,601.0,1002.0,601.0,601.0,0.0,748.0,1.0,1.0
1,1,44,hurried,9,no,no,1.0,199.0,301.0,0.0,0.0,0.0,0.0,0.0,0.0
1,1,44,out,10,no,no,1.0,0.0,0.0,0.0,0.0,0.0,0.0,0.0,0.0
1,1,44,of,11,no,no,1.0,149.0,149.0,149.0,149.0,0.0,348.0,1.0,1.0
1,1,44,the,12,no,no,1.0,450.0,747.0,450.0,747.0,0.0,2503.0,1.0,1.0
1,1,44,room.,13,no,no,1.0,205.0,205.0,205.0,205.0,0.0,205.0,1.0,0.0
1,6,2,The,0,yes,yes,1.0,451.0,751.0,451.0,451.0,451.0,451.0,1.0,0.0
1,6,2,brother,1,yes,yes,1.0,800.0,1000.0,800.0,800.0,800.0,800.0,1.0,0.0
1,6,2,of,2,yes,yes,1.0,0.0,0.0,0.0,0.0,0.0,0.0,0.0,0.0
1,6,2,the,3,yes,yes,1.0,449.0,1048.0,449.0,449.0,449.0,449.0,1.0,0.0
1,6,2,bride,4,yes,yes,1.0,151.0,151.0,151.0,151.0,151.0,151.0,1.0,0.0
1,6,2,who,5,yes,yes,1.0,251.0,251.0,251.0,251.0,251.0,251.0,1.0,0.0
1,6,2,embarrassed,6,yes,yes,1.0,999.0,1450.0,999.0,999.0,999.0,999.0,1.0,0.0
1,6,2,herself,7,yes,yes,1.0,452.0,701.0,452.0,452.0,452.0,452.0,1.0,0.0
1,6,2,at,8,yes,yes,1.0,148.0,148.0,148.0,148.0,148.0,148.0,1.0,0.0
1,6,2,the,9,yes,yes,1.0,101.0,101.0,101.0,101.0,101.0,101.0,1.0,0.0
1,6,2,wedding,10,yes,yes,1.0,299.0,299.0,299.0,299.0,299.0,299.0,1.0,0.0
1,6,2,felt,11,yes,yes,1.0,200.0,200.0,200.0,200.0,200.0,200.0,1.0,0.0
1,6,2,ashamed.,12,yes,yes,1.0,550.0,550.0,550.0,550.0,550.0,2349.0,1.0,1.0
1,8,134,The,0,yes,yes,1.0,449.0,650.0,449.0,449.0,449.0,449.0,1.0,0.0
1,8,134,children,1,yes,yes,1.0,304.0,304.0,304.0,304.0,304.0,304.0,1.0,0.0
1,8,134,of,2,yes,yes,1.0,403.0,403.0,403.0,403.0,403.0,403.0,1.0,0.0
1,8,134,the,3,yes,yes,1.0,0.0,0.0,0.0,0.0,0.0,0.0,0.0,0.0
1,8,134,rich,4,yes,yes,1.0,108.0,108.0,108.0,108.0,108.0,108.0,1.0,0.0
1,8,134,man,5,yes,yes,1.0,492.0,492.0,492.0,492.0,492.0,492.0,1.0,0.0
1,8,134,were,6,yes,yes,1.0,659.0,659.0,659.0,659.0,659.0,659.0,1.0,0.0
1,8,134,"spoiled,",7,yes,yes,1.0,340.0,340.0,340.0,340.0,340.0,340.0,1.0,0.0
1,8,134,but,8,yes,yes,1.0,0.0,0.0,0.0,0.0,0.0,0.0,0.0,0.0
1,8,134,they,9,yes,yes,1.0,390.0,390.0,390.0,390.0,390.0,390.0,1.0,0.0
1,8,134,were,10,yes,yes,1.0,99.0,206.0,99.0,99.0,99.0,99.0,1.0,0.0
1,8,134,charming,11,yes,yes,1.0,204.0,204.0,204.0,204.0,204.0,204.0,1.0,0.0
1,8,134,and,12,yes,yes,1.0,146.0,146.0,146.0,146.0,146.0,146.0,1.0,0.0
1,8,134,handsome.,13,yes,yes,1.0,551.0,551.0,551.0,551.0,551.0,859.0,1.0,1.0
1,8,133,"Yesterday,",0,no,no,1.0,499.0,2894.0,499.0,499.0,499.0,499.0,1.0,0.0
1,8,133,the,1,no,no,1.0,304.0,304.0,304.0,304.0,304.0,2300.0,1.0,1.0
1,8,133,wife,2,no,no,1.0,396.0,596.0,396.0,396.0,396.0,396.0,1.0,0.0
1,8,133,of,3,no,no,1.0,0.0,0.0,0.0,0.0,0.0,0.0,0.0,0.0
1,8,133,the,4,no,no,1.0,402.0,402.0,0.0,0.0,0.0,0.0,0.0,0.0
1,8,133,politician,5,no,no,1.0,593.0,741.0,593.0,593.0,593.0,593.0,1.0,0.0
1,8,133,discussed,6,no,no,1.0,504.0,1005.0,504.0,504.0,504.0,504.0,1.0,0.0
1,8,133,health,7,no,no,1.0,200.0,854.0,200.0,200.0,200.0,200.0,1.0,0.0
1,8,133,care,8,no,no,1.0,95.0,590.0,95.0,95.0,95.0,95.0,1.0,0.0
1,8,133,with,9,no,no,1.0,300.0,401.0,300.0,401.0,401.0,800.0,1.0,1.0
1,8,133,old,10,no,no,1.0,150.0,301.0,150.0,150.0,150.0,150.0,1.0,0.0
1,8,133,people.,11,no,no,1.0,250.0,3905.0,250.0,3905.0,3905.0,6456.0,1.0,1.0
1,8,132,The,0,yes,yes,1.0,599.0,599.0,599.0,599.0,599.0,599.0,1.0,0.0
1,8,132,boyfriend,1,yes,yes,1.0,200.0,200.0,200.0,200.0,200.0,200.0,1.0,0.0
1,8,132,of,2,yes,yes,1.0,97.0,97.0,97.0,97.0,97.0,97.0,1.0,0.0
1,8,132,the,3,yes,yes,1.0,104.0,208.0,104.0,104.0,104.0,104.0,1.0,0.0
1,8,132,model,4,yes,yes,1.0,547.0,1145.0,547.0,547.0,547.0,547.0,1.0,0.0
1,8,132,was,5,yes,yes,1.0,147.0,147.0,0.0,0.0,0.0,0.0,0.0,0.0
1,8,132,killed,6,yes,yes,1.0,498.0,595.0,498.0,498.0,498.0,498.0,1.0,0.0
1,8,132,in,7,yes,yes,1.0,0.0,0.0,0.0,0.0,0.0,0.0,0.0,0.0
1,8,132,an,8,yes,yes,1.0,0.0,0.0,0.0,0.0,0.0,0.0,0.0,0.0
1,8,132,accident,9,yes,yes,1.0,447.0,447.0,447.0,447.0,447.0,447.0,1.0,0.0
1,8,132,while,10,yes,yes,1.0,156.0,156.0,156.0,156.0,156.0,156.0,1.0,0.0
1,8,132,skiing,11,yes,yes,1.0,396.0,396.0,396.0,396.0,396.0,396.0,1.0,0.0
1,8,132,last,12,yes,yes,1.0,147.0,147.0,0.0,0.0,0.0,0.0,0.0,0.0
1,8,132,week.,13,yes,yes,1.0,300.0,300.0,300.0,300.0,300.0,1393.0,1.0,1.0
1,8,131,The,0,yes,yes,1.0,542.0,792.0,542.0,542.0,542.0,542.0,1.0,0.0
1,8,131,cute,1,yes,yes,1.0,157.0,256.0,157.0,157.0,157.0,157.0,1.0,0.0
1,8,131,girl,2,yes,yes,1.0,300.0,397.0,300.0,300.0,300.0,300.0,1.0,0.0
1,8,131,who,3,yes,yes,1.0,500.0,500.0,500.0,500.0,500.0,500.0,1.0,0.0
1,8,131,was,4,yes,yes,1.0,100.0,100.0,0.0,0.0,0.0,0.0,0.0,0.0
1,8,131,on,5,yes,yes,1.0,0.0,0.0,0.0,0.0,0.0,0.0,0.0,0.0
1,8,131,the,6,yes,yes,1.0,400.0,400.0,400.0,400.0,400.0,400.0,1.0,0.0
1,8,131,cover,7,yes,yes,1.0,99.0,201.0,99.0,99.0,99.0,99.0,1.0,0.0
1,8,131,of,8,yes,yes,1.0,202.0,202.0,0.0,0.0,0.0,0.0,0.0,0.0
1,8,131,the,9,yes,yes,1.0,107.0,206.0,107.0,107.0,107.0,107.0,1.0,0.0
1,8,131,magazine,10,yes,yes,1.0,551.0,1100.0,551.0,551.0,551.0,551.0,1.0,0.0
1,8,131,became,11,yes,yes,1.0,299.0,591.0,299.0,299.0,299.0,299.0,1.0,0.0
1,8,131,a,12,yes,yes,1.0,351.0,351.0,351.0,351.0,351.0,351.0,1.0,0.0
1,8,131,famous,13,yes,yes,1.0,101.0,442.0,0.0,0.0,0.0,0.0,0.0,0.0
1,8,131,doctor.,14,yes,yes,1.0,604.0,707.0,604.0,707.0,707.0,2939.0,1.0,1.0
1,8,130,The,0,no,no,1.0,501.0,501.0,501.0,501.0,501.0,501.0,1.0,0.0
1,8,130,writer,1,no,no,1.0,99.0,99.0,99.0,99.0,99.0,99.0,1.0,0.0
1,8,130,of,2,no,no,1.0,101.0,101.0,101.0,101.0,101.0,101.0,1.0,0.0
1,8,130,the,3,no,no,1.0,200.0,200.0,200.0,200.0,200.0,200.0,1.0,0.0
1,8,130,novels,4,no,no,1.0,600.0,600.0,600.0,600.0,600.0,600.0,1.0,0.0
1,8,130,thought,5,no,no,1.0,201.0,449.0,201.0,201.0,201.0,201.0,1.0,0.0
1,8,130,himself,6,no,no,1.0,200.0,300.0,200.0,300.0,300.0,548.0,1.0,1.0
1,8,130,to,7,no,no,1.0,0.0,0.0,0.0,0.0,0.0,0.0,0.0,0.0
1,8,130,be,8,no,no,1.0,0.0,0.0,0.0,0.0,0.0,0.0,0.0,0.0
1,8,130,a,9,no,no,1.0,0.0,0.0,0.0,0.0,0.0,0.0,0.0,0.0
1,8,130,"genius,",10,no,no,1.0,650.0,650.0,650.0,650.0,650.0,650.0,1.0,0.0
1,8,130,but,11,no,no,1.0,101.0,101.0,101.0,101.0,101.0,101.0,1.0,0.0
1,8,130,he,12,no,no,1.0,299.0,299.0,299.0,299.0,299.0,299.0,1.0,0.0
1,8,130,wasn't.,13,no,no,1.0,3040.0,3040.0,3040.0,3040.0,3040.0,3040.0,1.0,0.0
1,8,129,Todd,0,no,no,1.0,700.0,700.0,700.0,700.0,700.0,700.0,1.0,0.0
1,8,129,wanted,1,no,no,1.0,403.0,403.0,403.0,403.0,403.0,403.0,1.0,0.0
1,8,129,to,2,no,no,1.0,148.0,148.0,148.0,148.0,148.0,148.0,1.0,0.0
1,8,129,be,3,no,no,1.0,349.0,349.0,349.0,349.0,349.0,349.0,1.0,0.0
1,8,129,a,4,no,no,1.0,0.0,0.0,0.0,0.0,0.0,0.0,0.0,0.0
1,8,129,"barber,",5,no,no,1.0,202.0,202.0,202.0,202.0,202.0,202.0,1.0,0.0
1,8,129,but,6,no,no,1.0,147.0,147.0,147.0,147.0,147.0,147.0,1.0,0.0
1,8,129,his,7,no,no,1.0,452.0,452.0,452.0,452.0,452.0,452.0,1.0,0.0
1,8,129,shaky,8,no,no,1.0,348.0,348.0,348.0,348.0,348.0,348.0,1.0,0.0
1,8,129,hands,9,no,no,1.0,502.0,502.0,502.0,502.0,502.0,502.0,1.0,0.0
1,8,129,prevented,10,no,no,1.0,201.0,201.0,201.0,201.0,201.0,201.0,1.0,0.0
1,8,129,him,11,no,no,1.0,149.0,149.0,149.0,149.0,149.0,149.0,1.0,0.0
1,8,129,from,12,no,no,1.0,298.0,298.0,298.0,298.0,298.0,298.0,1.0,0.0
1,8,129,becoming,13,no,no,1.0,3240.0,3240.0,3240.0,3240.0,3240.0,3240.0,1.0,0.0
1,8,129,one.,14,no,no,1.0,0.0,0.0,0.0,0.0,0.0,0.0,0.0,0.0
1,8,128,Julie,0,no,no,1.0,652.0,1151.0,652.0,652.0,652.0,652.0,1.0,0.0
1,8,128,dated,1,no,no,1.0,449.0,1145.0,449.0,449.0,449.0,449.0,1.0,0.0
1,8,128,Adam,2,no,no,1.0,299.0,848.0,299.0,299.0,299.0,299.0,1.0,0.0
1,8,128,and,3,no,no,1.0,149.0,450.0,149.0,149.0,149.0,149.0,1.0,0.0
1,8,128,"Andy,",4,no,no,1.0,552.0,853.0,552.0,552.0,552.0,552.0,1.0,0.0
1,8,128,but,5,no,no,1.0,150.0,600.0,150.0,150.0,150.0,150.0,1.0,0.0
1,8,128,she,6,no,no,1.0,149.0,299.0,149.0,299.0,299.0,2049.0,1.0,1.0
1,8,128,married,7,no,no,1.0,700.0,798.0,700.0,700.0,700.0,700.0,1.0,0.0
1,8,128,Jeff,8,no,no,1.0,350.0,350.0,0.0,0.0,0.0,0.0,0.0,0.0
1,8,128,in,9,no,no,1.0,251.0,251.0,0.0,0.0,0.0,0.0,0.0,0.0
1,8,128,Las,10,no,no,1.0,249.0,249.0,249.0,249.0,249.0,249.0,1.0,0.0
1,8,128,Vegas,11,no,no,1.0,200.0,299.0,200.0,200.0,200.0,200.0,1.0,0.0
1,8,128,last,12,no,no,1.0,100.0,100.0,100.0,100.0,100.0,100.0,1.0,0.0
1,8,128,month.,13,no,no,1.0,500.0,601.0,500.0,601.0,601.0,2445.0,1.0,1.0
1,8,127,The,0,yes,yes,1.0,459.0,459.0,0.0,0.0,0.0,0.0,0.0,0.0
1,8,127,student,1,yes,yes,1.0,298.0,746.0,298.0,448.0,448.0,907.0,1.0,1.0
1,8,127,who,2,yes,yes,1.0,250.0,398.0,250.0,250.0,250.0,250.0,1.0,0.0
1,8,127,was,3,yes,yes,1.0,350.0,550.0,350.0,350.0,350.0,648.0,1.0,1.0
1,8,127,running,4,yes,yes,1.0,550.0,1045.0,550.0,550.0,550.0,750.0,1.0,1.0
1,8,127,out,5,yes,yes,1.0,147.0,147.0,0.0,0.0,0.0,0.0,0.0,0.0
1,8,127,of,6,yes,yes,1.0,150.0,150.0,0.0,0.0,0.0,0.0,0.0,0.0
1,8,127,money,7,yes,yes,1.0,200.0,200.0,200.0,200.0,200.0,200.0,1.0,0.0
1,8,127,gave,8,yes,yes,1.0,151.0,550.0,151.0,250.0,250.0,547.0,1.0,1.0
1,8,127,himself,9,yes,yes,1.0,400.0,709.0,400.0,400.0,400.0,400.0,1.0,0.0
1,8,127,a,10,yes,yes,1.0,0.0,0.0,0.0,0.0,0.0,0.0,0.0,0.0
1,8,127,haircut,11,yes,yes,1.0,344.0,737.0,344.0,344.0,344.0,344.0,1.0,0.0
1,8,127,last,12,yes,yes,1.0,159.0,3480.0,159.0,159.0,159.0,159.0,1.0,0.0
1,8,127,week.,13,yes,yes,1.0,150.0,150.0,150.0,150.0,150.0,5116.0,1.0,1.0
1,7,103,Maya,0,yes,yes,1.0,851.0,1195.0,0.0,0.0,0.0,0.0,0.0,0.0
1,7,103,played,1,yes,yes,1.0,398.0,699.0,398.0,699.0,699.0,1550.0,1.0,1.0
1,7,103,with,2,yes,yes,1.0,299.0,299.0,299.0,299.0,299.0,299.0,1.0,0.0
1,7,103,the,3,yes,yes,1.0,148.0,148.0,148.0,148.0,148.0,148.0,1.0,0.0
1,7,103,blocks,4,yes,yes,1.0,353.0,754.0,353.0,353.0,353.0,353.0,1.0,0.0
1,7,103,and,5,yes,yes,1.0,247.0,247.0,247.0,247.0,247.0,247.0,1.0,0.0
1,7,103,the,6,yes,yes,1.0,600.0,600.0,600.0,600.0,600.0,600.0,1.0,0.0
1,7,103,"balls,",7,yes,yes,1.0,103.0,103.0,0.0,0.0,0.0,0.0,0.0,0.0
1,7,103,but,8,yes,yes,1.0,100.0,100.0,100.0,100.0,100.0,100.0,1.0,0.0
1,7,103,she,9,yes,yes,1.0,151.0,151.0,151.0,151.0,151.0,151.0,1.0,0.0
1,7,103,soon,10,yes,yes,1.0,399.0,499.0,399.0,399.0,399.0,399.0,1.0,0.0
1,7,103,got,11,yes,yes,1.0,97.0,97.0,97.0,97.0,97.0,97.0,1.0,0.0
1,7,103,bored,12,yes,yes,1.0,200.0,350.0,200.0,200.0,200.0,200.0,1.0,0.0
1,7,103,with,13,yes,yes,1.0,254.0,355.0,254.0,254.0,254.0,254.0,1.0,0.0
1,7,103,them.,14,yes,yes,1.0,1198.0,1297.0,1198.0,1297.0,1297.0,2496.0,1.0,1.0
1,7,102,The,0,no,no,1.0,702.0,702.0,702.0,702.0,702.0,702.0,1.0,0.0
1,7,102,patient,1,no,no,1.0,201.0,201.0,201.0,201.0,201.0,201.0,1.0,0.0
1,7,102,who,2,no,no,1.0,249.0,249.0,249.0,249.0,249.0,249.0,1.0,0.0
1,7,102,the,3,no,no,1.0,150.0,150.0,150.0,150.0,150.0,150.0,1.0,0.0
1,7,102,doctor,4,no,no,1.0,401.0,401.0,401.0,401.0,401.0,401.0,1.0,0.0
1,7,102,treated,5,no,no,1.0,0.0,0.0,0.0,0.0,0.0,0.0,0.0,0.0
1,7,102,became,6,no,no,1.0,0.0,0.0,0.0,0.0,0.0,0.0,0.0,0.0
1,7,102,better,7,no,no,1.0,349.0,349.0,349.0,349.0,349.0,349.0,1.0,0.0
1,7,102,after,8,no,no,1.0,150.0,150.0,150.0,150.0,150.0,150.0,1.0,0.0
1,7,102,only,9,no,no,1.0,99.0,99.0,99.0,99.0,99.0,99.0,1.0,0.0
1,7,102,a,10,no,no,1.0,400.0,400.0,400.0,400.0,400.0,400.0,1.0,0.0
1,7,102,few,11,no,no,1.0,102.0,102.0,102.0,102.0,102.0,102.0,1.0,0.0
1,7,102,treatments.,12,no,no,1.0,0.0,0.0,0.0,0.0,0.0,0.0,0.0,0.0
1,7,101,The,0,no,no,1.0,650.0,952.0,0.0,0.0,0.0,0.0,0.0,0.0
1,7,101,husband,1,no,no,1.0,302.0,701.0,302.0,603.0,603.0,1253.0,1.0,1.0
1,7,101,of,2,no,no,1.0,100.0,100.0,100.0,100.0,100.0,100.0,1.0,0.0
1,7,101,the,3,no,no,1.0,199.0,199.0,199.0,199.0,199.0,199.0,1.0,0.0
1,7,101,beautiful,4,no,no,1.0,648.0,750.0,648.0,648.0,648.0,648.0,1.0,0.0
1,7,101,woman,5,no,no,1.0,100.0,299.0,100.0,100.0,100.0,100.0,1.0,0.0
1,7,101,bought,6,no,no,1.0,249.0,652.0,249.0,249.0,249.0,249.0,1.0,0.0
1,7,101,her,7,no,no,1.0,0.0,0.0,0.0,0.0,0.0,0.0,0.0,0.0
1,7,101,roses,8,no,no,1.0,502.0,653.0,502.0,502.0,502.0,502.0,1.0,0.0
1,7,101,and,9,no,no,1.0,0.0,0.0,0.0,0.0,0.0,0.0,0.0,0.0
1,7,101,candy,10,no,no,1.0,103.0,702.0,103.0,103.0,103.0,103.0,1.0,0.0
1,7,101,for,11,no,no,1.0,147.0,299.0,147.0,147.0,147.0,147.0,1.0,0.0
1,7,101,her,12,no,no,1.0,200.0,298.0,200.0,200.0,200.0,200.0,1.0,0.0
1,7,101,birthday.,13,no,no,1.0,150.0,1947.0,150.0,1947.0,1947.0,4051.0,1.0,1.0
