sbm_id,expr_id,cond_id,para_nr,word_nr,word,t,x,y,wb,wt,wl,wr,response,trial_id,type,velocities,acceleration
37,2,1,19,0," Interestingly, ",1092,119,30,47.0,27.0,94.0,200.0,No,16,fixation,0.0,0.0
37,2,1,19,0," Interestingly, ",1142,118,33,47.0,27.0,94.0,200.0,No,16,fixation,0.0632455532033676,0.001264911064067352
37,2,1,19,0," Interestingly, ",1189,117,34,47.0,27.0,94.0,200.0,No,16,fixation,0.030089650263257342,-0.0007054447434066012
37,2,1,19,0," Interestingly, ",1239,116,41,47.0,27.0,94.0,200.0,No,16,sliding,0.1414213562373095,0.002226634119481043
37,2,1,19,0," Interestingly, ",1302,116,43,47.0,27.0,94.0,200.0,No,16,fixation,0.031746031746031744,-0.0017408781665282185
37,2,1,19,0," Interestingly, ",1352,116,43,47.0,27.0,94.0,200.0,No,16,fixation,0.0,-0.0006349206349206349
37,2,1,19,0," Interestingly, ",1391,117,44,47.0,27.0,94.0,200.0,No,16,fixation,0.03626188621469475,0.0009297919542229422
37,2,1,19,0," Interestingly, ",1442,119,44,47.0,27.0,94.0,200.0,No,16,fixation,0.0392156862745098,5.791764823166775e-05
37,2,1,19,0," Interestingly, ",1491,123,46,47.0,27.0,94.0,200.0,No,16,fixation,0.09126808071427714,0.0010622937640768844
37,2,1,19,0," Interestingly, ",1539,133,47,47.0,27.0,94.0,200.0,No,16,saccade,0.20937240877335186,0.0024605068345640566
37,2,1,19,0," Interestingly, ",1593,145,47,47.0,27.0,94.0,200.0,No,16,saccade,0.2222222222222222,0.0002379595083124138
37,2,1,19,0," Interestingly, ",1641,153,47,47.0,27.0,94.0,200.0,No,16,saccade,0.16666666666666666,-0.0011574074074074073
37,2,1,19,0," Interestingly, ",1689,168,47,47.0,27.0,94.0,200.0,No,16,saccade,0.3125,0.0030381944444444445
37,2,1,19,0," Interestingly, ",1739,179,47,47.0,27.0,94.0,200.0,No,16,saccade,0.22,-0.00185
37,2,1,19,0," Interestingly, ",1799,187,47,47.0,27.0,94.0,200.0,No,16,sliding,0.13333333333333333,-0.0014444444444444446
37,2,1,19,0," Interestingly, ",1850,195,47,47.0,27.0,94.0,200.0,No,16,saccade,0.1568627450980392,0.000461361014994233
37,2,1,19,1, the ,1892,205,49,47.0,27.0,200.0,230.0,No,16,saccade,0.24281045302822785,0.0020463739983378245
37,2,1,19,1, the ,1939,218,49,47.0,27.0,200.0,230.0,No,16,saccade,0.2765957446808511,0.0007188359926090049
37,2,1,19,1, the ,1989,229,49,47.0,27.0,200.0,230.0,No,16,saccade,0.22,-0.0011319148936170214
37,2,1,19,2, heaviest ,2050,249,47,47.0,27.0,230.0,302.0,No,16,saccade,0.3295041187252751,0.0017951494872995913
37,2,1,19,2, heaviest ,2098,263,45,47.0,27.0,230.0,302.0,No,16,saccade,0.2946278254943948,-0.0007265894423100055
37,2,1,19,2, heaviest ,2141,290,40,47.0,27.0,230.0,302.0,No,16,saccade,0.6385828008253945,0.007998952914674413
37,2,1,19,2, heaviest ,2197,299,38,47.0,27.0,230.0,302.0,No,16,saccade,0.1646347224516587,-0.00846335854238814
37,2,1,19,3, isotopes ,2248,306,38,47.0,27.0,302.0,374.0,No,16,sliding,0.13725490196078433,-0.0005368592253112622
37,2,1,19,3, isotopes ,2292,312,37,47.0,27.0,302.0,374.0,No,16,sliding,0.13824460296132315,2.2493204557700646e-05
37,2,1,19,3, isotopes ,2347,314,37,47.0,27.0,302.0,374.0,No,16,fixation,0.03636363636363636,-0.0018523812108670326
37,2,1,19,3, isotopes ,2397,314,37,47.0,27.0,302.0,374.0,No,16,fixation,0.0,-0.0007272727272727272
37,2,1,19,3, isotopes ,2447,314,37,47.0,27.0,302.0,374.0,No,16,fixation,0.0,0.0
37,2,1,19,3, isotopes ,2495,314,37,47.0,27.0,302.0,374.0,No,16,fixation,0.0,0.0
37,2,1,19,3, isotopes ,2549,314,37,47.0,27.0,302.0,374.0,No,16,fixation,0.0,0.0
37,2,1,19,3, isotopes ,2597,314,37,47.0,27.0,302.0,374.0,No,16,fixation,0.0,0.0
37,2,1,19,3, isotopes ,2647,314,37,47.0,27.0,302.0,374.0,No,16,fixation,0.0,0.0
37,2,1,19,3, isotopes ,2700,314,37,47.0,27.0,302.0,374.0,No,16,fixation,0.0,0.0
37,2,1,19,3, isotopes ,2741,314,37,47.0,27.0,302.0,374.0,No,16,fixation,0.0,0.0
37,2,1,19,3, isotopes ,2789,318,37,47.0,27.0,302.0,374.0,No,16,fixation,0.08333333333333333,0.001736111111111111
37,2,1,19,3, isotopes ,2840,331,36,47.0,27.0,302.0,374.0,No,16,saccade,0.2556549962824568,0.003378856136257323
37,2,1,19,3, isotopes ,2892,342,36,47.0,27.0,302.0,374.0,No,16,saccade,0.21153846153846154,-0.0008483948989229859
37,2,1,19,3, isotopes ,2940,350,36,47.0,27.0,302.0,374.0,No,16,saccade,0.16666666666666666,-0.00093482905982906
37,2,1,19,3, isotopes ,2989,365,36,47.0,27.0,302.0,374.0,No,16,saccade,0.30612244897959184,0.002846036373733167
37,2,1,19,4, physicists ,3039,374,36,47.0,27.0,374.0,457.0,No,16,saccade,0.18,-0.002522448979591837
37,2,1,19,4, physicists ,3103,389,36,47.0,27.0,374.0,457.0,No,16,saccade,0.234375,0.0008496093750000001
37,2,1,19,4, physicists ,3139,392,36,47.0,27.0,374.0,457.0,No,16,fixation,0.08333333333333333,-0.004195601851851852
37,2,1,19,4, physicists ,3192,410,38,47.0,27.0,374.0,457.0,No,16,saccade,0.34171264672216667,0.004875081384694969
37,2,1,19,4, physicists ,3253,441,41,47.0,27.0,374.0,457.0,No,16,saccade,0.5105708689310635,0.0027681675771950302
37,2,1,19,4, physicists ,3289,455,41,47.0,27.0,374.0,457.0,No,16,saccade,0.3888888888888889,-0.003380055001171517
37,2,1,19,5, have ,3339,467,41,47.0,27.0,457.0,501.0,No,16,saccade,0.24,-0.002977777777777778
37,2,1,19,5, have ,3392,473,41,47.0,27.0,457.0,501.0,No,16,sliding,0.11320754716981132,-0.0023923104307582766
37,2,1,19,5, have ,3444,473,41,47.0,27.0,457.0,501.0,No,16,fixation,0.0,-0.0021770682148040637
37,2,1,19,5, have ,3495,473,41,47.0,27.0,457.0,501.0,No,16,fixation,0.0,0.0
37,2,1,19,5, have ,3548,473,41,47.0,27.0,457.0,501.0,No,16,fixation,0.0,0.0
37,2,1,19,5, have ,3600,473,41,47.0,27.0,457.0,501.0,No,16,fixation,0.0,0.0
37,2,1,19,5, have ,3654,473,41,47.0,27.0,457.0,501.0,No,16,fixation,0.0,0.0
37,2,1,19,5, have ,3701,473,41,47.0,27.0,457.0,501.0,No,16,fixation,0.0,0.0
37,2,1,19,5, have ,3739,478,41,47.0,27.0,457.0,501.0,No,16,sliding,0.13157894736842105,0.0034626038781163434
37,2,1,19,6, managed ,3789,501,34,47.0,27.0,501.0,581.0,No,16,saccade,0.4808326112068523,0.006985073276768625
37,2,1,19,6, managed ,3839,524,31,47.0,27.0,501.0,581.0,No,16,saccade,0.46389654018972803,-0.0003387214203424849
37,2,1,19,6, managed ,3893,535,31,47.0,27.0,501.0,581.0,No,16,saccade,0.2037037037037037,-0.004818385860852302
37,2,1,19,6, managed ,3943,554,33,47.0,27.0,501.0,581.0,No,16,saccade,0.382099463490856,0.003567915195743046
37,2,1,19,6, managed ,3992,570,35,47.0,27.0,501.0,581.0,No,16,saccade,0.3290717448285122,-0.0010821983400478325
37,2,1,19,7, to ,4048,593,36,47.0,27.0,581.0,601.0,No,16,saccade,0.41110230118647634,0.0014648313635350738
37,2,1,19,8, synthesize ,4095,602,35,47.0,27.0,601.0,691.0,No,16,saccade,0.1926677688965408,-0.004647543240211395
37,2,1,19,8, synthesize ,4147,625,33,47.0,27.0,601.0,691.0,No,16,saccade,0.4439767838698152,0.004832865672562969
37,2,1,19,8, synthesize ,4205,653,32,47.0,27.0,601.0,691.0,No,16,saccade,0.48306640434903103,0.0006739589737795832
37,2,1,19,8, synthesize ,4243,667,32,47.0,27.0,601.0,691.0,No,16,saccade,0.3684210526315789,-0.00301698293993295
37,2,1,19,8, synthesize ,4301,677,32,47.0,27.0,601.0,691.0,No,16,saccade,0.1724137931034483,-0.003379435509105701
37,2,1,19,9, so ,4361,692,32,47.0,27.0,691.0,715.0,No,16,saccade,0.25,0.0012931034482758618
37,2,1,19,9, so ,4397,698,33,47.0,27.0,691.0,715.0,No,16,saccade,0.1689656258416172,-0.0022509548377328556
37,2,1,19,9, so ,4451,704,34,47.0,27.0,691.0,715.0,No,16,sliding,0.11264375056107813,-0.001042997690380353
37,2,1,19,9, so ,4515,708,34,47.0,27.0,691.0,715.0,No,16,fixation,0.0625,-0.0007834961025168458
37,2,1,19,9, so ,4542,710,35,47.0,27.0,691.0,715.0,No,16,fixation,0.08281733249999222,0.0007524937962960082
37,2,1,19,9, so ,4603,712,35,47.0,27.0,691.0,715.0,No,16,fixation,0.03278688524590164,-0.0008201712664605013
37,2,1,19,9, so ,4670,713,36,47.0,27.0,691.0,715.0,No,16,fixation,0.021107665110046196,-0.00017431671844560367
37,2,1,19,9, so ,4698,714,36,47.0,27.0,691.0,715.0,No,16,fixation,0.03571428571428571,0.0005216650215799827
37,2,1,19,10, far ,4765,715,36,47.0,27.0,715.0,736.0,No,16,fixation,0.014925373134328358,-0.0003102822773127963
37,2,1,19,8, synthesize ,4821,612,35,47.0,27.0,601.0,691.0,No,16,saccade,1.8393723974025844,0.03257941114764743
37,2,1,19,4, physicists ,4841,441,30,47.0,27.0,374.0,457.0,No,16,saccade,8.55365418987698,0.33571408962371974
37,2,1,19,0," Interestingly, ",4905,169,33,47.0,27.0,94.0,200.0,No,16,saccade,4.25025849397716,-0.06724055774843468
37,2,1,19,0," Interestingly, ",4971,118,39,47.0,27.0,94.0,200.0,No,16,saccade,0.778056489482895,-0.05260912128021614
37,2,1,19,0," Interestingly, ",4991,113,39,47.0,27.0,94.0,200.0,No,16,saccade,0.25,-0.02640282447414475
37,2,1,19,0," Interestingly, ",5055,105,45,47.0,27.0,94.0,200.0,No,16,saccade,0.15625,-0.00146484375
37,2,1,19,-1,,5112,101,51,,,,,No,16,sliding,0.1265105710689119,-0.000521744367212072
37,2,1,19,-1,,5141,100,53,,,,,No,16,fixation,0.07710579232757896,-0.0017036130600459633
37,2,1,19,-1,,5201,100,55,,,,,No,16,fixation,0.03333333333333333,-0.000729540983237427
37,2,1,19,-1,,5262,100,57,,,,,No,16,fixation,0.03278688524590164,-8.958165367732653e-06
37,2,1,19,-1,,5291,102,58,,,,,No,16,fixation,0.07710579232757896,0.0015282381752302523
37,2,1,19,-1,,5351,110,65,,,,,No,16,saccade,0.17716909687891083,0.0016677217425221979
37,2,1,19,11, don't ,5417,114,71,87.0,67.0,94.0,137.0,No,16,sliding,0.10925912955951482,-0.0010289388987787275
37,2,1,19,11, don't ,5442,116,73,87.0,67.0,94.0,137.0,No,16,sliding,0.1131370849898476,0.00015511821721331143
37,2,1,19,11, don't ,5501,119,76,87.0,67.0,94.0,137.0,No,16,fixation,0.07190916418846245,-0.000698778318667545
37,2,1,19,11, don't ,5561,120,77,87.0,67.0,94.0,137.0,No,16,fixation,0.023570226039551587,-0.0008056489691485144
37,2,1,19,11, don't ,5593,120,77,87.0,67.0,94.0,137.0,No,16,fixation,0.0,-0.0007365695637359871
37,2,1,19,11, don't ,5652,123,78,87.0,67.0,94.0,137.0,No,16,fixation,0.053597926443531854,0.0009084394312463026
37,2,1,19,11, don't ,5718,125,78,87.0,67.0,94.0,137.0,No,16,fixation,0.030303030303030304,-0.00035295297182578105
37,2,1,19,11, don't ,5750,125,78,87.0,67.0,94.0,137.0,No,16,fixation,0.0,-0.000946969696969697
37,2,1,19,11, don't ,5801,126,78,87.0,67.0,94.0,137.0,No,16,fixation,0.0196078431372549,0.00038446751249519417
37,2,1,19,11, don't ,5866,128,78,87.0,67.0,94.0,137.0,No,16,fixation,0.03076923076923077,0.00017171365587655184
37,2,1,19,11, don't ,5892,130,78,87.0,67.0,94.0,137.0,No,16,fixation,0.07692307692307693,0.001775147928994083
37,2,1,19,12, behave ,5954,154,78,87.0,67.0,138.0,202.0,No,16,saccade,0.3870967741935484,0.005002801568878572
37,2,1,19,12, behave ,6021,165,78,87.0,67.0,138.0,202.0,No,16,saccade,0.16417910447761194,-0.00332712939874532
37,2,1,19,12, behave ,6049,171,77,87.0,67.0,138.0,202.0,No,16,saccade,0.2172415189392221,0.0018950862307717917
37,2,1,19,12, behave ,6104,183,77,87.0,67.0,138.0,202.0,No,16,saccade,0.21818181818181817,1.7096349865382908e-05
37,2,1,19,12, behave ,6171,198,77,87.0,67.0,138.0,202.0,No,16,saccade,0.22388059701492538,8.505640049413745e-05
37,2,1,19,12, behave ,6198,200,77,87.0,67.0,138.0,202.0,No,16,fixation,0.07407407407407407,-0.005548389738550048
37,2,1,19,12, behave ,6265,200,77,87.0,67.0,138.0,202.0,No,16,fixation,0.0,-0.001105583195135434
37,2,1,19,12, behave ,6318,200,77,87.0,67.0,138.0,202.0,No,16,fixation,0.0,0.0
37,2,1,19,12, behave ,6352,200,77,87.0,67.0,138.0,202.0,No,16,fixation,0.0,0.0
37,2,1,19,12, behave ,6404,200,77,87.0,67.0,138.0,202.0,No,16,fixation,0.0,0.0
37,2,1,19,12, behave ,6474,200,77,87.0,67.0,138.0,202.0,No,16,fixation,0.0,0.0
37,2,1,19,12, behave ,6499,200,77,87.0,67.0,138.0,202.0,No,16,fixation,0.0,0.0
37,2,1,19,12, behave ,6561,200,77,87.0,67.0,138.0,202.0,No,16,fixation,0.0,0.0
37,2,1,19,13, quite ,6611,202,77,87.0,67.0,202.0,246.0,No,16,fixation,0.04,0.0008
37,2,1,19,13, quite ,6645,205,77,87.0,67.0,202.0,246.0,No,16,fixation,0.08823529411764706,0.0014186851211072666
37,2,1,19,13, quite ,6701,236,76,87.0,67.0,202.0,246.0,No,16,saccade,0.5538593721168151,0.008314715678556572
37,2,1,19,14, like ,6765,271,80,87.0,67.0,246.0,278.0,No,16,saccade,0.5504348423065167,-5.35082782859124e-05
37,2,1,19,15, science's ,6795,287,86,87.0,67.0,278.0,356.0,No,16,saccade,0.5696002496878354,0.0006388469127106222
37,2,1,19,-1,,6860,297,90,,,,,No,16,saccade,0.16569737868106166,-0.006213890323181134
37,2,1,19,-1,,6931,299,90,,,,,No,16,fixation,0.028169014084507043,-0.0019370192196697836
37,2,1,19,-1,,6942,299,90,,,,,No,16,fixation,0.0,-0.002560819462227913
37,2,1,19,-1,,7005,299,90,,,,,No,16,fixation,0.0,0.0
37,2,1,19,-1,,7062,299,90,,,,,No,16,fixation,0.0,0.0
37,2,1,19,-1,,7105,299,90,,,,,No,16,fixation,0.0,0.0
37,2,1,19,-1,,7153,299,90,,,,,No,16,fixation,0.0,0.0
37,2,1,19,15, science's ,7218,312,85,87.0,67.0,278.0,356.0,No,16,saccade,0.21428289657206337,0.003296659947262513
37,2,1,19,15, science's ,7242,321,80,87.0,67.0,278.0,356.0,No,16,saccade,0.4289845892077917,0.008945903859822014
37,2,1,19,15, science's ,7303,341,76,87.0,67.0,278.0,356.0,No,16,saccade,0.33436193531755964,-0.0015511910473808533
37,2,1,19,15, science's ,7369,345,76,87.0,67.0,278.0,356.0,No,16,fixation,0.06060606060606061,-0.0041478162835075615
37,2,1,19,15, science's ,7393,346,76,87.0,67.0,278.0,356.0,No,16,fixation,0.041666666666666664,-0.0007891414141414143
37,2,1,19,16, best ,7453,357,78,87.0,67.0,356.0,395.0,No,16,saccade,0.18633899812498247,0.0024112055243052637
37,2,1,19,16, best ,7519,362,79,87.0,67.0,356.0,395.0,No,16,fixation,0.0772578714180725,-0.0016527443440440906
37,2,1,19,16, best ,7543,362,80,87.0,67.0,356.0,395.0,No,16,fixation,0.041666666666666664,-0.0014829668646419098
37,2,1,19,16, best ,7601,363,80,87.0,67.0,356.0,395.0,No,16,fixation,0.017241379310344827,-0.00042112564407451443
37,2,1,19,16, best ,7669,367,80,87.0,67.0,356.0,395.0,No,16,fixation,0.058823529411764705,0.0006115022073738218
37,2,1,19,16, best ,7702,373,80,87.0,67.0,356.0,395.0,No,16,saccade,0.18181818181818182,0.003727110678982337
37,2,1,19,16, best ,7751,381,80,87.0,67.0,356.0,395.0,No,16,saccade,0.16326530612244897,-0.00037863011623944605
37,2,1,19,16, best ,7813,384,81,87.0,67.0,356.0,395.0,No,16,fixation,0.05100447838981257,-0.001810658511816716
37,2,1,19,16, best ,7849,384,81,87.0,67.0,356.0,395.0,No,16,fixation,0.0,-0.0014167910663836825
37,2,1,19,16, best ,7901,384,81,87.0,67.0,356.0,395.0,No,16,fixation,0.0,0.0
37,2,1,19,16, best ,7970,384,81,87.0,67.0,356.0,395.0,No,16,fixation,0.0,0.0
37,2,1,19,16, best ,8005,384,81,87.0,67.0,356.0,395.0,No,16,fixation,0.0,0.0
37,2,1,19,16, best ,8057,384,81,87.0,67.0,356.0,395.0,No,16,fixation,0.0,0.0
37,2,1,19,16, best ,8127,384,81,87.0,67.0,356.0,395.0,No,16,fixation,0.0,0.0
37,2,1,19,16, best ,8145,384,81,87.0,67.0,356.0,395.0,No,16,fixation,0.0,0.0
37,2,1,19,16, best ,8206,384,81,87.0,67.0,356.0,395.0,No,16,fixation,0.0,0.0
37,2,1,19,16, best ,8264,386,81,87.0,67.0,356.0,395.0,No,16,fixation,0.034482758620689655,0.0005945303210463733
37,2,1,19,16, best ,8304,391,81,87.0,67.0,356.0,395.0,No,16,sliding,0.125,0.002262931034482759
37,2,1,19,17, current ,8355,402,80,87.0,67.0,395.0,456.0,No,16,saccade,0.21657570621935807,0.001795602082732511
37,2,1,19,17, current ,8420,413,80,87.0,67.0,395.0,456.0,No,16,saccade,0.16923076923076924,-0.0007283836459782896
37,2,1,19,17, current ,8454,419,80,87.0,67.0,395.0,456.0,No,16,saccade,0.17647058823529413,0.00021293585307426144
37,2,1,19,17, current ,8504,440,80,87.0,67.0,395.0,456.0,No,16,saccade,0.42,0.004870588235294117
37,2,1,19,18, models ,8571,463,84,87.0,67.0,457.0,520.0,No,16,saccade,0.34843634417697766,-0.0010681142660152584
37,2,1,19,18, models ,8592,465,84,87.0,67.0,457.0,520.0,No,16,saccade,0.09523809523809523,-0.012057059473280115
37,2,1,19,18, models ,8666,466,84,87.0,67.0,457.0,520.0,No,16,fixation,0.013513513513513514,-0.0011043862395213745
37,2,1,19,18, models ,8718,466,84,87.0,67.0,457.0,520.0,No,16,fixation,0.0,-0.0002598752598752599
37,2,1,19,18, models ,8744,466,84,87.0,67.0,457.0,520.0,No,16,fixation,0.0,0.0
37,2,1,19,18, models ,8813,466,84,87.0,67.0,457.0,520.0,No,16,fixation,0.0,0.0
37,2,1,19,18, models ,8865,466,84,87.0,67.0,457.0,520.0,No,16,fixation,0.0,0.0
37,2,1,19,18, models ,8901,466,84,87.0,67.0,457.0,520.0,No,16,fixation,0.0,0.0
37,2,1,19,18, models ,8954,468,84,87.0,67.0,457.0,520.0,No,16,fixation,0.03773584905660377,0.0007119971520113919
37,2,1,19,18, models ,9017,479,82,87.0,67.0,457.0,520.0,No,16,saccade,0.17746571249998333,0.002217934340371104
37,2,1,19,18, models ,9045,480,81,87.0,67.0,457.0,520.0,No,16,fixation,0.05050762722761054,-0.004534217331156171
37,2,1,19,18, models ,9102,485,81,87.0,67.0,457.0,520.0,No,16,fixation,0.08771929824561403,0.000652836333649184
37,2,1,19,18, models ,9165,487,80,87.0,67.0,457.0,520.0,No,16,fixation,0.03549314249999666,-0.0008289865991367837
37,2,1,19,18, models ,9198,489,80,87.0,67.0,457.0,520.0,No,16,fixation,0.06060606060606061,0.0007609975183655741
37,2,1,19,18, models ,9253,494,80,87.0,67.0,457.0,520.0,No,16,fixation,0.09090909090909091,0.0005509641873278238
37,2,1,19,18, models ,9319,503,79,87.0,67.0,457.0,520.0,No,16,sliding,0.1372028051232942,0.0007014199123364133
37,2,1,19,18, models ,9353,507,79,87.0,67.0,457.0,520.0,No,16,sliding,0.11764705882352941,-0.0005751690088166112
37,2,1,19,18, models ,9403,512,79,87.0,67.0,457.0,520.0,No,16,sliding,0.1,-0.0003529411764705881
37,2,1,19,19," predict, ",9464,522,79,87.0,67.0,520.0,584.0,No,16,saccade,0.16393442622950818,0.0010481053480247242
37,2,1,19,19," predict, ",9502,532,80,87.0,67.0,520.0,584.0,No,16,saccade,0.2644704110821287,0.0026456838119110664
37,2,1,19,19," predict, ",9552,546,82,87.0,67.0,520.0,584.0,No,16,saccade,0.282842712474619,0.00036744602784980596
37,2,1,19,19," predict, ",9614,551,82,87.0,67.0,520.0,584.0,No,16,fixation,0.08064516129032258,-0.0032612508255531686
37,2,1,19,19," predict, ",9647,551,82,87.0,67.0,520.0,584.0,No,16,fixation,0.0,-0.0024437927663734115
37,2,1,19,19," predict, ",9708,551,82,87.0,67.0,520.0,584.0,No,16,fixation,0.0,0.0
37,2,1,19,19," predict, ",9769,551,82,87.0,67.0,520.0,584.0,No,16,fixation,0.0,0.0
37,2,1,19,19," predict, ",9804,551,82,87.0,67.0,520.0,584.0,No,16,fixation,0.0,0.0
37,2,1,19,19," predict, ",9855,551,82,87.0,67.0,520.0,584.0,No,16,fixation,0.0,0.0
37,2,1,19,19," predict, ",9913,552,82,87.0,67.0,520.0,584.0,No,16,fixation,0.017241379310344827,0.00029726516052318666
37,2,1,19,19," predict, ",9943,555,82,87.0,67.0,520.0,584.0,No,16,sliding,0.1,0.002758620689655172
37,2,1,19,19," predict, ",10004,581,79,87.0,67.0,520.0,584.0,No,16,saccade,0.42905745338696394,0.005394384481753506
37,2,1,19,21, stable ,10071,610,77,87.0,67.0,608.0,661.0,No,16,saccade,0.43386393593279504,7.173854546016572e-05
37,2,1,19,21, stable ,10105,619,77,87.0,67.0,608.0,661.0,No,16,saccade,0.2647058823529412,-0.004975236869995701
37,2,1,19,21, stable ,10154,631,79,87.0,67.0,608.0,661.0,No,16,saccade,0.2482760216448253,-0.00033530327975746715
37,2,1,19,21, stable ,10214,637,79,87.0,67.0,608.0,661.0,No,16,sliding,0.1,-0.002471267027413755
37,2,1,19,21, stable ,10245,639,79,87.0,67.0,608.0,661.0,No,16,fixation,0.06451612903225806,-0.0011446409989594175
37,2,1,19,21, stable ,10304,643,80,87.0,67.0,608.0,661.0,No,16,fixation,0.0698831461969095,9.096639262121073e-05
37,2,1,19,21, stable ,10383,654,80,87.0,67.0,608.0,661.0,No,16,sliding,0.13924050632911392,0.0008779412674962585
37,2,1,19,21, stable ,10392,657,80,87.0,67.0,608.0,661.0,No,16,saccade,0.3333333333333333,0.021565869667135487
37,2,1,19,22, superheavy ,10453,672,79,87.0,67.0,661.0,754.0,No,16,saccade,0.24644748161267063,-0.0014243582249288964
37,2,1,19,22, superheavy ,10518,680,79,87.0,67.0,661.0,754.0,No,16,sliding,0.12307692307692308,-0.0018980085928576545
37,2,1,19,22, superheavy ,10545,682,79,87.0,67.0,661.0,754.0,No,16,fixation,0.07407407407407407,-0.0018149203334388523
37,2,1,19,22, superheavy ,10605,692,78,87.0,67.0,661.0,754.0,No,16,saccade,0.1674979270186815,0.001557064215743457
37,2,1,19,22, superheavy ,10661,705,78,87.0,67.0,661.0,754.0,No,16,saccade,0.23214285714285715,0.0011543737522174225
37,2,1,19,22, superheavy ,10692,712,78,87.0,67.0,661.0,754.0,No,16,saccade,0.22580645161290322,-0.00020440017838561068
37,2,1,19,22, superheavy ,10752,727,78,87.0,67.0,661.0,754.0,No,16,saccade,0.25,0.000403225806451613
37,2,1,19,22, superheavy ,10814,732,79,87.0,67.0,661.0,754.0,No,16,fixation,0.08224225021923846,-0.0027057701577542182
37,2,1,19,22, superheavy ,10847,734,79,87.0,67.0,661.0,754.0,No,16,fixation,0.06060606060606061,-0.0006556421094902381
37,2,1,19,22, superheavy ,10905,734,79,87.0,67.0,661.0,754.0,No,16,fixation,0.0,-0.0010449320794148381
37,2,1,19,22, superheavy ,10965,734,79,87.0,67.0,661.0,754.0,No,16,fixation,0.0,0.0
37,2,1,19,22, superheavy ,10991,733,79,87.0,67.0,661.0,754.0,No,16,fixation,0.038461538461538464,0.0014792899408284025
37,2,1,19,21, stable ,11055,641,79,87.0,67.0,608.0,661.0,No,16,saccade,1.4375,0.02185997596153846
37,2,1,19,17, current ,11115,403,77,87.0,67.0,395.0,456.0,No,16,saccade,3.966806720216597,0.042155112003609954
37,2,1,19,15, science's ,11148,330,80,87.0,67.0,278.0,356.0,No,16,saccade,2.213988419103979,-0.05311570609432176
37,2,1,19,14, like ,11206,260,88,87.0,67.0,246.0,278.0,No,16,saccade,1.2147527554350714,-0.017228201097739787
37,2,1,19,-1,,11261,230,94,,,,,No,16,saccade,0.556256674210122,-0.011972656022271808
37,2,1,19,-1,,11291,209,101,,,,,No,16,saccade,0.7378647873726218,0.006053603772083327
37,2,1,19,25, likely ,11352,189,110,127.0,107.0,177.0,222.0,No,16,saccade,0.3595362655649395,-0.006202106914880039
37,2,1,19,24, are ,11418,175,114,127.0,107.0,146.0,177.0,No,16,saccade,0.22060939058425813,-0.002104952651222445
37,2,1,19,24, are ,11444,170,116,127.0,107.0,146.0,177.0,No,16,saccade,0.20712172335132706,-0.0005187564320358104
37,2,1,19,23, nuclei ,11501,127,126,127.0,107.0,94.0,146.0,No,16,saccade,0.7745171948997935,0.009954306518394148
37,2,1,19,23, nuclei ,11569,100,127,127.0,107.0,94.0,146.0,No,16,saccade,0.39733106135606755,-0.005546854905054794
37,2,1,19,23, nuclei ,11601,94,127,127.0,107.0,94.0,146.0,No,16,saccade,0.1875,-0.006557220667377111
37,2,1,19,-1,,11651,89,127,,,,,No,16,sliding,0.1,-0.0017499999999999998
37,2,1,19,-1,,11716,88,127,,,,,No,16,fixation,0.015384615384615385,-0.0013017751479289942
37,2,1,19,-1,,11747,88,127,,,,,No,16,fixation,0.0,-0.0004962779156327543
37,2,1,19,-1,,11801,88,127,,,,,No,16,fixation,0.0,0.0
37,2,1,19,-1,,11868,90,126,,,,,No,16,fixation,0.03337414891790731,0.0004981216256404077
37,2,1,19,-1,,11901,92,126,,,,,No,16,fixation,0.06060606060606061,0.0008252094450955544
37,2,1,19,23, nuclei ,11951,97,125,127.0,107.0,94.0,146.0,No,16,sliding,0.1019803902718557,0.0008274865933159017
37,2,1,19,23, nuclei ,12018,105,125,127.0,107.0,94.0,146.0,No,16,sliding,0.11940298507462686,0.0002600387283995697
37,2,1,19,23, nuclei ,12043,106,125,127.0,107.0,94.0,146.0,No,16,fixation,0.04,-0.003176119402985075
37,2,1,19,23, nuclei ,12101,110,125,127.0,107.0,94.0,146.0,No,16,fixation,0.06896551724137931,0.0004994054696789536
37,2,1,19,23, nuclei ,12162,115,124,127.0,107.0,94.0,146.0,No,16,fixation,0.08359048382938991,0.00023975355062312462
37,2,1,19,23, nuclei ,12195,119,123,127.0,107.0,94.0,146.0,No,16,sliding,0.12494259471568668,0.0012530942692817204
37,2,1,19,23, nuclei ,12251,127,123,127.0,107.0,94.0,146.0,No,16,sliding,0.14285714285714285,0.00031990264538314585
37,2,1,19,23, nuclei ,12314,129,123,127.0,107.0,94.0,146.0,No,16,fixation,0.031746031746031744,-0.001763668430335097
37,2,1,19,23, nuclei ,12348,129,123,127.0,107.0,94.0,146.0,No,16,fixation,0.0,-0.0009337068160597572
37,2,1,19,23, nuclei ,12401,134,122,127.0,107.0,94.0,146.0,No,16,fixation,0.09620791535080725,0.0018152436858642877
37,2,1,19,24, are ,12467,152,115,127.0,107.0,146.0,177.0,No,16,saccade,0.2926243623610298,0.0029760067728821595
37,2,1,19,24, are ,12493,155,114,127.0,107.0,146.0,177.0,No,16,sliding,0.12162606385262999,-0.006576857634938454
37,2,1,19,24, are ,12550,161,113,127.0,107.0,146.0,177.0,No,16,sliding,0.10671513211049508,-0.0002615952937216651
37,2,1,19,24, are ,12620,169,113,127.0,107.0,146.0,177.0,No,16,sliding,0.11428571428571428,0.00010815117393170295
37,2,1,19,24, are ,12643,171,113,127.0,107.0,146.0,177.0,No,16,fixation,0.08695652173913043,-0.00118822576289495
37,2,1,19,25, likely ,12705,193,113,127.0,107.0,177.0,222.0,No,16,saccade,0.3548387096774194,0.004320680450617564
37,2,1,19,25, likely ,12761,208,113,127.0,107.0,177.0,222.0,No,16,saccade,0.26785714285714285,-0.001553242264647795
37,2,1,19,26, to ,12804,235,115,127.0,107.0,222.0,242.0,No,16,saccade,0.6296272730549248,0.008413258841808883
37,2,1,19,27, be ,12855,250,115,127.0,107.0,242.0,267.0,No,16,saccade,0.29411764705882354,-0.006578620117570613
37,2,1,19,27, be ,12914,253,115,127.0,107.0,242.0,267.0,No,16,fixation,0.05084745762711865,-0.004123223549689913
37,2,1,19,27, be ,12946,253,115,127.0,107.0,242.0,267.0,No,16,fixation,0.0,-0.0015889830508474577
37,2,1,19,27, be ,13006,253,115,127.0,107.0,242.0,267.0,No,16,fixation,0.0,0.0
37,2,1,19,27, be ,13075,253,115,127.0,107.0,242.0,267.0,No,16,fixation,0.0,0.0
37,2,1,19,27, be ,13094,253,115,127.0,107.0,242.0,267.0,No,16,fixation,0.0,0.0
37,2,1,19,27, be ,13154,253,115,127.0,107.0,242.0,267.0,No,16,fixation,0.0,0.0
37,2,1,19,27, be ,13224,253,115,127.0,107.0,242.0,267.0,No,16,fixation,0.0,0.0
37,2,1,19,27, be ,13257,253,115,127.0,107.0,242.0,267.0,No,16,fixation,0.0,0.0
37,2,1,19,27, be ,13301,255,115,127.0,107.0,242.0,267.0,No,16,fixation,0.045454545454545456,0.0010330578512396695
37,2,1,19,28, full ,13365,279,112,127.0,107.0,268.0,296.0,No,16,saccade,0.3779183319514945,0.0051947466640148285
37,2,1,19,29, of ,13391,296,111,127.0,107.0,296.0,316.0,No,16,saccade,0.654976398689477,0.010656079489922404
37,2,1,19,30, surprises. ,13451,316,111,127.0,107.0,316.0,399.0,No,16,saccade,0.3333333333333333,-0.005360717755935728
37,2,1,19,30, surprises. ,13524,328,115,127.0,107.0,316.0,399.0,No,16,saccade,0.17327548822840436,-0.0021925732206154653
37,2,1,19,30, surprises. ,13543,329,115,127.0,107.0,316.0,399.0,No,16,fixation,0.05263157894736842,-0.006349679435843997
37,2,1,19,30, surprises. ,13608,330,115,127.0,107.0,316.0,399.0,No,16,fixation,0.015384615384615385,-0.000573030208657739
37,2,1,19,30, surprises. ,13669,330,116,127.0,107.0,316.0,399.0,No,16,fixation,0.01639344262295082,1.6538151448121886e-05
37,2,1,19,30, surprises. ,13702,330,116,127.0,107.0,316.0,399.0,No,16,fixation,0.0,-0.0004967709885742673
37,2,1,19,30, surprises. ,13752,331,116,127.0,107.0,316.0,399.0,No,16,fixation,0.02,0.0004
37,2,1,19,30, surprises. ,13819,331,116,127.0,107.0,316.0,399.0,No,16,fixation,0.0,-0.00029850746268656717
37,2,1,19,30, surprises. ,13845,332,116,127.0,107.0,316.0,399.0,No,16,fixation,0.038461538461538464,0.0014792899408284025
37,2,1,19,30, surprises. ,13904,335,116,127.0,107.0,316.0,399.0,No,16,fixation,0.05084745762711865,0.00020993083331491836
37,2,1,19,30, surprises. ,13970,346,118,127.0,107.0,316.0,399.0,No,16,saccade,0.16939908920452953,0.0017962368420819832
37,2,1,19,30, surprises. ,13994,356,120,127.0,107.0,316.0,399.0,No,16,saccade,0.4249182927993987,0.010646633483119547
37,2,1,19,30, surprises. ,14054,390,124,127.0,107.0,316.0,399.0,No,16,saccade,0.570574758954123,0.0024276077692454057
37,2,1,19,31, Chemists ,14111,416,128,127.0,107.0,399.0,479.0,No,16,saccade,0.4615068925602072,-0.0019134713402441368
37,2,1,19,-1,,14142,424,132,,,,,No,16,saccade,0.2885249003225535,-0.005580064265730765
37,2,1,19,-1,,14201,429,135,,,,,No,16,fixation,0.0988296931329712,-0.00321517300321326
37,2,1,19,-1,,14266,429,135,,,,,No,16,fixation,0.0,-0.0015204568174303262
37,2,1,19,-1,,14293,429,135,,,,,No,16,fixation,0.0,0.0
37,2,1,19,-1,,14360,429,135,,,,,No,16,fixation,0.0,0.0
37,2,1,19,-1,,14416,429,135,,,,,No,16,fixation,0.0,0.0
37,2,1,19,-1,,14447,429,135,,,,,No,16,fixation,0.0,0.0
37,2,1,19,-1,,14513,429,135,,,,,No,16,fixation,0.0,0.0
37,2,1,19,-1,,14566,429,135,,,,,No,16,fixation,0.0,0.0
37,2,1,19,-1,,14596,429,135,,,,,No,16,fixation,0.0,0.0
37,2,1,19,-1,,14654,433,134,,,,,No,16,fixation,0.0710880280278907,0.001225655655653288
37,2,1,19,31, Chemists ,14716,461,123,127.0,107.0,399.0,479.0,No,16,saccade,0.4852131921448814,0.0066794381309192045
37,2,1,19,31, Chemists ,14742,473,118,127.0,107.0,399.0,479.0,No,16,saccade,0.5,0.000568723379043023
37,2,1,19,32, cannot ,14802,481,116,127.0,107.0,479.0,538.0,No,16,sliding,0.13743685418725535,-0.006042719096879077
37,2,1,19,32, cannot ,14872,488,116,127.0,107.0,479.0,538.0,No,16,sliding,0.1,-0.0005348122026750763
37,2,1,19,32, cannot ,14899,490,116,127.0,107.0,479.0,538.0,No,16,fixation,0.07407407407407407,-0.0009602194787379976
37,2,1,19,32, cannot ,14951,498,116,127.0,107.0,479.0,538.0,No,16,saccade,0.15384615384615385,0.0015340784571553805
37,2,1,19,32, cannot ,15013,516,116,127.0,107.0,479.0,538.0,No,16,saccade,0.2903225806451613,0.002201232690306572
37,2,1,19,32, cannot ,15046,526,117,127.0,107.0,479.0,538.0,No,16,saccade,0.3045416854885118,0.0004308819649500146
37,2,1,19,33, even ,15101,555,123,127.0,107.0,538.0,582.0,No,16,saccade,0.5384397416349399,0.004252691929935056
37,2,1,19,-1,,15162,572,132,,,,,No,16,saccade,0.31533416494543187,-0.003657468470319804
37,2,1,19,-1,,15195,572,132,,,,,No,16,fixation,0.0,-0.009555580755922178
37,2,1,19,-1,,15262,572,132,,,,,No,16,fixation,0.0,0.0
37,2,1,19,-1,,15312,572,132,,,,,No,16,fixation,0.0,0.0
37,2,1,19,-1,,15346,572,132,,,,,No,16,fixation,0.0,0.0
37,2,1,19,-1,,15411,572,132,,,,,No,16,fixation,0.0,0.0
37,2,1,19,-1,,15465,572,132,,,,,No,16,fixation,0.0,0.0
37,2,1,19,-1,,15496,572,132,,,,,No,16,fixation,0.0,0.0
37,2,1,19,-1,,15565,572,132,,,,,No,16,fixation,0.0,0.0
37,2,1,19,-1,,15614,572,132,,,,,No,16,fixation,0.0,0.0
37,2,1,19,-1,,15646,572,132,,,,,No,16,fixation,0.0,0.0
37,2,1,19,-1,,15708,572,132,,,,,No,16,fixation,0.0,0.0
37,2,1,19,-1,,15769,572,132,,,,,No,16,fixation,0.0,0.0
37,2,1,19,-1,,15803,572,132,,,,,No,16,fixation,0.0,0.0
37,2,1,19,-1,,15855,572,132,,,,,No,16,fixation,0.0,0.0
37,2,1,19,-1,,15917,572,132,,,,,No,16,fixation,0.0,0.0
37,2,1,19,-1,,15953,572,132,,,,,No,16,fixation,0.0,0.0
37,2,1,19,-1,,16006,567,131,,,,,No,16,fixation,0.09620791535080725,0.0018152436858642877
37,2,1,19,32, cannot ,16067,529,127,127.0,107.0,479.0,538.0,No,16,saccade,0.6263925630997639,0.008691551602441913
37,2,1,19,32, cannot ,16101,510,124,127.0,107.0,479.0,538.0,No,16,saccade,0.5657465900491572,-0.0017837050897237267
37,2,1,19,32, cannot ,16154,491,120,127.0,107.0,479.0,538.0,No,16,saccade,0.3663488271499547,-0.0037622219414943864
37,2,1,19,32, cannot ,16217,479,120,127.0,107.0,479.0,538.0,No,16,saccade,0.19047619047619047,-0.002791629153551813
37,2,1,19,31, Chemists ,16251,476,119,127.0,107.0,399.0,479.0,No,16,fixation,0.09300816647554057,-0.002866706588254409
37,2,1,19,31, Chemists ,16305,475,118,127.0,107.0,399.0,479.0,No,16,fixation,0.026189140043946207,-0.0012373893783628586
37,2,1,19,31, Chemists ,16367,474,118,127.0,107.0,399.0,479.0,No,16,fixation,0.016129032258064516,-0.00016225980299809181
37,2,1,19,31, Chemists ,16399,474,118,127.0,107.0,399.0,479.0,No,16,fixation,0.0,-0.0005040322580645161
37,2,1,19,31, Chemists ,16460,474,118,127.0,107.0,399.0,479.0,No,16,fixation,0.0,0.0
37,2,1,19,31, Chemists ,16514,475,118,127.0,107.0,399.0,479.0,No,16,fixation,0.018518518518518517,0.0003429355281207133
37,2,1,19,32, cannot ,16552,491,119,127.0,107.0,479.0,538.0,No,16,saccade,0.4218741984705631,0.010614623156632752
37,2,1,19,32, cannot ,16601,501,121,127.0,107.0,479.0,538.0,No,16,saccade,0.20812324545276673,-0.004362264347301967
37,2,1,19,32, cannot ,16666,517,121,127.0,107.0,479.0,538.0,No,16,saccade,0.24615384615384617,0.0005850861646319914
37,2,1,19,32, cannot ,16693,524,121,127.0,107.0,479.0,538.0,No,16,saccade,0.25925925925925924,0.0004853856705708547
37,2,1,19,33, even ,16751,546,118,127.0,107.0,538.0,582.0,No,16,saccade,0.38282074674438826,0.0021303704738815346
37,2,1,19,33, even ,16811,558,117,127.0,107.0,538.0,582.0,No,16,saccade,0.2006932429798716,-0.0030354583960752776
37,2,1,19,33, even ,16850,571,115,127.0,107.0,538.0,582.0,No,16,saccade,0.3372550368709207,0.0035015844587448484
37,2,1,19,33, even ,16901,575,114,127.0,107.0,538.0,582.0,No,16,fixation,0.08084520834544433,-0.005027643696577967
37,2,1,19,34, predict ,16970,582,112,127.0,107.0,582.0,641.0,No,16,sliding,0.10550883897507997,0.00035744392216863246
37,2,1,19,34, predict ,16993,584,112,127.0,107.0,582.0,641.0,No,16,fixation,0.08695652173913043,-0.000806622488519545
37,2,1,19,34, predict ,17054,597,109,127.0,107.0,582.0,641.0,No,16,saccade,0.2187158043299399,0.002159988239193598
37,2,1,19,34, predict ,17116,602,109,127.0,107.0,582.0,641.0,No,16,fixation,0.08064516129032258,-0.0022269458554776984
37,2,1,19,34, predict ,17145,607,109,127.0,107.0,582.0,641.0,No,16,saccade,0.1724137931034483,0.0031644355797629557
37,2,1,19,34, predict ,17203,619,112,127.0,107.0,582.0,641.0,No,16,saccade,0.2132640840836721,0.0007043153617279966
37,2,1,19,34, predict ,17267,626,115,127.0,107.0,582.0,641.0,No,16,sliding,0.11899645477912357,-0.0014729317078835706
37,2,1,19,34, predict ,17292,629,116,127.0,107.0,582.0,641.0,No,16,sliding,0.1264911064067352,0.0002997860651044648
37,2,1,19,35, with ,17353,642,120,127.0,107.0,641.0,678.0,No,16,saccade,0.22297492637271218,0.0015817019666553606
37,2,1,19,35, with ,17416,651,122,127.0,107.0,641.0,678.0,No,16,sliding,0.14634197551258551,-0.001216396045398836
37,2,1,19,35, with ,17443,656,122,127.0,107.0,641.0,678.0,No,16,saccade,0.18518518518518517,0.0014386373952814688
37,2,1,19,35, with ,17503,668,121,127.0,107.0,641.0,678.0,No,16,saccade,0.2006932429798716,0.0002584676299114403
37,2,1,19,35, with ,17570,674,119,127.0,107.0,641.0,678.0,No,16,fixation,0.09439634806472774,-0.0015865208196290128
37,2,1,19,35, with ,17600,676,119,127.0,107.0,641.0,678.0,No,16,fixation,0.06666666666666667,-0.0009243227132687026
37,2,1,19,36, any ,17653,686,120,127.0,107.0,678.0,707.0,No,16,saccade,0.18962029473813,0.0023198797749332703
37,2,1,19,36, any ,17719,692,122,127.0,107.0,678.0,707.0,No,16,fixation,0.09582659576267817,-0.0014211166511432095
37,2,1,19,36, any ,17741,692,122,127.0,107.0,678.0,707.0,No,16,fixation,0.0,-0.004355754352849008
37,2,1,19,35, with ,17803,662,127,127.0,107.0,641.0,678.0,No,16,saccade,0.4905453653466306,0.00791202202171985
37,2,1,19,27, be ,17870,265,119,127.0,107.0,242.0,267.0,No,16,saccade,5.926576064969132,0.08113478656152988
37,2,1,19,23, nuclei ,17901,112,126,127.0,107.0,94.0,146.0,No,16,saccade,4.940646677730834,-0.03180417378188058
37,2,1,19,-1,,17953,26,140,,,,,No,16,saccade,1.6756169931378435,-0.06278903239601905
37,2,1,19,-1,,18019,7,146,,,,,No,16,saccade,0.3018918006844133,-0.020814018067476216
37,2,1,19,-1,,18050,5,147,,,,,No,16,fixation,0.07213122508063838,-0.007411631471089513
37,2,1,19,-1,,18101,4,147,,,,,No,16,fixation,0.0196078431372549,-0.0010298702341839897
37,2,1,19,-1,,18167,3,148,,,,,No,16,fixation,0.02142747821777417,2.7570228492716188e-05
37,2,1,19,-1,,18191,11,149,,,,,No,16,saccade,0.3359274061791062,0.0131041636650555
37,2,1,19,-1,,18253,73,147,,,,,No,16,saccade,1.0005201560819885,0.010719237901659392
37,2,1,19,37, certainty ,18319,105,149,167.0,147.0,94.0,167.0,No,16,saccade,0.48579453157216357,-0.007798873098633711
37,2,1,19,37, certainty ,18353,111,151,167.0,147.0,94.0,167.0,No,16,saccade,0.18601633295108114,-0.008817005841796543
37,2,1,19,37, certainty ,18405,114,152,167.0,147.0,94.0,167.0,No,16,fixation,0.060813031926314993,-0.0024077557889378106
37,2,1,19,37, certainty ,18467,115,153,167.0,147.0,94.0,167.0,No,16,fixation,0.022809896167307987,-0.0006129538025646291
37,2,1,19,37, certainty ,18500,116,154,167.0,147.0,94.0,167.0,No,16,fixation,0.04285495643554834,0.0006074260687345561
37,2,1,19,37, certainty ,18553,117,156,167.0,147.0,94.0,167.0,No,16,fixation,0.04218996183961868,-1.254706784772947e-05
37,2,1,19,37, certainty ,18617,118,157,167.0,147.0,94.0,167.0,No,16,fixation,0.02209708691207961,-0.0003139511707427979
37,2,1,19,37, certainty ,18647,118,157,167.0,147.0,94.0,167.0,No,16,fixation,0.0,-0.0007365695637359871
37,2,1,19,37, certainty ,18703,118,158,167.0,147.0,94.0,167.0,No,16,fixation,0.017857142857142856,0.00031887755102040814
37,2,1,19,37, certainty ,18769,129,158,167.0,147.0,94.0,167.0,No,16,saccade,0.16666666666666666,0.0022546897546897545
37,2,1,19,37, certainty ,18801,155,157,167.0,147.0,94.0,167.0,No,16,saccade,0.8131007394536055,0.02020106477459184
37,2,1,19,38, whether ,18851,189,157,167.0,147.0,167.0,236.0,No,16,saccade,0.68,-0.002662014789072109
37,2,1,19,38, whether ,18913,197,157,167.0,147.0,167.0,236.0,No,16,sliding,0.12903225806451613,-0.008886576482830385
37,2,1,19,38, whether ,18955,197,157,167.0,147.0,167.0,236.0,No,16,fixation,0.0,-0.0030721966205837174
37,2,1,19,38, whether ,19008,197,157,167.0,147.0,167.0,236.0,No,16,fixation,0.0,0.0
37,2,1,19,38, whether ,19077,197,157,167.0,147.0,167.0,236.0,No,16,fixation,0.0,0.0
37,2,1,19,38, whether ,19094,197,157,167.0,147.0,167.0,236.0,No,16,fixation,0.0,0.0
37,2,1,19,38, whether ,19164,197,157,167.0,147.0,167.0,236.0,No,16,fixation,0.0,0.0
37,2,1,19,38, whether ,19222,197,157,167.0,147.0,167.0,236.0,No,16,fixation,0.0,0.0
37,2,1,19,38, whether ,19256,197,157,167.0,147.0,167.0,236.0,No,16,fixation,0.0,0.0
37,2,1,19,38, whether ,19304,202,156,167.0,147.0,167.0,236.0,No,16,sliding,0.10622957319984967,0.0022131161083302014
37,2,1,19,39, these ,19370,238,160,167.0,147.0,236.0,285.0,No,16,saccade,0.5488112204931768,0.0067057825347473805
37,2,1,19,39, these ,19404,258,165,167.0,147.0,236.0,285.0,No,16,saccade,0.6063390625908325,0.0016919953558134032
37,2,1,19,39, these ,19453,268,166,167.0,147.0,236.0,285.0,No,16,saccade,0.2050995024718549,-0.008188562451407705
37,2,1,19,39, these ,19525,268,166,167.0,147.0,236.0,285.0,No,16,fixation,0.0,-0.002848604200997985
37,2,1,19,39, these ,19544,268,166,167.0,147.0,236.0,285.0,No,16,fixation,0.0,0.0
37,2,1,19,39, these ,19614,268,166,167.0,147.0,236.0,285.0,No,16,fixation,0.0,0.0
37,2,1,19,39, these ,19665,268,166,167.0,147.0,236.0,285.0,No,16,fixation,0.0,0.0
37,2,1,19,39, these ,19701,268,166,167.0,147.0,236.0,285.0,No,16,fixation,0.0,0.0
37,2,1,19,39, these ,19753,268,166,167.0,147.0,236.0,285.0,No,16,fixation,0.0,0.0
37,2,1,19,40, materials ,19820,303,162,167.0,147.0,286.0,364.0,No,16,saccade,0.5257885060838369,0.007847589643042342
37,2,1,19,40, materials ,19841,322,160,167.0,147.0,286.0,364.0,No,16,saccade,0.909760627359181,0.018284386727397337
37,2,1,19,40, materials ,19908,350,159,167.0,147.0,286.0,364.0,No,16,saccade,0.4181768873469224,-0.00733707074645162
37,2,1,19,40, materials ,19967,350,159,167.0,147.0,286.0,364.0,No,16,fixation,0.0,-0.0070877438533376675
37,2,1,19,40, materials ,20001,350,159,167.0,147.0,286.0,364.0,No,16,fixation,0.0,0.0
37,2,1,19,40, materials ,20053,350,159,167.0,147.0,286.0,364.0,No,16,fixation,0.0,0.0
37,2,1,19,40, materials ,20124,350,159,167.0,147.0,286.0,364.0,No,16,fixation,0.0,0.0
37,2,1,19,40, materials ,20148,350,159,167.0,147.0,286.0,364.0,No,16,fixation,0.0,0.0
37,2,1,19,40, materials ,20203,353,159,167.0,147.0,286.0,364.0,No,16,fixation,0.05454545454545454,0.0009917355371900827
37,2,1,19,41, will ,20276,392,156,167.0,147.0,364.0,394.0,No,16,saccade,0.5358248552221355,0.006592868502420287
37,2,1,19,42, exist ,20291,398,156,167.0,147.0,394.0,436.0,No,16,saccade,0.4,-0.009054990348142366
37,2,1,19,42, exist ,20351,405,156,167.0,147.0,394.0,436.0,No,16,sliding,0.11666666666666667,-0.004722222222222222
37,2,1,19,42, exist ,20426,405,156,167.0,147.0,394.0,436.0,No,16,fixation,0.0,-0.0015555555555555557
37,2,1,19,42, exist ,20443,405,156,167.0,147.0,394.0,436.0,No,16,fixation,0.0,0.0
37,2,1,19,42, exist ,20505,405,156,167.0,147.0,394.0,436.0,No,16,fixation,0.0,0.0
37,2,1,19,42, exist ,20565,405,156,167.0,147.0,394.0,436.0,No,16,fixation,0.0,0.0
37,2,1,19,42, exist ,20598,410,154,167.0,147.0,394.0,436.0,No,16,saccade,0.1631868123374092,0.00494505491931543
37,2,1,19,43, as ,20654,453,148,167.0,147.0,436.0,460.0,No,16,saccade,0.7752961909318719,0.010930524617758262
37,2,1,19,44," gases, ",20720,480,148,167.0,147.0,460.0,518.0,No,16,saccade,0.4090909090909091,-0.005548564876378223
37,2,1,19,44," gases, ",20742,480,148,167.0,147.0,460.0,518.0,No,16,saccade,0.0,-0.01859504132231405
37,2,1,19,44," gases, ",20817,480,148,167.0,147.0,460.0,518.0,No,16,fixation,0.0,0.0
37,2,1,19,44," gases, ",20869,480,148,167.0,147.0,460.0,518.0,No,16,fixation,0.0,0.0
37,2,1,19,44," gases, ",20903,480,148,167.0,147.0,460.0,518.0,No,16,fixation,0.0,0.0
37,2,1,19,44," gases, ",20955,480,148,167.0,147.0,460.0,518.0,No,16,fixation,0.0,0.0
37,2,1,19,44," gases, ",21015,480,149,167.0,147.0,460.0,518.0,No,16,fixation,0.016666666666666666,0.0002777777777777778
37,2,1,19,44," gases, ",21041,484,149,167.0,147.0,460.0,518.0,No,16,saccade,0.15384615384615385,0.005276134122287969
37,2,1,19,44," gases, ",21104,489,153,167.0,147.0,460.0,518.0,No,16,sliding,0.10163689265766426,-0.0008287184315633268
37,2,1,19,44," gases, ",21166,490,156,167.0,147.0,460.0,518.0,No,16,fixation,0.05100447838981257,-0.000816651843029866
37,2,1,19,44," gases, ",21198,490,157,167.0,147.0,460.0,518.0,No,16,fixation,0.03125,-0.0006173274496816428
37,2,1,19,44," gases, ",21255,462,167,167.0,147.0,460.0,518.0,No,16,saccade,0.5216164472743335,0.008602920127619887
37,2,1,19,42, exist ,21316,433,169,167.0,147.0,394.0,436.0,No,16,saccade,0.4765390771720864,-0.0007389732803647076
37,2,1,19,42, exist ,21341,425,168,167.0,147.0,394.0,436.0,No,16,saccade,0.32249030993194194,-0.006161950689605777
37,2,1,19,42, exist ,21401,420,167,167.0,147.0,394.0,436.0,No,16,fixation,0.08498365855987974,-0.00395844418953437
37,2,1,19,42, exist ,21465,420,167,167.0,147.0,394.0,436.0,No,16,fixation,0.0,-0.001327869664998121
37,2,1,19,42, exist ,21496,420,167,167.0,147.0,394.0,436.0,No,16,fixation,0.0,0.0
37,2,1,19,42, exist ,21551,421,166,167.0,147.0,394.0,436.0,No,16,fixation,0.025712973861329,0.0004675086156605273
37,2,1,19,43, as ,21613,444,161,167.0,147.0,436.0,460.0,No,16,saccade,0.37963233212709097,0.005708376746221967
37,2,1,19,44," gases, ",21650,460,161,167.0,147.0,460.0,518.0,No,16,saccade,0.43243243243243246,0.0014270297379822025
37,2,1,19,44," gases, ",21702,483,161,167.0,147.0,460.0,518.0,No,16,saccade,0.4423076923076923,0.0001899088437549968
37,2,1,19,44," gases, ",21766,513,161,167.0,147.0,460.0,518.0,No,16,saccade,0.46875,0.00041316105769230796
37,2,1,19,45," liquids, ",21799,526,162,167.0,147.0,518.0,579.0,No,16,saccade,0.3951031760728878,-0.0022317219371852178
37,2,1,19,45," liquids, ",21853,543,166,167.0,147.0,518.0,579.0,No,16,saccade,0.32341202215875886,-0.0013276139613727584
37,2,1,19,45," liquids, ",21915,556,168,167.0,147.0,518.0,579.0,No,16,saccade,0.21214429738654686,-0.0017946407221324516
37,2,1,19,45," liquids, ",21946,556,168,167.0,147.0,518.0,579.0,No,16,fixation,0.0,-0.006843364431824092
37,2,1,19,45," liquids, ",22014,557,168,167.0,147.0,518.0,579.0,No,16,fixation,0.014705882352941176,0.00021626297577854672
37,2,1,19,45," liquids, ",22066,558,168,167.0,147.0,518.0,579.0,No,16,fixation,0.019230769230769232,8.701705534284722e-05
37,2,1,19,45," liquids, ",22098,558,168,167.0,147.0,518.0,579.0,No,16,fixation,0.0,-0.0006009615384615385
37,2,1,19,45," liquids, ",22155,560,168,167.0,147.0,518.0,579.0,No,16,fixation,0.03508771929824561,0.0006155740227762388
37,2,1,19,45," liquids, ",22216,564,167,167.0,147.0,518.0,579.0,No,16,fixation,0.06759189550192886,0.0005328553476013647
37,2,1,19,45," liquids, ",22249,569,167,167.0,147.0,518.0,579.0,No,16,saccade,0.15151515151515152,0.0025431289700976563
37,2,1,19,46, or ,22301,580,167,167.0,147.0,579.0,600.0,No,16,saccade,0.21153846153846154,0.0011542944235251927
37,2,1,19,46, or ,22366,599,168,167.0,147.0,579.0,600.0,No,16,saccade,0.2927122706221607,0.0012488278320569104
37,2,1,19,47, solids ,22399,606,168,167.0,147.0,600.0,651.0,No,16,saccade,0.21212121212121213,-0.0024421532879075327
37,2,1,19,47, solids ,22459,614,168,167.0,147.0,600.0,651.0,No,16,sliding,0.13333333333333333,-0.0013131313131313133
37,2,1,19,47, solids ,22515,623,167,167.0,147.0,600.0,651.0,No,16,saccade,0.16170330603816815,0.0005066066554434789
37,2,1,19,47, solids ,22549,629,167,167.0,147.0,600.0,651.0,No,16,saccade,0.17647058823529413,0.00043433182932723453
37,2,1,19,47, solids ,22601,635,165,167.0,147.0,600.0,651.0,No,16,sliding,0.12162606385262999,-0.0010547023919743105
37,2,1,19,47, solids ,22661,650,160,167.0,147.0,600.0,651.0,No,16,saccade,0.26352313834736496,0.0023649512415789163
37,2,1,19,48, at ,22696,660,157,167.0,147.0,651.0,671.0,No,16,saccade,0.2982944716831586,0.000993466666736961
37,2,1,19,49, room ,22751,673,152,167.0,147.0,671.0,712.0,No,16,saccade,0.25324342322152943,-0.0008191099720296211
37,2,1,19,49, room ,22814,686,151,167.0,147.0,671.0,712.0,No,16,saccade,0.20695880651436982,-0.0007346764556692002
37,2,1,19,49, room ,22850,698,153,167.0,147.0,671.0,712.0,No,16,saccade,0.3379312516832344,0.003638123476912905
37,2,1,19,49, room ,22901,705,155,167.0,147.0,671.0,712.0,No,16,sliding,0.14274725273099054,-0.003827137234357723
37,2,1,19,49, room ,22964,707,156,167.0,147.0,671.0,712.0,No,16,fixation,0.03549314249999666,-0.0017024461941427598
37,2,1,19,49, room ,22992,707,157,167.0,147.0,671.0,712.0,No,16,fixation,0.03571428571428571,7.897971938894707e-06
37,2,1,19,49, room ,23052,698,158,167.0,147.0,671.0,712.0,No,16,saccade,0.15092308563562362,0.0019201466653556319
37,2,1,19,-1,,23119,426,136,,,,,No,16,saccade,4.072959037591462,0.058537850029191624
37,2,1,19,-1,,23149,253,132,,,,,No,16,saccade,5.768207886529596,0.056508294964604446
37,2,1,19,37, certainty ,23201,120,148,167.0,147.0,94.0,167.0,No,16,saccade,2.576133633381898,-0.06138604332976342
37,2,1,19,-1,,23266,65,163,,,,,No,16,saccade,0.8770580193070292,-0.02613962483192106
37,2,1,19,-1,,23300,49,170,,,,,No,16,saccade,0.5136543881344994,-0.0106883420933097
37,2,1,19,-1,,23352,34,176,,,,,No,16,saccade,0.3106825850269906,-0.0039033039059136305
37,2,1,19,-1,,23416,31,180,,,,,No,16,fixation,0.078125,-0.003633712266046728
37,2,1,19,-1,,23446,31,183,,,,,No,16,sliding,0.1,0.0007291666666666668
37,2,1,19,-1,,23500,62,206,,,,,No,16,saccade,0.7148244098377327,0.011385637219217272
37,2,1,19,-1,,23564,80,212,,,,,No,16,saccade,0.29646353064078557,-0.006536888737452298
37,2,1,19,-1,,23597,95,213,,,,,No,16,saccade,0.4555544357082699,0.004820936517196495
37,2,1,19,-1,,23652,118,212,,,,,No,16,saccade,0.4185768884807759,-0.0006723190404998913
37,2,1,19,-1,,23713,126,211,,,,,No,16,sliding,0.13216815980817292,-0.004695225060206606
37,2,1,19,-1,,23746,135,211,,,,,No,16,saccade,0.2727272727272727,0.0042593670581545385
37,2,1,19,-1,,23803,144,211,,,,,No,16,saccade,0.15789473684210525,-0.002014605892722236
37,2,1,19,-1,,23863,153,211,,,,,No,16,sliding,0.15,-0.000131578947368421
37,2,1,19,-1,,23893,159,211,,,,,No,16,saccade,0.2,0.0016666666666666672
37,2,1,19,50, temperature. ,23952,169,209,207.0,187.0,94.0,196.0,No,16,saccade,0.17284811910484016,-0.0004602013711044043
37,2,1,19,50, temperature. ,24021,192,205,207.0,187.0,94.0,196.0,No,16,saccade,0.33833673999793484,0.0023983858100448505
37,2,1,19,-1,,24053,212,205,,,,,No,16,saccade,0.625,0.008958226875064536
37,2,1,19,-1,,24101,235,209,,,,,No,16,saccade,0.48635906374703136,-0.0028883528386035133
37,2,1,19,-1,,24166,267,223,,,,,No,16,saccade,0.5373615137407071,0.0007846530768257801
37,2,1,19,-1,,24191,273,227,,,,,No,16,saccade,0.2884441020371191,-0.009956696468143518
37,2,1,19,-1,,24258,277,229,,,,,No,16,fixation,0.06674829783581462,-0.0033088926000194702
37,2,1,19,-1,,24314,277,229,,,,,No,16,fixation,0.0,-0.0011919338899252611
37,2,1,19,-1,,24343,277,229,,,,,No,16,fixation,0.0,0.0
37,2,1,19,-1,,24403,277,229,,,,,No,16,fixation,0.0,0.0
37,2,1,19,-1,,24466,242,219,,,,,No,16,saccade,0.5777864991492475,0.009171214272210277
37,2,1,19,-1,,24496,215,207,,,,,No,16,saccade,0.9848857801796105,0.013569976034345432
37,2,1,19,37, certainty ,24553,128,162,167.0,147.0,94.0,167.0,No,16,saccade,1.7184029176120534,0.012868721709341105
37,2,1,19,-1,,24617,93,129,,,,,No,16,saccade,0.7516258419253559,-0.01510589180760465
37,2,1,19,-1,,24651,88,118,,,,,No,16,saccade,0.3553837051057227,-0.011654180494695092
37,2,1,19,-1,,24703,84,105,,,,,No,16,saccade,0.2615667405526047,-0.0018041723952522692
37,2,1,19,-1,,24766,84,87,,,,,No,16,saccade,0.2857142857142857,0.00038329436764573006
37,2,1,19,-1,,24802,86,76,,,,,No,16,saccade,0.3105649968749708,0.0006902975322412528
37,2,1,19,-1,,24852,88,58,,,,,No,16,saccade,0.3622154055254967,0.0010330081730105178
37,2,1,19,-1,,24918,91,48,,,,,No,16,saccade,0.15818646225622046,-0.003091347625292064
37,2,1,19,0," Interestingly, ",24948,94,44,47.0,27.0,94.0,200.0,No,16,saccade,0.16666666666666666,0.0002826734803482065
37,2,1,19,0," Interestingly, ",25003,101,37,47.0,27.0,94.0,200.0,No,16,saccade,0.179990817029303,0.00024225727932066082
37,2,1,19,0," Interestingly, ",25070,110,37,47.0,27.0,94.0,200.0,No,16,sliding,0.13432835820895522,-0.0006815292361245937
37,2,1,19,0," Interestingly, ",25100,113,37,47.0,27.0,94.0,200.0,No,16,sliding,0.1,-0.001144278606965174
37,2,1,19,0," Interestingly, ",25150,116,37,47.0,27.0,94.0,200.0,No,16,fixation,0.06,-0.0008000000000000001
37,2,1,19,0," Interestingly, ",25219,117,40,47.0,27.0,94.0,200.0,No,16,fixation,0.04583011101693304,-0.00020536070989952117
37,2,1,19,-1,,25252,118,63,,,,,No,16,saccade,0.6976281474679599,0.019751455650031117
37,2,1,19,-1,,25301,111,90,,,,,No,16,saccade,0.5692377828971981,-0.0026202115218522818
37,2,1,19,23, nuclei ,25363,107,117,127.0,107.0,94.0,146.0,No,16,saccade,0.4402369052889091,-0.0020806593162627255
37,2,1,19,23, nuclei ,25402,107,127,127.0,107.0,94.0,146.0,No,16,saccade,0.2564102564102564,-0.0047135038174013506
37,2,1,19,-1,,25452,113,139,,,,,No,16,saccade,0.2683281572999748,0.00023835801779436782
37,2,1,19,37, certainty ,25519,115,148,167.0,147.0,94.0,167.0,No,16,sliding,0.13760514115362518,-0.0019510897932290985
37,2,1,19,37, certainty ,25551,116,153,167.0,147.0,94.0,167.0,No,16,saccade,0.15934435979977452,0.0006793505826921667
37,2,1,19,37, certainty ,25601,118,159,167.0,147.0,94.0,167.0,No,16,sliding,0.1264911064067352,-0.0006570650678607864
37,2,1,19,-1,,25668,123,174,,,,,No,16,saccade,0.23599087016181935,0.0016343248321654352
37,2,1,19,-1,,25700,125,180,,,,,No,16,saccade,0.19764235376052372,-0.0011983911375404886
37,2,1,19,50, temperature. ,25752,129,187,207.0,187.0,94.0,196.0,No,16,saccade,0.15504341823651055,-0.0008192102985387148
37,2,1,19,50, temperature. ,25816,137,194,207.0,187.0,94.0,196.0,No,16,saccade,0.1660960283239789,0.00017269703261669307
37,2,1,19,50, temperature. ,25849,142,194,207.0,187.0,94.0,196.0,No,16,saccade,0.15151515151515152,-0.00044184475178264806
37,2,1,19,50, temperature. ,25901,150,188,207.0,187.0,94.0,196.0,No,16,saccade,0.19230769230769232,0.0007844719383180923
37,2,1,19,37, certainty ,25967,156,163,167.0,147.0,94.0,167.0,No,16,saccade,0.3895442464297709,0.002988432638213312
37,2,1,19,37, certainty ,25994,157,155,167.0,147.0,94.0,167.0,No,16,saccade,0.29860213882587217,-0.003368226207551806
37,2,1,19,24, are ,26051,161,128,127.0,107.0,146.0,177.0,No,16,saccade,0.478854177682673,0.003162316471171945
37,2,1,19,-1,,26121,178,90,,,,,No,16,saccade,0.5947045227571043,0.0016550049296347323
37,2,1,19,12, behave ,26143,180,86,87.0,67.0,138.0,202.0,No,16,saccade,0.20327890704543544,-0.01779207344143949
37,2,1,19,12, behave ,26201,191,72,87.0,67.0,138.0,202.0,No,16,saccade,0.30697403128904927,0.0017878469697174798
37,2,1,19,-1,,26270,202,60,,,,,No,16,saccade,0.23592493617535806,-0.0010296970306332058
37,2,1,19,-1,,26304,209,51,,,,,No,16,saccade,0.33534571326445234,0.0029241405026204197
37,2,1,19,1, the ,26353,213,43,47.0,27.0,200.0,230.0,No,16,saccade,0.18253616142855428,-0.0031185622823652667
37,2,1,19,1, the ,26420,219,34,47.0,27.0,200.0,230.0,No,16,saccade,0.16144259442376072,-0.00031482935828050095
37,2,1,19,1, the ,26453,220,32,47.0,27.0,200.0,230.0,No,16,fixation,0.06775963568181181,-0.002838877537634815
37,2,1,19,1, the ,26513,221,32,47.0,27.0,200.0,230.0,No,16,fixation,0.016666666666666666,-0.0008515494835857526
37,2,1,19,1, the ,26564,223,32,47.0,27.0,200.0,230.0,No,16,fixation,0.0392156862745098,0.00044213763936947327
37,2,1,19,1, the ,26592,227,39,47.0,27.0,200.0,230.0,No,16,saccade,0.2879377767249482,0.00888293180180137
37,2,1,19,13, quite ,26655,236,67,87.0,67.0,202.0,246.0,No,16,saccade,0.4668394022175474,0.0028397083411523683
37,2,1,19,13, quite ,26721,238,88,87.0,67.0,202.0,246.0,No,16,saccade,0.31962156226862104,-0.00223057333255949
37,2,1,19,-1,,26742,238,93,,,,,No,16,saccade,0.23809523809523808,-0.0038822059130182362
37,2,1,19,-1,,26805,239,104,,,,,No,16,saccade,0.17532319074900415,-0.000996381703908475
37,2,1,19,26, to ,26865,241,113,127.0,107.0,222.0,242.0,No,16,saccade,0.1536590742882148,-0.00036106860767982273
37,2,1,19,27, be ,26898,242,115,127.0,107.0,242.0,267.0,No,16,fixation,0.06775963568181181,-0.0026030132911031207
37,2,1,19,27, be ,26952,244,120,127.0,107.0,242.0,267.0,No,16,fixation,0.09972527420619451,0.0005919562689700499
37,2,1,19,27, be ,27011,248,124,127.0,107.0,242.0,267.0,No,16,fixation,0.09587888558461662,-6.519302748437106e-05
37,2,1,19,27, be ,27046,253,128,127.0,107.0,242.0,267.0,No,16,saccade,0.18294640678379567,0.0024876434628336875
37,2,1,19,-1,,27110,257,131,,,,,No,16,fixation,0.078125,-0.0016378344809968074
37,2,1,19,-1,,27162,257,131,,,,,No,16,fixation,0.0,-0.0015024038461538462
37,2,1,19,-1,,27193,257,131,,,,,No,16,fixation,0.0,0.0
37,2,1,19,-1,,27252,257,131,,,,,No,16,fixation,0.0,0.0
37,2,1,19,-1,,27313,257,131,,,,,No,16,fixation,0.0,0.0
37,2,1,19,-1,,27348,257,131,,,,,No,16,fixation,0.0,0.0
37,2,1,19,-1,,27401,258,132,,,,,No,16,fixation,0.026683274761756512,0.0005034580143727644
37,2,1,19,-1,,27466,267,141,,,,,No,16,saccade,0.19581418555935162,0.002602014012270694
37,2,1,19,39, these ,27500,271,147,167.0,147.0,236.0,285.0,No,16,saccade,0.21209125149788172,0.00047873723348617925
37,2,1,19,39, these ,27551,272,150,167.0,147.0,236.0,285.0,No,16,fixation,0.06200544431702705,-0.002942858964330484
37,2,1,19,39, these ,27616,285,151,167.0,147.0,236.0,285.0,No,16,saccade,0.2005908432370046,0.002132083060307347
37,2,1,19,40, materials ,27650,293,151,167.0,147.0,286.0,364.0,No,16,saccade,0.23529411764705882,0.0010206845414721828
37,2,1,19,40, materials ,27701,304,146,167.0,147.0,286.0,364.0,No,16,saccade,0.2369224700704818,3.1928478890646874e-05
37,2,1,19,30, surprises. ,27766,317,123,127.0,107.0,316.0,399.0,No,16,saccade,0.40645676349608945,0.002608219898855502
37,2,1,19,30, surprises. ,27800,322,111,127.0,107.0,316.0,399.0,No,16,saccade,0.38235294117647056,-0.000708935950577026
37,2,1,19,15, science's ,27851,327,89,87.0,67.0,278.0,356.0,No,16,saccade,0.4423731048109207,0.001176865953616669
37,2,1,19,15, science's ,27911,331,72,87.0,67.0,278.0,356.0,No,16,saccade,0.291070819942883,-0.0025217047478006283
37,2,1,19,-1,,27945,335,59,,,,,No,16,saccade,0.40004325025692483,0.0032050714798247605
37,2,1,19,3, isotopes ,28001,341,46,47.0,27.0,302.0,374.0,No,16,saccade,0.2556753761299349,-0.0025779977522676772
37,2,1,19,3, isotopes ,28066,346,33,47.0,27.0,302.0,374.0,No,16,saccade,0.21428289657206337,-0.0006368073778134082
37,2,1,19,3, isotopes ,28099,349,26,47.0,27.0,302.0,374.0,No,16,saccade,0.23078100320799724,0.0004999426253313295
37,2,1,19,-1,,28151,351,19,,,,,No,16,sliding,0.14000211325539458,-0.0017457478837038974
37,2,1,19,-1,,28214,353,16,,,,,No,16,fixation,0.057230972626412524,-0.001313827629031461
37,2,1,19,-1,,28248,353,16,,,,,No,16,fixation,0.0,-0.001683263900776839
37,2,1,19,-1,,28301,356,21,,,,,No,16,sliding,0.11001796028010001,0.0020758105713226415
37,2,1,19,3, isotopes ,28361,362,49,47.0,27.0,302.0,374.0,No,16,saccade,0.4772607021092118,0.0061207123638185295
37,2,1,19,16, best ,28394,364,69,87.0,67.0,356.0,395.0,No,16,saccade,0.6090833709770236,0.0039946263293276305
37,2,1,19,-1,,28451,365,90,,,,,No,16,saccade,0.36883852704611647,-0.004214821823349248
37,2,1,19,-1,,28516,364,104,,,,,No,16,saccade,0.21593336688643383,-0.002352387079379733
37,2,1,19,30, surprises. ,28541,364,108,127.0,107.0,316.0,399.0,No,16,saccade,0.16,-0.002237334675457353
37,2,1,19,30, surprises. ,28601,364,116,127.0,107.0,316.0,399.0,No,16,sliding,0.13333333333333333,-0.0004444444444444445
37,2,1,19,-1,,28666,380,141,,,,,No,16,saccade,0.4566406793740255,0.004973959169856803
37,2,1,19,41, will ,28691,388,148,167.0,147.0,364.0,394.0,No,16,saccade,0.425205832509386,-0.0012573938745855818
37,2,1,19,42, exist ,28751,422,161,167.0,147.0,394.0,436.0,No,16,saccade,0.6066758241067098,0.0030244998599553976
37,2,1,19,-1,,28816,472,177,,,,,No,16,saccade,0.8076556768250269,0.003091997734127955
37,2,1,19,-1,,28845,479,181,,,,,No,16,saccade,0.2780088878723638,-0.018263682377678038
37,2,1,19,-1,,28901,507,234,,,,,No,16,saccade,1.0703863979032648,0.014149598393408947
37,2,1,20,0, Buck ,1243,98,47,47.0,27.0,94.0,139.0,No,12,fixation,0.0,0.0
37,2,1,20,0, Buck ,1293,102,47,47.0,27.0,94.0,139.0,No,12,fixation,0.08,0.0016
37,2,1,20,0, Buck ,1343,104,47,47.0,27.0,94.0,139.0,No,12,fixation,0.04,-0.0008
37,2,1,20,0, Buck ,1402,104,47,47.0,27.0,94.0,139.0,No,12,fixation,0.0,-0.0006779661016949153
37,2,1,20,0, Buck ,1445,105,47,47.0,27.0,94.0,139.0,No,12,fixation,0.023255813953488372,0.0005408328826392645
37,2,1,20,0, Buck ,1503,106,47,47.0,27.0,94.0,139.0,No,12,fixation,0.017241379310344827,-0.00010369714901971628
37,2,1,20,0, Buck ,1543,107,47,47.0,27.0,94.0,139.0,No,12,fixation,0.025,0.00019396551724137936
37,2,1,20,0, Buck ,1597,109,47,47.0,27.0,94.0,139.0,No,12,fixation,0.037037037037037035,0.00022290809327846358
37,2,1,20,0, Buck ,1648,114,46,47.0,27.0,94.0,139.0,No,12,fixation,0.0999807747763291,0.0012341909360645503
37,2,1,20,0, Buck ,1704,125,44,47.0,27.0,94.0,139.0,No,12,saccade,0.19964892656248123,0.0017797884247527165
37,2,1,20,1, did ,1743,141,43,47.0,27.0,139.0,168.0,No,12,saccade,0.41105691133029226,0.005420717558149
37,2,1,20,1, did ,1793,151,43,47.0,27.0,139.0,168.0,No,12,saccade,0.2,-0.004221138226605845
37,2,1,20,1, did ,1844,155,43,47.0,27.0,139.0,168.0,No,12,fixation,0.0784313725490196,-0.002383698577470204
37,2,1,20,1, did ,1894,163,43,47.0,27.0,139.0,168.0,No,12,saccade,0.16,0.0016313725490196078
37,2,1,20,2, not ,1944,175,43,47.0,27.0,168.0,198.0,No,12,saccade,0.24,0.0015999999999999999
37,2,1,20,2, not ,1994,185,43,47.0,27.0,168.0,198.0,No,12,saccade,0.2,-0.0007999999999999996
37,2,1,20,3, like ,2043,203,42,47.0,27.0,198.0,230.0,No,12,saccade,0.3679133954555091,0.0034268039888879407
37,2,1,20,3, like ,2094,213,41,47.0,27.0,198.0,230.0,No,12,saccade,0.19705638472786058,-0.0033501374652480102
37,2,1,20,3, like ,2143,216,41,47.0,27.0,198.0,230.0,No,12,fixation,0.061224489795918366,-0.0027720794884069835
37,2,1,20,3, like ,2199,216,41,47.0,27.0,198.0,230.0,No,12,fixation,0.0,-0.0010932944606413995
37,2,1,20,3, like ,2242,216,41,47.0,27.0,198.0,230.0,No,12,fixation,0.0,0.0
37,2,1,20,3, like ,2294,216,41,47.0,27.0,198.0,230.0,No,12,fixation,0.0,0.0
37,2,1,20,3, like ,2346,216,41,47.0,27.0,198.0,230.0,No,12,fixation,0.0,0.0
37,2,1,20,3, like ,2396,216,41,47.0,27.0,198.0,230.0,No,12,fixation,0.0,0.0
37,2,1,20,3, like ,2448,218,41,47.0,27.0,198.0,230.0,No,12,fixation,0.038461538461538464,0.0007396449704142013
37,2,1,20,4," it, ",2498,243,39,47.0,27.0,230.0,249.0,No,12,saccade,0.5015974481593781,0.009262718193956793
37,2,1,20,5, but ,2543,262,38,47.0,27.0,250.0,280.0,No,12,saccade,0.4228066131208988,-0.0017509074452995408
37,2,1,20,6, he ,2597,291,38,47.0,27.0,280.0,305.0,No,12,saccade,0.5370370370370371,0.002115378220669228
37,2,1,20,6, he ,2646,295,39,47.0,27.0,280.0,305.0,No,12,fixation,0.08414501276770736,-0.009242694372843464
37,2,1,20,6, he ,2696,295,39,47.0,27.0,280.0,305.0,No,12,fixation,0.0,-0.0016829002553541473
37,2,1,20,6, he ,2756,295,39,47.0,27.0,280.0,305.0,No,12,fixation,0.0,0.0
37,2,1,20,6, he ,2799,295,39,47.0,27.0,280.0,305.0,No,12,fixation,0.0,0.0
37,2,1,20,6, he ,2851,295,39,47.0,27.0,280.0,305.0,No,12,fixation,0.0,0.0
37,2,1,20,6, he ,2897,295,39,47.0,27.0,280.0,305.0,No,12,fixation,0.0,0.0
37,2,1,20,7, bore ,2950,309,38,47.0,27.0,305.0,346.0,No,12,saccade,0.2648239405210981,0.004996678123039586
37,2,1,20,7, bore ,3000,337,36,47.0,27.0,305.0,346.0,No,12,saccade,0.561426753904728,0.005932056267672597
37,2,1,20,8, up ,3049,352,36,47.0,27.0,346.0,371.0,No,12,saccade,0.30612244897959184,-0.005210291937247676
37,2,1,20,8, up ,3095,353,36,47.0,27.0,346.0,371.0,No,12,fixation,0.021739130434782608,-0.00618224605532194
37,2,1,20,8, up ,3153,353,36,47.0,27.0,346.0,371.0,No,12,fixation,0.0,-0.0003748125937031484
37,2,1,20,8, up ,3197,353,36,47.0,27.0,346.0,371.0,No,12,fixation,0.0,0.0
37,2,1,20,8, up ,3248,353,36,47.0,27.0,346.0,371.0,No,12,fixation,0.0,0.0
37,2,1,20,8, up ,3299,353,36,47.0,27.0,346.0,371.0,No,12,fixation,0.0,0.0
37,2,1,20,8, up ,3349,359,36,47.0,27.0,346.0,371.0,No,12,sliding,0.12,0.0024
37,2,1,20,8, up ,3393,370,35,47.0,27.0,346.0,371.0,No,12,saccade,0.2510309322088014,0.0029779757320182137
37,2,1,20,9, well ,3448,385,35,47.0,27.0,371.0,407.0,No,12,saccade,0.2727272727272727,0.00039447891851766
37,2,1,20,9, well ,3499,394,36,47.0,27.0,371.0,407.0,No,12,saccade,0.17755657133602779,-0.0018660921841420573
37,2,1,20,9, well ,3548,403,37,47.0,27.0,371.0,407.0,No,12,saccade,0.18480377832933503,0.00014790218353688263
37,2,1,20,10, to ,3599,407,37,47.0,27.0,407.0,427.0,No,12,fixation,0.0784313725490196,-0.0020857334466728517
37,2,1,20,10, to ,3647,408,38,47.0,27.0,407.0,427.0,No,12,fixation,0.029462782549439483,-0.0010201789583245858
37,2,1,20,10, to ,3700,408,38,47.0,27.0,407.0,427.0,No,12,fixation,0.0,-0.0005559015575365941
37,2,1,20,10, to ,3744,409,38,47.0,27.0,407.0,427.0,No,12,fixation,0.022727272727272728,0.0005165289256198347
37,2,1,20,11, the ,3799,430,39,47.0,27.0,427.0,457.0,No,12,saccade,0.3822508371205207,0.006536792079877236
37,2,1,20,11, the ,3843,455,42,47.0,27.0,427.0,457.0,No,12,saccade,0.5722581050915533,0.004318346999341649
37,2,1,20,12," work, ",3896,473,43,47.0,27.0,457.0,505.0,No,12,saccade,0.34014634674188576,-0.004379467138672972
37,2,1,20,12," work, ",3953,473,43,47.0,27.0,457.0,505.0,No,12,fixation,0.0,-0.005967479767401505
37,2,1,20,12," work, ",4005,473,43,47.0,27.0,457.0,505.0,No,12,fixation,0.0,0.0
37,2,1,20,12," work, ",4058,473,43,47.0,27.0,457.0,505.0,No,12,fixation,0.0,0.0
37,2,1,20,12," work, ",4109,473,43,47.0,27.0,457.0,505.0,No,12,fixation,0.0,0.0
37,2,1,20,12," work, ",4144,473,43,47.0,27.0,457.0,505.0,No,12,fixation,0.0,0.0
37,2,1,20,12," work, ",4197,475,43,47.0,27.0,457.0,505.0,No,12,fixation,0.03773584905660377,0.0007119971520113919
37,2,1,20,13, taking ,4253,509,38,47.0,27.0,505.0,558.0,No,12,saccade,0.6136728670514137,0.010284589607050176
37,2,1,20,13, taking ,4294,529,38,47.0,27.0,505.0,558.0,No,12,saccade,0.4878048780487805,-0.0030699509512837364
37,2,1,20,13, taking ,4352,548,40,47.0,27.0,505.0,558.0,No,12,saccade,0.3293960892162552,-0.0027311860143538844
37,2,1,20,13, taking ,4399,550,41,47.0,27.0,505.0,558.0,No,12,fixation,0.04757591441488915,-0.005996173931943957
37,2,1,20,13, taking ,4449,553,41,47.0,27.0,505.0,558.0,No,12,fixation,0.06,0.000248481711702217
37,2,1,20,13, taking ,4495,554,41,47.0,27.0,505.0,558.0,No,12,fixation,0.021739130434782608,-0.000831758034026465
37,2,1,20,14, pride ,4548,562,41,47.0,27.0,558.0,603.0,No,12,saccade,0.1509433962264151,0.0024378163356911786
37,2,1,20,14, pride ,4594,575,40,47.0,27.0,558.0,603.0,No,12,saccade,0.2834435828348978,0.0028804388393148415
37,2,1,20,15, in ,4648,603,38,47.0,27.0,603.0,622.0,No,12,saccade,0.5198395869488222,0.004377703779887488
37,2,1,20,16, it. ,4698,629,34,47.0,27.0,622.0,641.0,No,12,saccade,0.5261178575186363,0.0001255654113962823
37,2,1,20,16, it. ,4744,638,33,47.0,27.0,622.0,641.0,No,12,saccade,0.19685619865516124,-0.007157862149205979
37,2,1,20,17, It ,4798,653,32,47.0,27.0,641.0,656.0,No,12,saccade,0.27839437737727607,0.001509966272631756
37,2,1,20,18, was ,4865,672,31,47.0,27.0,656.0,693.0,No,12,saccade,0.2839745909020962,8.328676902716615e-05
37,2,1,20,18, was ,4899,683,31,47.0,27.0,656.0,693.0,No,12,saccade,0.3235294117647059,0.001163377084194403
37,2,1,20,19, a ,4964,699,30,47.0,27.0,693.0,703.0,No,12,saccade,0.24663414679817536,-0.0011830040764081622
37,2,1,20,-1,,5015,704,30,,,,,No,12,fixation,0.09803921568627451,-0.00291362610023335
37,2,1,20,-1,,5051,708,30,,,,,No,12,sliding,0.1111111111111111,0.00036310820624546104
37,2,1,20,-1,,5116,712,30,,,,,No,12,fixation,0.06153846153846154,-0.0007626561472715318
37,2,1,20,-1,,5165,712,30,,,,,No,12,fixation,0.0,-0.0012558869701726845
37,2,1,20,-1,,5195,712,30,,,,,No,12,fixation,0.0,0.0
37,2,1,20,-1,,5260,699,25,,,,,No,12,saccade,0.21428289657206337,0.003296659947262513
37,2,1,20,-1,,5317,634,9,,,,,No,12,saccade,1.1743907348196183,0.016843997162237806
37,2,1,20,-1,,5347,581,4,,,,,No,12,saccade,1.7745108872274886,0.020004005080262344
37,2,1,20,-1,,5407,406,-1,,,,,No,12,saccade,2.9178569000019325,0.019055766879574065
37,2,1,20,-1,,5472,267,2,,,,,No,12,saccade,2.1389595435617954,-0.011983036252925187
37,2,1,20,-1,,5496,235,5,,,,,No,12,saccade,1.3391798899990164,-0.03332415223178246
37,2,1,20,-1,,5559,198,12,,,,,No,12,saccade,0.5977196947226264,-0.011769209448831587
37,2,1,20,-1,,5617,163,19,,,,,No,12,saccade,0.6153989068129223,0.00030481400155682556
37,2,1,20,-1,,5645,148,24,,,,,No,12,saccade,0.5646924393157821,-0.001810945267755009
37,2,1,20,0, Buck ,5709,130,32,47.0,27.0,94.0,139.0,No,12,saccade,0.30777680630612825,-0.004014306765775841
37,2,1,20,0, Buck ,5764,123,36,47.0,27.0,94.0,139.0,No,12,sliding,0.14658650451451907,-0.0029307327598474394
37,2,1,20,0, Buck ,5795,123,38,47.0,27.0,94.0,139.0,No,12,fixation,0.06451612903225806,-0.00264743146716971
37,2,1,20,2, not ,5862,183,38,47.0,27.0,168.0,198.0,No,12,saccade,0.8955223880597015,0.012403078492946917
37,2,1,20,-1,,5916,499,10,,,,,No,12,saccade,5.874779276710623,0.09220846090094298
37,2,1,20,-1,,5945,630,13,,,,,No,12,saccade,4.51842574628957,-0.04677081139382939
37,2,1,20,-1,,6012,697,21,,,,,No,12,saccade,1.0071033079305873,-0.052407797587447506
37,2,1,20,-1,,6075,699,21,,,,,No,12,saccade,0.031746031746031744,-0.015481861526738978
37,2,1,20,-1,,6095,699,21,,,,,No,12,fixation,0.0,-0.0015873015873015873
37,2,1,20,19, a ,6162,693,27,47.0,27.0,693.0,703.0,No,12,sliding,0.12664599066027715,0.0018902386665713008
37,2,1,20,18, was ,6219,686,36,47.0,27.0,656.0,693.0,No,12,saccade,0.2000307763331821,0.0012874523802264024
37,2,1,20,18, was ,6245,683,41,47.0,27.0,656.0,693.0,No,12,saccade,0.22426738057097312,0.0009321770860688858
37,2,1,20,18, was ,6307,677,45,47.0,27.0,656.0,693.0,No,12,sliding,0.11630810566012868,-0.0017412786275942652
37,2,1,20,18, was ,6367,669,46,47.0,27.0,656.0,693.0,No,12,sliding,0.13437096247164249,0.00030104761352523006
37,2,1,20,18, was ,6395,667,46,47.0,27.0,656.0,693.0,No,12,fixation,0.07142857142857142,-0.0022479425372525378
37,2,1,20,18, was ,6458,663,45,47.0,27.0,656.0,693.0,No,12,fixation,0.06544612104155016,-9.495952995271845e-05
37,2,1,20,17, It ,6520,643,40,47.0,27.0,641.0,656.0,No,12,saccade,0.3325085181949726,0.0043074580186035875
37,2,1,20,16, it. ,6545,632,39,47.0,27.0,622.0,641.0,No,12,saccade,0.44181444068749043,0.004372236899700712
37,2,1,20,15, in ,6609,619,39,47.0,27.0,603.0,622.0,No,12,saccade,0.203125,-0.003729522510742038
37,2,1,20,15, in ,6674,603,39,47.0,27.0,603.0,622.0,No,12,saccade,0.24615384615384617,0.0006619822485207103
37,2,1,20,14, pride ,6694,589,41,47.0,27.0,558.0,603.0,No,12,saccade,0.7071067811865476,0.02304764675163507
37,2,1,20,13, taking ,6761,551,41,47.0,27.0,505.0,558.0,No,12,saccade,0.5671641791044776,-0.0020886955534637312
37,2,1,20,13, taking ,6828,527,35,47.0,27.0,505.0,558.0,No,12,saccade,0.36923333960755167,-0.0029541916342824765
37,2,1,20,13, taking ,6845,525,34,47.0,27.0,505.0,558.0,No,12,saccade,0.1315334104411641,-0.013982348774493386
37,2,1,20,13, taking ,6908,516,32,47.0,27.0,505.0,558.0,No,12,sliding,0.14634197551258551,0.00023505658843526065
37,2,1,20,13, taking ,6975,509,32,47.0,27.0,505.0,558.0,No,12,sliding,0.1044776119402985,-0.0006248412473475673
37,2,1,20,13, taking ,6995,505,32,47.0,27.0,505.0,558.0,No,12,saccade,0.2,0.0047761194029850755
37,2,1,20,12," work, ",7059,502,32,47.0,27.0,457.0,505.0,No,12,fixation,0.046875,-0.002392578125
37,2,1,20,12," work, ",7124,502,32,47.0,27.0,457.0,505.0,No,12,fixation,0.0,-0.0007211538461538462
37,2,1,20,12," work, ",7147,502,32,47.0,27.0,457.0,505.0,No,12,fixation,0.0,0.0
37,2,1,20,13, taking ,7206,520,33,47.0,27.0,505.0,558.0,No,12,saccade,0.3055551928359313,0.005178901573490361
37,2,1,20,13, taking ,7266,546,35,47.0,27.0,505.0,558.0,No,12,saccade,0.4346134936801766,0.0021509716807374215
37,2,1,20,14, pride ,7298,558,35,47.0,27.0,558.0,603.0,No,12,saccade,0.375,-0.0018629216775055187
37,2,1,20,14, pride ,7366,588,36,47.0,27.0,558.0,603.0,No,12,saccade,0.4414215005824598,0.000976786773271468
37,2,1,20,15, in ,7420,615,37,47.0,27.0,603.0,622.0,No,12,saccade,0.5003428180039369,0.0010911355078051304
37,2,1,20,16, it. ,7447,632,38,47.0,27.0,622.0,641.0,No,12,saccade,0.6307180135528297,0.004828710946255292
37,2,1,20,17, It ,7507,655,38,47.0,27.0,641.0,656.0,No,12,saccade,0.38333333333333336,-0.004123078003658273
37,2,1,20,18, was ,7565,674,38,47.0,27.0,656.0,693.0,No,12,saccade,0.3275862068965517,-0.0009611573523583042
37,2,1,20,18, was ,7594,682,37,47.0,27.0,656.0,693.0,No,12,saccade,0.2780088878723638,-0.0017095627249719978
37,2,1,20,19, a ,7661,697,35,47.0,27.0,693.0,703.0,No,12,saccade,0.22586187985703815,-0.0007783135524675466
37,2,1,20,-1,,7717,704,35,,,,,No,12,sliding,0.125,-0.00180110499744711
37,2,1,20,-1,,7745,705,35,,,,,No,12,fixation,0.03571428571428571,-0.0031887755102040817
37,2,1,20,19, a ,7812,701,35,47.0,27.0,693.0,703.0,No,12,fixation,0.05970149253731343,0.0003580180122839958
37,2,1,20,12," work, ",7868,474,44,47.0,27.0,457.0,505.0,No,12,saccade,4.056756143541692,0.07137597591079248
37,2,1,20,5, but ,7896,250,44,47.0,27.0,250.0,280.0,No,12,saccade,8.0,0.14083013773065384
37,2,1,20,-1,,7962,93,43,,,,,No,12,saccade,2.3788361315314517,-0.08516914952225073
37,2,1,20,-1,,8019,62,42,,,,,No,12,saccade,0.5441425410270464,-0.03218760685095448
37,2,1,20,-1,,8046,52,42,,,,,No,12,saccade,0.37037037037037035,-0.006436006320617632
37,2,1,20,-1,,8112,41,42,,,,,No,12,saccade,0.16666666666666666,-0.0030864197530864196
37,2,1,20,-1,,8166,39,43,,,,,No,12,fixation,0.04140866624999611,-0.002319592600308714
37,2,1,20,-1,,8195,39,43,,,,,No,12,fixation,0.0,-0.0014278850431033142
37,2,1,20,-1,,8264,49,52,,,,,No,12,saccade,0.19498005865324217,0.0028257979514962634
37,2,1,20,-1,,8316,73,64,,,,,No,12,saccade,0.5160156871153361,0.006173762085809498
37,2,1,20,-1,,8348,78,67,,,,,No,12,saccade,0.18221724671391565,-0.010431201262544388
37,2,1,20,-1,,8414,85,72,,,,,No,12,sliding,0.130338261621858,-0.0007860452286675403
37,2,1,20,-1,,8465,93,77,,,,,No,12,saccade,0.1849800221971883,0.0010714070701045156
37,2,1,20,20, monotonous ,8495,96,79,87.0,67.0,94.0,198.0,No,12,sliding,0.1201850425154663,-0.0021598326560573994
37,2,1,20,20, monotonous ,8556,98,79,87.0,67.0,94.0,198.0,No,12,fixation,0.03278688524590164,-0.0014327566765502402
37,2,1,20,20, monotonous ,8621,102,80,87.0,67.0,94.0,198.0,No,12,fixation,0.0634323942402717,0.00047146936914415466
37,2,1,20,20, monotonous ,8645,109,80,87.0,67.0,94.0,198.0,No,12,saccade,0.2916666666666667,0.009509761351099792
37,2,1,20,20, monotonous ,8711,117,80,87.0,67.0,94.0,198.0,No,12,sliding,0.12121212121212122,-0.0025826446280991736
37,2,1,20,20, monotonous ,8776,121,80,87.0,67.0,94.0,198.0,No,12,fixation,0.06153846153846154,-0.0009180563026716873
37,2,1,20,20, monotonous ,8795,126,81,87.0,67.0,94.0,198.0,No,12,saccade,0.2683694480838308,0.010885841397124696
37,2,1,20,20, monotonous ,8857,130,83,87.0,67.0,94.0,198.0,No,12,fixation,0.07213122508063838,-0.0031651326290837484
37,2,1,20,20, monotonous ,8923,142,86,87.0,67.0,94.0,198.0,No,12,saccade,0.18741389207353001,0.0017467070756498732
37,2,1,20,20, monotonous ,8945,151,87,87.0,67.0,94.0,198.0,No,12,saccade,0.41160841536988263,0.01019066014983421
37,2,1,20,20, monotonous ,9009,161,87,87.0,67.0,94.0,198.0,No,12,saccade,0.15625,-0.003989975240154416
37,2,1,20,20, monotonous ,9078,177,86,87.0,67.0,94.0,198.0,No,12,saccade,0.2323365150997304,0.0011027031173873973
37,2,1,20,20, monotonous ,9095,178,86,87.0,67.0,94.0,198.0,No,12,saccade,0.058823529411764705,-0.010206646216939159
37,2,1,20,20, monotonous ,9156,184,85,87.0,67.0,94.0,198.0,No,12,fixation,0.099717418529479,0.0006703916248805623
37,2,1,20,20, monotonous ,9216,193,83,87.0,67.0,94.0,198.0,No,12,saccade,0.1536590742882148,0.0008990275959789298
37,2,1,20,21," life, ",9245,200,82,87.0,67.0,198.0,231.0,No,12,saccade,0.24382992454708535,0.003109339664098985
37,2,1,20,21," life, ",9312,207,81,87.0,67.0,198.0,231.0,No,12,sliding,0.10553832555023097,-0.002064053716370961
37,2,1,20,21," life, ",9366,218,79,87.0,67.0,198.0,231.0,No,12,saccade,0.20704333124998053,0.00187972232777314
37,2,1,20,21," life, ",9400,218,79,87.0,67.0,198.0,231.0,No,12,fixation,0.0,-0.006089509742646486
37,2,1,20,21," life, ",9468,218,79,87.0,67.0,198.0,231.0,No,12,fixation,0.0,0.0
37,2,1,20,21," life, ",9520,218,79,87.0,67.0,198.0,231.0,No,12,fixation,0.0,0.0
37,2,1,20,21," life, ",9554,218,79,87.0,67.0,198.0,231.0,No,12,fixation,0.0,0.0
37,2,1,20,21," life, ",9608,218,79,87.0,67.0,198.0,231.0,No,12,fixation,0.0,0.0
37,2,1,20,21," life, ",9674,218,79,87.0,67.0,198.0,231.0,No,12,fixation,0.0,0.0
37,2,1,20,21," life, ",9700,218,79,87.0,67.0,198.0,231.0,No,12,fixation,0.0,0.0
37,2,1,20,21," life, ",9756,225,79,87.0,67.0,198.0,231.0,No,12,sliding,0.125,0.002232142857142857
37,2,1,20,22, operating ,9816,252,79,87.0,67.0,231.0,311.0,No,12,saccade,0.45,0.005416666666666667
37,2,1,20,22, operating ,9849,260,79,87.0,67.0,231.0,311.0,No,12,saccade,0.24242424242424243,-0.006290174471992654
37,2,1,20,22, operating ,9909,270,80,87.0,67.0,231.0,311.0,No,12,saccade,0.1674979270186815,-0.0012487719234260156
37,2,1,20,22, operating ,9966,275,81,87.0,67.0,231.0,311.0,No,12,fixation,0.08945648269461025,-0.0013691481460363377
37,2,1,20,22, operating ,9999,276,81,87.0,67.0,231.0,311.0,No,12,fixation,0.030303030303030304,-0.0017925288603509073
37,2,1,20,22, operating ,10065,284,82,87.0,67.0,231.0,311.0,No,12,sliding,0.1221554204287659,0.0013917028806929635
37,2,1,20,22, operating ,10115,303,82,87.0,67.0,231.0,311.0,No,12,saccade,0.38,0.005156891591424681
37,2,1,20,23, with ,10149,318,82,87.0,67.0,312.0,349.0,No,12,saccade,0.4411764705882353,0.001799307958477508
37,2,1,20,23, with ,10216,348,83,87.0,67.0,312.0,349.0,No,12,saccade,0.4480098811881682,0.00010199120298407344
37,2,1,20,24, machine-like ,10265,354,83,87.0,67.0,349.0,455.0,No,12,sliding,0.12244897959183673,-0.006644100032578193
37,2,1,20,24, machine-like ,10299,358,84,87.0,67.0,349.0,455.0,No,12,sliding,0.12126781251816648,-3.474020804912492e-05
37,2,1,20,24, machine-like ,10360,359,84,87.0,67.0,349.0,455.0,No,12,fixation,0.01639344262295082,-0.0017192519654953386
37,2,1,20,24, machine-like ,10429,359,84,87.0,67.0,349.0,455.0,No,12,fixation,0.0,-0.00023758612497030174
37,2,1,20,24, machine-like ,10448,359,84,87.0,67.0,349.0,455.0,No,12,fixation,0.0,0.0
37,2,1,20,24, machine-like ,10517,359,84,87.0,67.0,349.0,455.0,No,12,fixation,0.0,0.0
37,2,1,20,24, machine-like ,10568,359,84,87.0,67.0,349.0,455.0,No,12,fixation,0.0,0.0
37,2,1,20,24, machine-like ,10602,359,84,87.0,67.0,349.0,455.0,No,12,fixation,0.0,0.0
37,2,1,20,24, machine-like ,10655,373,80,87.0,67.0,349.0,455.0,No,12,saccade,0.274721127897378,0.0051834175074976984
37,2,1,20,24, machine-like ,10718,422,74,87.0,67.0,349.0,455.0,No,12,saccade,0.7835869871236497,0.008077235860734472
37,2,1,20,24, machine-like ,10754,438,74,87.0,67.0,349.0,455.0,No,12,saccade,0.4444444444444444,-0.00942062618553348
37,2,1,20,24, machine-like ,10808,443,74,87.0,67.0,349.0,455.0,No,12,fixation,0.09259259259259259,-0.006515775034293553
37,2,1,20,24, machine-like ,10873,443,74,87.0,67.0,349.0,455.0,No,12,fixation,0.0,-0.0014245014245014244
37,2,1,20,24, machine-like ,10899,443,74,87.0,67.0,349.0,455.0,No,12,fixation,0.0,0.0
37,2,1,20,24, machine-like ,10962,443,74,87.0,67.0,349.0,455.0,No,12,fixation,0.0,0.0
37,2,1,20,24, machine-like ,11015,443,74,87.0,67.0,349.0,455.0,No,12,fixation,0.0,0.0
37,2,1,20,24, machine-like ,11049,443,74,87.0,67.0,349.0,455.0,No,12,fixation,0.0,0.0
37,2,1,20,24, machine-like ,11115,445,74,87.0,67.0,349.0,455.0,No,12,fixation,0.030303030303030304,0.0004591368227731864
37,2,1,20,25, regularity. ,11166,468,74,87.0,67.0,455.0,538.0,No,12,saccade,0.45098039215686275,0.008248575722624165
37,2,1,20,25, regularity. ,11195,478,74,87.0,67.0,455.0,538.0,No,12,saccade,0.3448275862068966,-0.0036604415844815924
37,2,1,20,25, regularity. ,11265,492,78,87.0,67.0,455.0,538.0,No,12,saccade,0.20800313969372908,-0.0019546349501881072
37,2,1,20,25, regularity. ,11316,498,80,87.0,67.0,455.0,538.0,No,12,sliding,0.1240108886340541,-0.0016469068835230389
37,2,1,20,25, regularity. ,11348,500,81,87.0,67.0,455.0,538.0,No,12,fixation,0.06987712429686843,-0.0016916801355370522
37,2,1,20,25, regularity. ,11410,501,82,87.0,67.0,455.0,538.0,No,12,fixation,0.022809896167307987,-0.0007591488407993621
37,2,1,20,25, regularity. ,11470,502,82,87.0,67.0,455.0,538.0,No,12,fixation,0.016666666666666666,-0.000102387158344022
37,2,1,20,25, regularity. ,11503,502,82,87.0,67.0,455.0,538.0,No,12,fixation,0.0,-0.000505050505050505
37,2,1,20,25, regularity. ,11566,504,83,87.0,67.0,455.0,538.0,No,12,fixation,0.03549314249999666,0.0005633832142856612
37,2,1,20,25, regularity. ,11617,516,84,87.0,67.0,455.0,538.0,No,12,saccade,0.23610969762337836,0.00393365794359572
37,2,1,20,25, regularity. ,11649,527,85,87.0,67.0,455.0,538.0,No,12,saccade,0.3451675317871019,0.003408057317616361
37,2,1,20,26, One ,11709,545,85,87.0,67.0,537.0,576.0,No,12,saccade,0.3,-0.0007527921964516987
37,2,1,20,26, One ,11765,566,85,87.0,67.0,537.0,576.0,No,12,saccade,0.375,0.0013392857142857145
37,2,1,20,26, One ,11798,569,85,87.0,67.0,537.0,576.0,No,12,fixation,0.09090909090909091,-0.008608815426997244
37,2,1,20,26, One ,11871,569,85,87.0,67.0,537.0,576.0,No,12,fixation,0.0,-0.0012453300124533001
37,2,1,20,26, One ,11922,569,85,87.0,67.0,537.0,576.0,No,12,fixation,0.0,0.0
37,2,1,20,26, One ,11949,569,85,87.0,67.0,537.0,576.0,No,12,fixation,0.0,0.0
37,2,1,20,26, One ,12019,569,85,87.0,67.0,537.0,576.0,No,12,fixation,0.0,0.0
37,2,1,20,26, One ,12075,569,85,87.0,67.0,537.0,576.0,No,12,fixation,0.0,0.0
37,2,1,20,26, One ,12100,570,85,87.0,67.0,537.0,576.0,No,12,fixation,0.04,0.0016
37,2,1,20,27, day ,12158,599,82,87.0,67.0,576.0,610.0,No,12,saccade,0.5026682667970086,0.007977039082707044
37,2,1,20,29, very ,12227,648,83,87.0,67.0,647.0,686.0,No,12,saccade,0.710292797382194,0.003009051167901237
37,2,1,20,29, very ,12245,652,83,87.0,67.0,647.0,686.0,No,12,saccade,0.2222222222222222,-0.027115031953331765
37,2,1,20,29, very ,12311,665,85,87.0,67.0,647.0,686.0,No,12,saccade,0.19928706724190764,-0.0003475023481865843
37,2,1,20,29, very ,12365,668,86,87.0,67.0,647.0,686.0,No,12,fixation,0.058560697410525546,-0.002606043885766335
37,2,1,20,29, very ,12397,668,86,87.0,67.0,647.0,686.0,No,12,fixation,0.0,-0.0018300217940789233
37,2,1,20,29, very ,12458,669,86,87.0,67.0,647.0,686.0,No,12,fixation,0.01639344262295082,0.0002687449610319807
37,2,1,20,29, very ,12515,677,86,87.0,67.0,647.0,686.0,No,12,sliding,0.14035087719298245,0.0021746918345619585
37,2,1,20,29, very ,12547,682,86,87.0,67.0,647.0,686.0,No,12,saccade,0.15625,0.0004968475877192985
37,2,1,20,30, like ,12608,689,85,87.0,67.0,686.0,713.0,No,12,sliding,0.11591914445681108,-0.0006611615662817856
37,2,1,20,30, like ,12667,694,84,87.0,67.0,686.0,713.0,No,12,fixation,0.08642405955242008,-0.0004999166932947626
37,2,1,20,30, like ,12697,696,84,87.0,67.0,686.0,713.0,No,12,fixation,0.06666666666666667,-0.0006585797628584472
37,2,1,20,30, like ,12760,696,84,87.0,67.0,686.0,713.0,No,12,fixation,0.0,-0.0010582010582010583
37,2,1,20,30, like ,12820,696,84,87.0,67.0,686.0,713.0,No,12,fixation,0.0,0.0
37,2,1,20,30, like ,12852,697,84,87.0,67.0,686.0,713.0,No,12,fixation,0.03125,0.0009765625
37,2,1,20,30, like ,12919,698,84,87.0,67.0,686.0,713.0,No,12,fixation,0.014925373134328358,-0.00024365114724883045
37,2,1,20,30, like ,12980,698,84,87.0,67.0,686.0,713.0,No,12,fixation,0.0,-0.00024467824810374357
37,2,1,20,30, like ,12999,698,84,87.0,67.0,686.0,713.0,No,12,fixation,0.0,0.0
37,2,1,20,29, very ,13064,661,81,87.0,67.0,647.0,686.0,No,12,saccade,0.5710988059467872,0.008786135476104419
37,2,1,20,28, was ,13116,623,81,87.0,67.0,610.0,647.0,No,12,saccade,0.7307692307692307,0.0030705850927392987
37,2,1,20,27, day ,13150,598,83,87.0,67.0,576.0,610.0,No,12,saccade,0.7376433061167326,0.00020217868669123059
37,2,1,20,27, day ,13217,586,87,87.0,67.0,576.0,610.0,No,12,saccade,0.18879269612945548,-0.008191800149063837
37,2,1,20,27, day ,13267,577,88,87.0,67.0,576.0,610.0,No,12,saccade,0.18110770276274835,-0.00015369986733414275
37,2,1,20,26, One ,13295,573,89,87.0,67.0,537.0,576.0,No,12,sliding,0.14725377234348788,-0.0012090689435450166
37,2,1,20,26, One ,13361,566,89,87.0,67.0,537.0,576.0,No,12,sliding,0.10606060606060606,-0.0006241388830739669
37,2,1,20,26, One ,13423,564,89,87.0,67.0,537.0,576.0,No,12,fixation,0.03225806451612903,-0.0011903635732980168
37,2,1,20,26, One ,13446,563,89,87.0,67.0,537.0,576.0,No,12,fixation,0.043478260869565216,0.0004878346240624428
37,2,1,20,26, One ,13509,563,88,87.0,67.0,537.0,576.0,No,12,fixation,0.015873015873015872,-0.00043817849200871974
37,2,1,20,27, day ,13573,602,79,87.0,67.0,576.0,610.0,No,12,saccade,0.6253905030059219,0.009523710736451658
37,2,1,20,28, was ,13596,629,79,87.0,67.0,610.0,647.0,No,12,saccade,1.173913043478261,0.023848806107493004
37,2,1,20,29, very ,13659,648,82,87.0,67.0,647.0,686.0,No,12,saccade,0.30532355653446575,-0.013787134713393575
37,2,1,20,29, very ,13725,651,82,87.0,67.0,647.0,686.0,No,12,fixation,0.045454545454545456,-0.003937409258786671
37,2,1,20,29, very ,13745,651,82,87.0,67.0,647.0,686.0,No,12,fixation,0.0,-0.0022727272727272726
37,2,1,20,29, very ,13815,658,82,87.0,67.0,647.0,686.0,No,12,sliding,0.1,0.0014285714285714286
37,2,1,20,29, very ,13867,673,80,87.0,67.0,647.0,686.0,No,12,saccade,0.2910143452004145,0.003673352792315664
37,2,1,20,29, very ,13898,682,80,87.0,67.0,647.0,686.0,No,12,saccade,0.2903225806451613,-2.2314985653329544e-05
37,2,1,20,30, like ,13960,694,80,87.0,67.0,686.0,713.0,No,12,saccade,0.1935483870967742,-0.0015608740894901148
37,2,1,20,30, like ,14016,696,80,87.0,67.0,686.0,713.0,No,12,fixation,0.03571428571428571,-0.002818466096115866
37,2,1,20,30, like ,14048,694,80,87.0,67.0,686.0,713.0,No,12,fixation,0.0625,0.0008370535714285715
37,2,1,20,27, day ,14109,592,81,87.0,67.0,576.0,610.0,No,12,saccade,1.6722115056229456,0.026388713206933534
37,2,1,20,3, like ,14166,217,34,47.0,27.0,198.0,230.0,No,12,saccade,6.630418537664923,0.08698608828143821
37,2,1,20,1, did ,14199,158,35,47.0,27.0,139.0,168.0,No,12,saccade,1.7881355747796277,-0.14673584736016046
37,2,1,20,-1,,14267,109,51,,,,,No,12,saccade,0.7580308216976396,-0.015148599310029235
37,2,1,20,-1,,14316,88,60,,,,,No,12,saccade,0.4662718228079944,-0.005954265283462146
37,2,1,20,-1,,14345,79,67,,,,,No,12,saccade,0.3931639396893579,-0.0025209614868495337
37,2,1,20,-1,,14407,73,73,,,,,No,12,sliding,0.1368593770038479,-0.004133944559443711
37,2,1,20,-1,,14467,71,80,,,,,No,12,sliding,0.12133516482134196,-0.00025873686970843225
37,2,1,20,-1,,14496,72,88,,,,,No,12,saccade,0.2780088878723638,0.005402542174173166
37,2,1,20,-1,,14558,80,102,,,,,No,12,saccade,0.2600728305902758,-0.0002892912464852898
37,2,1,20,31, another. ,14615,94,112,127.0,107.0,94.0,163.0,No,12,saccade,0.30183597428219744,0.0007326867314372216
37,2,1,20,31, another. ,14644,98,114,127.0,107.0,94.0,163.0,No,12,saccade,0.1542115846551579,-0.0050904961940358455
37,2,1,20,31, another. ,14710,102,118,127.0,107.0,94.0,163.0,No,12,fixation,0.08570991287109668,-0.0010379041179403217
37,2,1,20,31, another. ,14768,105,121,127.0,107.0,94.0,163.0,No,12,fixation,0.0731489773641256,-0.000216567853568467
37,2,1,20,31, another. ,14795,107,122,127.0,107.0,94.0,163.0,No,12,fixation,0.08281733249999222,0.0003580872272543195
37,2,1,20,31, another. ,14856,109,124,127.0,107.0,94.0,163.0,No,12,fixation,0.046367657782724434,-0.0005975356511027507
37,2,1,20,31, another. ,14925,112,124,127.0,107.0,94.0,163.0,No,12,fixation,0.043478260869565216,-4.1875317582017645e-05
37,2,1,20,31, another. ,14949,113,124,127.0,107.0,94.0,163.0,No,12,fixation,0.041666666666666664,-7.548309178743966e-05
37,2,1,20,31, another. ,15015,117,123,127.0,107.0,94.0,163.0,No,12,fixation,0.06247129735784334,0.00031522167713904055
37,2,1,20,31, another. ,15065,120,122,127.0,107.0,94.0,163.0,No,12,fixation,0.0632455532033676,1.5485116910485126e-05
37,2,1,20,31, another. ,15097,123,121,127.0,107.0,94.0,163.0,No,12,fixation,0.09882117688026186,0.0011117382399029457
37,2,1,20,31, another. ,15164,131,121,127.0,107.0,94.0,163.0,No,12,sliding,0.11940298507462686,0.00030719116708007466
37,2,1,20,31, another. ,15219,141,121,127.0,107.0,94.0,163.0,No,12,saccade,0.18181818181818182,0.0011348217589737266
37,2,1,20,31, another. ,15246,148,122,127.0,107.0,94.0,163.0,No,12,saccade,0.2618914004394621,0.0029656747637511202
37,2,1,20,32, At ,15311,167,119,127.0,107.0,163.0,185.0,No,12,saccade,0.2959289855641745,0.0005236551557648068
37,2,1,20,32, At ,15370,177,118,127.0,107.0,163.0,185.0,No,12,saccade,0.17033687493425237,-0.002128679841185121
37,2,1,20,32, At ,15396,181,118,127.0,107.0,163.0,185.0,No,12,saccade,0.15384615384615385,-0.0006342585033884044
37,2,1,20,33, a ,15463,190,118,127.0,107.0,185.0,200.0,No,12,sliding,0.13432835820895522,-0.0002913103826447557
37,2,1,20,33, a ,15515,194,118,127.0,107.0,185.0,200.0,No,12,fixation,0.07692307692307693,-0.001103947717036121
37,2,1,20,33, a ,15549,195,118,127.0,107.0,185.0,200.0,No,12,fixation,0.029411764705882353,-0.0013973915357998405
37,2,1,20,33, a ,15608,195,118,127.0,107.0,185.0,200.0,No,12,fixation,0.0,-0.0004985044865403788
37,2,1,20,33, a ,15676,195,118,127.0,107.0,185.0,200.0,No,12,fixation,0.0,0.0
37,2,1,20,33, a ,15702,195,118,127.0,107.0,185.0,200.0,No,12,fixation,0.0,0.0
37,2,1,20,33, a ,15771,195,118,127.0,107.0,185.0,200.0,No,12,fixation,0.0,0.0
37,2,1,20,33, a ,15821,195,118,127.0,107.0,185.0,200.0,No,12,fixation,0.0,0.0
37,2,1,20,33, a ,15848,199,118,127.0,107.0,185.0,200.0,No,12,sliding,0.14814814814814814,0.0054869684499314125
37,2,1,20,34, certain ,15910,229,117,127.0,107.0,200.0,259.0,No,12,saccade,0.48413971031624625,0.0054192187446467435
37,2,1,20,34, certain ,15965,255,121,127.0,107.0,200.0,259.0,No,12,saccade,0.47828896138057836,-0.00010637725337577987
37,2,1,20,35, time ,15997,261,122,127.0,107.0,260.0,299.0,No,12,saccade,0.19008632907181935,-0.009006332259648718
37,2,1,20,35, time ,16066,264,122,127.0,107.0,260.0,299.0,No,12,fixation,0.043478260869565216,-0.0021247546116268715
37,2,1,20,35, time ,16117,264,122,127.0,107.0,260.0,299.0,No,12,fixation,0.0,-0.0008525149190110827
37,2,1,20,35, time ,16151,264,122,127.0,107.0,260.0,299.0,No,12,fixation,0.0,0.0
37,2,1,20,35, time ,16213,264,122,127.0,107.0,260.0,299.0,No,12,fixation,0.0,0.0
37,2,1,20,35, time ,16281,264,122,127.0,107.0,260.0,299.0,No,12,fixation,0.0,0.0
37,2,1,20,35, time ,16296,264,122,127.0,107.0,260.0,299.0,No,12,fixation,0.0,0.0
37,2,1,20,35, time ,16361,283,126,127.0,107.0,260.0,299.0,No,12,saccade,0.29871519752227077,0.00459561842341955
37,2,1,20,-1,,16424,309,130,,,,,No,12,saccade,0.4175538551735208,0.0018863278992261906
37,2,1,20,-1,,16445,314,130,,,,,No,12,saccade,0.23809523809523808,-0.008545648432299177
37,2,1,20,-1,,16510,314,130,,,,,No,12,fixation,0.0,-0.003663003663003663
37,2,1,20,-1,,16576,314,130,,,,,No,12,fixation,0.0,0.0
37,2,1,20,-1,,16595,314,130,,,,,No,12,fixation,0.0,0.0
37,2,1,20,-1,,16657,314,130,,,,,No,12,fixation,0.0,0.0
37,2,1,20,36, each ,16717,328,127,127.0,107.0,299.0,343.0,No,12,saccade,0.2386303510546059,0.003977172517576765
37,2,1,20,37, morning ,16745,348,122,127.0,107.0,343.0,413.0,No,12,saccade,0.7362688617174394,0.017772803952244055
37,2,1,20,37, morning ,16808,385,118,127.0,107.0,343.0,413.0,No,12,saccade,0.590723621140584,-0.002310241913918341
37,2,1,20,37, morning ,16873,406,117,127.0,107.0,343.0,413.0,No,12,saccade,0.323443016025056,-0.0041120093094696615
37,2,1,20,37, morning ,16895,406,117,127.0,107.0,343.0,413.0,No,12,saccade,0.0,-0.01470195527386618
37,2,1,20,37, morning ,16959,406,117,127.0,107.0,343.0,413.0,No,12,fixation,0.0,0.0
37,2,1,20,37, morning ,17025,406,117,127.0,107.0,343.0,413.0,No,12,fixation,0.0,0.0
37,2,1,20,37, morning ,17046,406,117,127.0,107.0,343.0,413.0,No,12,fixation,0.0,0.0
37,2,1,20,37, morning ,17109,406,117,127.0,107.0,343.0,413.0,No,12,fixation,0.0,0.0
37,2,1,20,38, the ,17165,418,117,127.0,107.0,413.0,443.0,No,12,saccade,0.21428571428571427,0.003826530612244898
37,2,1,20,38, the ,17198,436,117,127.0,107.0,413.0,443.0,No,12,saccade,0.5454545454545454,0.010035419126328216
37,2,1,20,39, cooks ,17258,457,119,127.0,107.0,443.0,495.0,No,12,saccade,0.35158371849548314,-0.0032311804493177043
37,2,1,20,39, cooks ,17315,460,120,127.0,107.0,443.0,495.0,No,12,fixation,0.05547855544155052,-0.005194827421998819
37,2,1,20,39, cooks ,17355,460,120,127.0,107.0,443.0,495.0,No,12,fixation,0.0,-0.001386963886038763
37,2,1,20,39, cooks ,17405,460,120,127.0,107.0,443.0,495.0,No,12,fixation,0.0,0.0
37,2,1,20,39, cooks ,17481,460,120,127.0,107.0,443.0,495.0,No,12,fixation,0.0,0.0
37,2,1,20,39, cooks ,17498,460,120,127.0,107.0,443.0,495.0,No,12,fixation,0.0,0.0
37,2,1,20,39, cooks ,17559,463,120,127.0,107.0,443.0,495.0,No,12,fixation,0.04918032786885246,0.0008062348830959419
37,2,1,20,39, cooks ,17615,489,121,127.0,107.0,443.0,495.0,No,12,saccade,0.46462899397348884,0.007418726180439935
37,2,1,20,40, turned ,17648,502,121,127.0,107.0,495.0,551.0,No,12,saccade,0.3939393939393939,-0.00214210909194227
37,2,1,20,40, turned ,17715,516,120,127.0,107.0,495.0,551.0,No,12,saccade,0.20948759474057013,-0.0027530119283406536
37,2,1,20,40, turned ,17765,520,119,127.0,107.0,495.0,551.0,No,12,fixation,0.0824621125123532,-0.0025405096445643384
37,2,1,20,40, turned ,17811,520,119,127.0,107.0,495.0,551.0,No,12,fixation,0.0,-0.0017926546198337653
37,2,1,20,40, turned ,17863,520,119,127.0,107.0,495.0,551.0,No,12,fixation,0.0,0.0
37,2,1,20,40, turned ,17931,520,119,127.0,107.0,495.0,551.0,No,12,fixation,0.0,0.0
37,2,1,20,40, turned ,17951,520,119,127.0,107.0,495.0,551.0,No,12,fixation,0.0,0.0
37,2,1,20,40, turned ,18007,520,119,127.0,107.0,495.0,551.0,No,12,fixation,0.0,0.0
37,2,1,20,40, turned ,18066,543,117,127.0,107.0,495.0,551.0,No,12,saccade,0.39130157222424394,0.00663223003769905
37,2,1,20,41," out, ",18099,570,117,127.0,107.0,551.0,586.0,No,12,saccade,0.8181818181818182,0.012935765029017403
37,2,1,20,42, fires ,18167,603,123,127.0,107.0,586.0,625.0,No,12,saccade,0.49325028915436536,-0.004778404838639012
37,2,1,20,42, fires ,18219,605,123,127.0,107.0,586.0,625.0,No,12,fixation,0.038461538461538464,-0.008745937513323594
37,2,1,20,42, fires ,18249,607,124,127.0,107.0,586.0,625.0,No,12,fixation,0.07453559924999299,0.0012024686929484843
37,2,1,20,42, fires ,18309,617,126,127.0,107.0,586.0,625.0,No,12,saccade,0.1699673171197595,0.001590528631162775
37,2,1,20,42, fires ,18367,620,126,127.0,107.0,586.0,625.0,No,12,fixation,0.05172413793103448,-0.0020386755032538793
37,2,1,20,42, fires ,18406,620,126,127.0,107.0,586.0,625.0,No,12,fixation,0.0,-0.001326259946949602
37,2,1,20,42, fires ,18458,620,126,127.0,107.0,586.0,625.0,No,12,fixation,0.0,0.0
37,2,1,20,42, fires ,18515,623,126,127.0,107.0,586.0,625.0,No,12,fixation,0.05263157894736842,0.0009233610341643582
37,2,1,20,43, were ,18549,635,124,127.0,107.0,625.0,669.0,No,12,saccade,0.3578095606057776,0.008975822989953211
37,2,1,20,43, were ,18610,655,121,127.0,107.0,625.0,669.0,No,12,saccade,0.33153685928125715,-0.00043070002171345043
37,2,1,20,43, were ,18665,662,120,127.0,107.0,625.0,669.0,No,12,sliding,0.128564869306645,-0.0036903998177202206
37,2,1,20,43, were ,18709,662,120,127.0,107.0,625.0,669.0,No,12,fixation,0.0,-0.0029219288478782956
37,2,1,20,43, were ,18762,662,120,127.0,107.0,625.0,669.0,No,12,fixation,0.0,0.0
37,2,1,20,43, were ,18832,662,120,127.0,107.0,625.0,669.0,No,12,fixation,0.0,0.0
37,2,1,20,43, were ,18850,662,120,127.0,107.0,625.0,669.0,No,12,fixation,0.0,0.0
37,2,1,20,43, were ,18920,662,120,127.0,107.0,625.0,669.0,No,12,fixation,0.0,0.0
37,2,1,20,43, were ,18965,662,120,127.0,107.0,625.0,669.0,No,12,fixation,0.0,0.0
37,2,1,20,43, were ,18995,664,120,127.0,107.0,625.0,669.0,No,12,fixation,0.06666666666666667,0.0022222222222222222
37,2,1,20,44," built, ",19068,705,119,127.0,107.0,669.0,712.0,No,12,saccade,0.5618108672441062,0.0067827972681841035
37,2,1,20,45, and ,19119,732,129,127.0,107.0,712.0,742.0,No,12,saccade,0.5645560803485478,5.382770793022618e-05
37,2,1,20,-1,,19160,738,133,,,,,No,12,saccade,0.1758805500226336,-0.009479890983558883
37,2,1,20,-1,,19212,740,134,,,,,No,12,fixation,0.04300130725961134,-0.0025553700531350436
37,2,1,20,-1,,19267,726,136,,,,,No,12,saccade,0.25712973861329,0.0038932442064305212
37,2,1,20,-1,,19296,643,141,,,,,No,12,saccade,2.867257449101711,0.09000440380994555
37,2,1,20,-1,,19359,347,167,,,,,No,12,saccade,4.7165031394508246,0.029353106196017678
37,2,1,20,-1,,19418,223,186,,,,,No,12,saccade,2.1262237296350275,-0.04390304084433554
37,2,1,20,-1,,19447,207,192,,,,,No,12,saccade,0.5892416376081056,-0.05299938248368696
37,2,1,20,-1,,19505,207,192,,,,,No,12,saccade,0.0,-0.010159338579450096
37,2,1,20,-1,,19578,207,192,,,,,No,12,fixation,0.0,0.0
37,2,1,20,-1,,19598,207,192,,,,,No,12,fixation,0.0,0.0
37,2,1,20,-1,,19666,207,192,,,,,No,12,fixation,0.0,0.0
37,2,1,20,-1,,19717,202,191,,,,,No,12,fixation,0.0999807747763291,0.0019604073485554726
37,2,1,20,-1,,19749,176,183,,,,,No,12,saccade,0.8500919067959652,0.023440972875613628
37,2,1,20,-1,,19808,126,170,,,,,No,12,saccade,0.8756333120738636,0.0004329051742016676
37,2,1,20,46, breakfast ,19865,110,167,167.0,147.0,94.0,173.0,No,12,saccade,0.2855933437912229,-0.010351578390923521
37,2,1,20,46, breakfast ,19901,109,167,167.0,147.0,94.0,173.0,No,12,fixation,0.027777777777777776,-0.0071615435003734755
37,2,1,20,46, breakfast ,19959,108,167,167.0,147.0,94.0,173.0,No,12,fixation,0.017241379310344827,-0.0001816620425419474
37,2,1,20,46, breakfast ,20029,108,167,167.0,147.0,94.0,173.0,No,12,fixation,0.0,-0.0002463054187192118
37,2,1,20,46, breakfast ,20045,108,167,167.0,147.0,94.0,173.0,No,12,fixation,0.0,0.0
37,2,1,20,46, breakfast ,20114,108,167,167.0,147.0,94.0,173.0,No,12,fixation,0.0,0.0
37,2,1,20,46, breakfast ,20167,113,167,167.0,147.0,94.0,173.0,No,12,fixation,0.09433962264150944,0.00177999288002848
37,2,1,20,46, breakfast ,20195,118,167,167.0,147.0,94.0,173.0,No,12,saccade,0.17857142857142858,0.0030082787832113977
37,2,1,20,46, breakfast ,20259,160,166,167.0,147.0,94.0,173.0,No,12,saccade,0.6564359855500002,0.0074666337027901805
37,2,1,20,47, was ,20326,173,167,167.0,147.0,173.0,210.0,No,12,saccade,0.19460305687172086,-0.006893028786242974
37,2,1,20,47, was ,20346,179,168,167.0,147.0,173.0,210.0,No,12,saccade,0.30413812651491096,0.005476753482159505
37,2,1,20,-1,,20405,182,170,,,,,No,12,fixation,0.061111038567186256,-0.004119103185554656
37,2,1,20,-1,,20465,185,170,,,,,No,12,fixation,0.05,-0.00018518397611977087
37,2,1,20,-1,,20495,189,170,,,,,No,12,sliding,0.13333333333333333,0.0027777777777777775
37,2,1,20,-1,,20562,225,170,,,,,No,12,saccade,0.5373134328358209,0.006029553723917725
37,2,1,20,48, eaten. ,20621,251,169,167.0,147.0,210.0,260.0,No,12,saccade,0.4410037908900911,-0.0016323668126394877
37,2,1,20,-1,,20645,267,172,,,,,No,12,saccade,0.6782841915041544,0.009886683358919304
37,2,1,20,-1,,20706,300,184,,,,,No,12,saccade,0.5756409792157193,-0.0016826756112858212
37,2,1,21,0, These ,1341,138,32,47.0,27.0,94.0,149.0,Yes,2,fixation,0.0,0.0
37,2,1,21,0, These ,1407,107,27,47.0,27.0,94.0,149.0,Yes,2,saccade,0.47576722630629037,0.007208594337974096
37,2,1,21,0, These ,1424,103,26,47.0,27.0,94.0,149.0,Yes,2,saccade,0.24253562503633297,-0.013719505957056318
37,2,1,21,-1,,1491,90,26,,,,,Yes,2,saccade,0.19402985074626866,-0.000723966780448721
37,2,1,21,-1,,1543,84,28,,,,,Yes,2,sliding,0.12162606385262999,-0.0013923805171853591
37,2,1,21,-1,,1575,81,29,,,,,Yes,2,fixation,0.09882117688026186,-0.000712652717886504
37,2,1,21,-1,,1640,79,30,,,,,Yes,2,fixation,0.034401045807689073,-0.0009910789395780428
37,2,1,21,-1,,1696,78,30,,,,,Yes,2,fixation,0.017857142857142856,-0.000295426838402611
37,2,1,21,-1,,1723,78,30,,,,,Yes,2,fixation,0.0,-0.0006613756613756613
37,2,1,21,-1,,1785,82,31,,,,,Yes,2,fixation,0.06650170363899452,0.001072608123209589
37,2,1,21,0, These ,1844,116,37,47.0,27.0,94.0,149.0,Yes,2,saccade,0.5851754746315956,0.008791080864281374
37,2,1,21,0, These ,1874,117,37,47.0,27.0,94.0,149.0,Yes,2,saccade,0.03333333333333333,-0.01839473804327541
37,2,1,21,0, These ,1938,121,38,47.0,27.0,94.0,149.0,Yes,2,fixation,0.06442352540027595,0.00048578425104597834
37,2,1,21,0, These ,1996,129,40,47.0,27.0,94.0,149.0,Yes,2,sliding,0.1421760560557814,0.0013405608733707837
37,2,1,21,0, These ,2023,129,40,47.0,27.0,94.0,149.0,Yes,2,fixation,0.0,-0.00526577985391783
37,2,1,21,0, These ,2088,129,40,47.0,27.0,94.0,149.0,Yes,2,fixation,0.0,0.0
37,2,1,21,0, These ,2151,129,40,47.0,27.0,94.0,149.0,Yes,2,fixation,0.0,0.0
37,2,1,21,0, These ,2173,129,40,47.0,27.0,94.0,149.0,Yes,2,fixation,0.0,0.0
37,2,1,21,0, These ,2240,129,40,47.0,27.0,94.0,149.0,Yes,2,fixation,0.0,0.0
37,2,1,21,0, These ,2309,129,40,47.0,27.0,94.0,149.0,Yes,2,fixation,0.0,0.0
37,2,1,21,0, These ,2327,129,40,47.0,27.0,94.0,149.0,Yes,2,fixation,0.0,0.0
37,2,1,21,0, These ,2397,129,40,47.0,27.0,94.0,149.0,Yes,2,fixation,0.0,0.0
37,2,1,21,0, These ,2458,129,40,47.0,27.0,94.0,149.0,Yes,2,fixation,0.0,0.0
37,2,1,21,0, These ,2476,129,40,47.0,27.0,94.0,149.0,Yes,2,fixation,0.0,0.0
37,2,1,21,0, These ,2546,129,40,47.0,27.0,94.0,149.0,Yes,2,fixation,0.0,0.0
37,2,1,21,0, These ,2597,129,40,47.0,27.0,94.0,149.0,Yes,2,fixation,0.0,0.0
37,2,1,21,0, These ,2631,129,40,47.0,27.0,94.0,149.0,Yes,2,fixation,0.0,0.0
37,2,1,21,0, These ,2698,129,40,47.0,27.0,94.0,149.0,Yes,2,fixation,0.0,0.0
37,2,1,21,0, These ,2748,129,40,47.0,27.0,94.0,149.0,Yes,2,fixation,0.0,0.0
37,2,1,21,0, These ,2778,129,40,47.0,27.0,94.0,149.0,Yes,2,fixation,0.0,0.0
37,2,1,21,0, These ,2838,129,40,47.0,27.0,94.0,149.0,Yes,2,fixation,0.0,0.0
37,2,1,21,0, These ,2893,129,40,47.0,27.0,94.0,149.0,Yes,2,fixation,0.0,0.0
37,2,1,21,0, These ,2941,129,40,47.0,27.0,94.0,149.0,Yes,2,fixation,0.0,0.0
37,2,1,21,0, These ,2992,129,40,47.0,27.0,94.0,149.0,Yes,2,fixation,0.0,0.0
37,2,1,21,0, These ,3056,129,40,47.0,27.0,94.0,149.0,Yes,2,fixation,0.0,0.0
37,2,1,21,0, These ,3087,129,40,47.0,27.0,94.0,149.0,Yes,2,fixation,0.0,0.0
37,2,1,21,0, These ,3148,129,40,47.0,27.0,94.0,149.0,Yes,2,fixation,0.0,0.0
37,2,1,21,0, These ,3196,129,40,47.0,27.0,94.0,149.0,Yes,2,fixation,0.0,0.0
37,2,1,21,0, These ,3229,129,40,47.0,27.0,94.0,149.0,Yes,2,fixation,0.0,0.0
37,2,1,21,0, These ,3296,129,40,47.0,27.0,94.0,149.0,Yes,2,fixation,0.0,0.0
37,2,1,21,0, These ,3356,129,40,47.0,27.0,94.0,149.0,Yes,2,fixation,0.0,0.0
37,2,1,21,0, These ,3381,129,40,47.0,27.0,94.0,149.0,Yes,2,fixation,0.0,0.0
37,2,1,21,0, These ,3449,129,40,47.0,27.0,94.0,149.0,Yes,2,fixation,0.0,0.0
37,2,1,21,0, These ,3501,129,40,47.0,27.0,94.0,149.0,Yes,2,fixation,0.0,0.0
37,2,1,21,0, These ,3536,129,40,47.0,27.0,94.0,149.0,Yes,2,fixation,0.0,0.0
37,2,1,21,0, These ,3587,129,40,47.0,27.0,94.0,149.0,Yes,2,fixation,0.0,0.0
37,2,1,21,0, These ,3657,129,40,47.0,27.0,94.0,149.0,Yes,2,fixation,0.0,0.0
37,2,1,21,0, These ,3676,129,40,47.0,27.0,94.0,149.0,Yes,2,fixation,0.0,0.0
37,2,1,21,0, These ,3744,129,40,47.0,27.0,94.0,149.0,Yes,2,fixation,0.0,0.0
37,2,1,21,0, These ,3796,129,40,47.0,27.0,94.0,149.0,Yes,2,fixation,0.0,0.0
37,2,1,21,0, These ,3830,129,40,47.0,27.0,94.0,149.0,Yes,2,fixation,0.0,0.0
37,2,1,21,0, These ,3891,129,40,47.0,27.0,94.0,149.0,Yes,2,fixation,0.0,0.0
37,2,1,21,0, These ,3952,129,40,47.0,27.0,94.0,149.0,Yes,2,fixation,0.0,0.0
37,2,1,21,0, These ,3986,129,40,47.0,27.0,94.0,149.0,Yes,2,fixation,0.0,0.0
37,2,1,21,0, These ,4037,129,40,47.0,27.0,94.0,149.0,Yes,2,fixation,0.0,0.0
37,2,1,21,0, These ,4106,129,40,47.0,27.0,94.0,149.0,Yes,2,fixation,0.0,0.0
37,2,1,21,0, These ,4132,129,40,47.0,27.0,94.0,149.0,Yes,2,fixation,0.0,0.0
37,2,1,21,0, These ,4183,129,40,47.0,27.0,94.0,149.0,Yes,2,fixation,0.0,0.0
37,2,1,21,0, These ,4244,129,40,47.0,27.0,94.0,149.0,Yes,2,fixation,0.0,0.0
37,2,1,21,0, These ,4287,129,40,47.0,27.0,94.0,149.0,Yes,2,fixation,0.0,0.0
37,2,1,21,0, These ,4339,129,40,47.0,27.0,94.0,149.0,Yes,2,fixation,0.0,0.0
37,2,1,21,0, These ,4408,129,40,47.0,27.0,94.0,149.0,Yes,2,fixation,0.0,0.0
37,2,1,21,0, These ,4426,129,40,47.0,27.0,94.0,149.0,Yes,2,fixation,0.0,0.0
37,2,1,21,0, These ,4496,129,40,47.0,27.0,94.0,149.0,Yes,2,fixation,0.0,0.0
37,2,1,21,0, These ,4556,129,40,47.0,27.0,94.0,149.0,Yes,2,fixation,0.0,0.0
37,2,1,21,0, These ,4582,129,40,47.0,27.0,94.0,149.0,Yes,2,fixation,0.0,0.0
37,2,1,21,0, These ,4633,129,40,47.0,27.0,94.0,149.0,Yes,2,fixation,0.0,0.0
37,2,1,21,0, These ,4703,129,40,47.0,27.0,94.0,149.0,Yes,2,fixation,0.0,0.0
37,2,1,21,0, These ,4737,129,40,47.0,27.0,94.0,149.0,Yes,2,fixation,0.0,0.0
37,2,1,21,0, These ,4789,129,40,47.0,27.0,94.0,149.0,Yes,2,fixation,0.0,0.0
37,2,1,21,0, These ,4858,129,40,47.0,27.0,94.0,149.0,Yes,2,fixation,0.0,0.0
37,2,1,21,0, These ,4876,129,40,47.0,27.0,94.0,149.0,Yes,2,fixation,0.0,0.0
37,2,1,21,0, These ,4943,129,40,47.0,27.0,94.0,149.0,Yes,2,fixation,0.0,0.0
37,2,1,21,0, These ,4996,129,40,47.0,27.0,94.0,149.0,Yes,2,fixation,0.0,0.0
37,2,1,21,0, These ,5030,129,40,47.0,27.0,94.0,149.0,Yes,2,fixation,0.0,0.0
37,2,1,21,0, These ,5090,129,40,47.0,27.0,94.0,149.0,Yes,2,fixation,0.0,0.0
37,2,1,21,0, These ,5158,129,40,47.0,27.0,94.0,149.0,Yes,2,fixation,0.0,0.0
37,2,1,21,0, These ,5176,129,40,47.0,27.0,94.0,149.0,Yes,2,fixation,0.0,0.0
37,2,1,21,0, These ,5243,129,40,47.0,27.0,94.0,149.0,Yes,2,fixation,0.0,0.0
37,2,1,21,0, These ,5296,129,40,47.0,27.0,94.0,149.0,Yes,2,fixation,0.0,0.0
37,2,1,21,0, These ,5329,129,40,47.0,27.0,94.0,149.0,Yes,2,fixation,0.0,0.0
37,2,1,21,0, These ,5390,129,40,47.0,27.0,94.0,149.0,Yes,2,fixation,0.0,0.0
37,2,1,21,0, These ,5451,129,40,47.0,27.0,94.0,149.0,Yes,2,fixation,0.0,0.0
37,2,1,21,0, These ,5477,129,40,47.0,27.0,94.0,149.0,Yes,2,fixation,0.0,0.0
37,2,1,21,0, These ,5543,129,40,47.0,27.0,94.0,149.0,Yes,2,fixation,0.0,0.0
37,2,1,21,0, These ,5596,129,40,47.0,27.0,94.0,149.0,Yes,2,fixation,0.0,0.0
37,2,1,21,0, These ,5629,129,40,47.0,27.0,94.0,149.0,Yes,2,fixation,0.0,0.0
37,2,1,21,0, These ,5691,129,40,47.0,27.0,94.0,149.0,Yes,2,fixation,0.0,0.0
37,2,1,21,0, These ,5751,129,40,47.0,27.0,94.0,149.0,Yes,2,fixation,0.0,0.0
37,2,1,21,0, These ,5777,129,40,47.0,27.0,94.0,149.0,Yes,2,fixation,0.0,0.0
37,2,1,21,0, These ,5838,129,40,47.0,27.0,94.0,149.0,Yes,2,fixation,0.0,0.0
37,2,1,21,0, These ,5897,129,40,47.0,27.0,94.0,149.0,Yes,2,fixation,0.0,0.0
37,2,1,21,0, These ,5932,129,40,47.0,27.0,94.0,149.0,Yes,2,fixation,0.0,0.0
37,2,1,21,0, These ,5992,129,40,47.0,27.0,94.0,149.0,Yes,2,fixation,0.0,0.0
37,2,1,21,0, These ,6052,129,40,47.0,27.0,94.0,149.0,Yes,2,fixation,0.0,0.0
37,2,1,21,0, These ,6087,129,40,47.0,27.0,94.0,149.0,Yes,2,fixation,0.0,0.0
37,2,1,21,0, These ,6133,129,40,47.0,27.0,94.0,149.0,Yes,2,fixation,0.0,0.0
37,2,1,21,0, These ,6203,129,40,47.0,27.0,94.0,149.0,Yes,2,fixation,0.0,0.0
37,2,1,21,0, These ,6237,129,40,47.0,27.0,94.0,149.0,Yes,2,fixation,0.0,0.0
37,2,1,21,0, These ,6288,129,40,47.0,27.0,94.0,149.0,Yes,2,fixation,0.0,0.0
37,2,1,21,0, These ,6358,129,40,47.0,27.0,94.0,149.0,Yes,2,fixation,0.0,0.0
37,2,1,21,0, These ,6376,129,40,47.0,27.0,94.0,149.0,Yes,2,fixation,0.0,0.0
37,2,1,21,0, These ,6444,129,40,47.0,27.0,94.0,149.0,Yes,2,fixation,0.0,0.0
37,2,1,21,0, These ,6496,129,40,47.0,27.0,94.0,149.0,Yes,2,fixation,0.0,0.0
37,2,1,21,0, These ,6530,129,40,47.0,27.0,94.0,149.0,Yes,2,fixation,0.0,0.0
37,2,1,21,0, These ,6592,129,40,47.0,27.0,94.0,149.0,Yes,2,fixation,0.0,0.0
37,2,1,21,0, These ,6656,129,40,47.0,27.0,94.0,149.0,Yes,2,fixation,0.0,0.0
37,2,1,21,0, These ,6681,129,40,47.0,27.0,94.0,149.0,Yes,2,fixation,0.0,0.0
37,2,1,21,0, These ,6742,129,40,47.0,27.0,94.0,149.0,Yes,2,fixation,0.0,0.0
37,2,1,21,0, These ,6810,129,40,47.0,27.0,94.0,149.0,Yes,2,fixation,0.0,0.0
37,2,1,21,0, These ,6827,129,40,47.0,27.0,94.0,149.0,Yes,2,fixation,0.0,0.0
37,2,1,21,0, These ,6890,129,40,47.0,27.0,94.0,149.0,Yes,2,fixation,0.0,0.0
37,2,1,21,0, These ,6952,129,40,47.0,27.0,94.0,149.0,Yes,2,fixation,0.0,0.0
37,2,1,21,0, These ,6986,129,40,47.0,27.0,94.0,149.0,Yes,2,fixation,0.0,0.0
37,2,1,21,0, These ,7038,129,40,47.0,27.0,94.0,149.0,Yes,2,fixation,0.0,0.0
37,2,1,21,0, These ,7098,129,40,47.0,27.0,94.0,149.0,Yes,2,fixation,0.0,0.0
37,2,1,21,0, These ,7133,129,40,47.0,27.0,94.0,149.0,Yes,2,fixation,0.0,0.0
37,2,1,21,0, These ,7196,129,40,47.0,27.0,94.0,149.0,Yes,2,fixation,0.0,0.0
37,2,1,21,0, These ,7247,129,40,47.0,27.0,94.0,149.0,Yes,2,fixation,0.0,0.0
37,2,1,21,0, These ,7283,129,40,47.0,27.0,94.0,149.0,Yes,2,fixation,0.0,0.0
37,2,1,21,0, These ,7337,129,40,47.0,27.0,94.0,149.0,Yes,2,fixation,0.0,0.0
37,2,1,21,0, These ,7399,129,40,47.0,27.0,94.0,149.0,Yes,2,fixation,0.0,0.0
37,2,1,21,0, These ,7433,129,40,47.0,27.0,94.0,149.0,Yes,2,fixation,0.0,0.0
37,2,1,21,0, These ,7486,129,40,47.0,27.0,94.0,149.0,Yes,2,fixation,0.0,0.0
37,2,1,21,0, These ,7553,129,40,47.0,27.0,94.0,149.0,Yes,2,fixation,0.0,0.0
37,2,1,21,0, These ,7588,129,40,47.0,27.0,94.0,149.0,Yes,2,fixation,0.0,0.0
37,2,1,21,0, These ,7640,129,40,47.0,27.0,94.0,149.0,Yes,2,fixation,0.0,0.0
37,2,1,21,0, These ,7710,129,40,47.0,27.0,94.0,149.0,Yes,2,fixation,0.0,0.0
37,2,1,21,0, These ,7727,129,40,47.0,27.0,94.0,149.0,Yes,2,fixation,0.0,0.0
37,2,1,21,0, These ,7796,129,40,47.0,27.0,94.0,149.0,Yes,2,fixation,0.0,0.0
37,2,1,21,0, These ,7847,129,40,47.0,27.0,94.0,149.0,Yes,2,fixation,0.0,0.0
37,2,1,21,0, These ,7883,129,40,47.0,27.0,94.0,149.0,Yes,2,fixation,0.0,0.0
37,2,1,21,0, These ,7935,129,40,47.0,27.0,94.0,149.0,Yes,2,fixation,0.0,0.0
37,2,1,21,0, These ,7998,129,40,47.0,27.0,94.0,149.0,Yes,2,fixation,0.0,0.0
37,2,1,21,0, These ,8033,129,40,47.0,27.0,94.0,149.0,Yes,2,fixation,0.0,0.0
37,2,1,21,0, These ,8092,129,40,47.0,27.0,94.0,149.0,Yes,2,fixation,0.0,0.0
37,2,1,21,0, These ,8150,129,40,47.0,27.0,94.0,149.0,Yes,2,fixation,0.0,0.0
37,2,1,21,0, These ,8181,129,40,47.0,27.0,94.0,149.0,Yes,2,fixation,0.0,0.0
37,2,1,21,0, These ,8238,129,40,47.0,27.0,94.0,149.0,Yes,2,fixation,0.0,0.0
37,2,1,21,0, These ,8303,129,40,47.0,27.0,94.0,149.0,Yes,2,fixation,0.0,0.0
37,2,1,21,0, These ,8338,129,40,47.0,27.0,94.0,149.0,Yes,2,fixation,0.0,0.0
37,2,1,21,0, These ,8390,129,40,47.0,27.0,94.0,149.0,Yes,2,fixation,0.0,0.0
37,2,1,21,0, These ,8451,129,40,47.0,27.0,94.0,149.0,Yes,2,fixation,0.0,0.0
37,2,1,21,0, These ,8486,129,40,47.0,27.0,94.0,149.0,Yes,2,fixation,0.0,0.0
37,2,1,21,0, These ,8538,129,40,47.0,27.0,94.0,149.0,Yes,2,fixation,0.0,0.0
37,2,1,21,0, These ,8602,129,40,47.0,27.0,94.0,149.0,Yes,2,fixation,0.0,0.0
37,2,1,21,0, These ,8636,129,40,47.0,27.0,94.0,149.0,Yes,2,fixation,0.0,0.0
37,2,1,21,0, These ,8687,129,40,47.0,27.0,94.0,149.0,Yes,2,fixation,0.0,0.0
37,2,1,21,0, These ,8746,129,40,47.0,27.0,94.0,149.0,Yes,2,fixation,0.0,0.0
37,2,1,21,0, These ,8780,129,40,47.0,27.0,94.0,149.0,Yes,2,fixation,0.0,0.0
37,2,1,21,0, These ,8849,129,40,47.0,27.0,94.0,149.0,Yes,2,fixation,0.0,0.0
37,2,1,21,0, These ,8903,129,40,47.0,27.0,94.0,149.0,Yes,2,fixation,0.0,0.0
37,2,1,21,0, These ,8929,129,40,47.0,27.0,94.0,149.0,Yes,2,fixation,0.0,0.0
37,2,1,21,0, These ,8990,129,40,47.0,27.0,94.0,149.0,Yes,2,fixation,0.0,0.0
37,2,1,21,0, These ,9052,129,40,47.0,27.0,94.0,149.0,Yes,2,fixation,0.0,0.0
37,2,1,21,0, These ,9086,129,40,47.0,27.0,94.0,149.0,Yes,2,fixation,0.0,0.0
37,2,1,21,0, These ,9141,129,40,47.0,27.0,94.0,149.0,Yes,2,fixation,0.0,0.0
37,2,1,21,0, These ,9201,129,40,47.0,27.0,94.0,149.0,Yes,2,fixation,0.0,0.0
37,2,1,21,0, These ,9227,129,40,47.0,27.0,94.0,149.0,Yes,2,fixation,0.0,0.0
37,2,1,21,0, These ,9287,129,40,47.0,27.0,94.0,149.0,Yes,2,fixation,0.0,0.0
37,2,1,21,0, These ,9356,129,40,47.0,27.0,94.0,149.0,Yes,2,fixation,0.0,0.0
37,2,1,21,0, These ,9381,129,40,47.0,27.0,94.0,149.0,Yes,2,fixation,0.0,0.0
37,2,1,21,0, These ,9450,129,40,47.0,27.0,94.0,149.0,Yes,2,fixation,0.0,0.0
37,2,1,21,0, These ,9502,129,40,47.0,27.0,94.0,149.0,Yes,2,fixation,0.0,0.0
37,2,1,21,0, These ,9537,129,40,47.0,27.0,94.0,149.0,Yes,2,fixation,0.0,0.0
37,2,1,21,0, These ,9588,129,40,47.0,27.0,94.0,149.0,Yes,2,fixation,0.0,0.0
37,2,1,21,0, These ,9657,129,40,47.0,27.0,94.0,149.0,Yes,2,fixation,0.0,0.0
37,2,1,21,0, These ,9676,129,40,47.0,27.0,94.0,149.0,Yes,2,fixation,0.0,0.0
37,2,1,21,0, These ,9735,129,40,47.0,27.0,94.0,149.0,Yes,2,fixation,0.0,0.0
37,2,1,21,0, These ,9796,129,40,47.0,27.0,94.0,149.0,Yes,2,fixation,0.0,0.0
37,2,1,21,0, These ,9830,129,40,47.0,27.0,94.0,149.0,Yes,2,fixation,0.0,0.0
37,2,1,21,0, These ,9898,129,40,47.0,27.0,94.0,149.0,Yes,2,fixation,0.0,0.0
37,2,1,21,0, These ,9950,129,40,47.0,27.0,94.0,149.0,Yes,2,fixation,0.0,0.0
37,2,1,21,0, These ,9986,129,40,47.0,27.0,94.0,149.0,Yes,2,fixation,0.0,0.0
37,2,1,21,0, These ,10037,129,40,47.0,27.0,94.0,149.0,Yes,2,fixation,0.0,0.0
37,2,1,21,0, These ,10106,129,40,47.0,27.0,94.0,149.0,Yes,2,fixation,0.0,0.0
37,2,1,21,0, These ,10131,129,40,47.0,27.0,94.0,149.0,Yes,2,fixation,0.0,0.0
37,2,1,21,0, These ,10200,129,40,47.0,27.0,94.0,149.0,Yes,2,fixation,0.0,0.0
37,2,1,21,0, These ,10251,129,40,47.0,27.0,94.0,149.0,Yes,2,fixation,0.0,0.0
37,2,1,21,0, These ,10286,129,40,47.0,27.0,94.0,149.0,Yes,2,fixation,0.0,0.0
37,2,1,21,0, These ,10337,129,40,47.0,27.0,94.0,149.0,Yes,2,fixation,0.0,0.0
37,2,1,21,0, These ,10397,129,40,47.0,27.0,94.0,149.0,Yes,2,fixation,0.0,0.0
37,2,1,21,0, These ,10432,129,40,47.0,27.0,94.0,149.0,Yes,2,fixation,0.0,0.0
37,2,1,21,0, These ,10492,129,40,47.0,27.0,94.0,149.0,Yes,2,fixation,0.0,0.0
37,2,1,21,0, These ,10560,129,40,47.0,27.0,94.0,149.0,Yes,2,fixation,0.0,0.0
37,2,1,21,0, These ,10577,129,40,47.0,27.0,94.0,149.0,Yes,2,fixation,0.0,0.0
37,2,1,21,0, These ,10647,129,40,47.0,27.0,94.0,149.0,Yes,2,fixation,0.0,0.0
37,2,1,21,0, These ,10700,129,40,47.0,27.0,94.0,149.0,Yes,2,fixation,0.0,0.0
37,2,1,21,0, These ,10736,129,40,47.0,27.0,94.0,149.0,Yes,2,fixation,0.0,0.0
37,2,1,21,0, These ,10787,129,40,47.0,27.0,94.0,149.0,Yes,2,fixation,0.0,0.0
37,2,1,21,0, These ,10856,129,40,47.0,27.0,94.0,149.0,Yes,2,fixation,0.0,0.0
37,2,1,21,0, These ,10881,129,40,47.0,27.0,94.0,149.0,Yes,2,fixation,0.0,0.0
37,2,1,21,0, These ,10942,129,40,47.0,27.0,94.0,149.0,Yes,2,fixation,0.0,0.0
37,2,1,21,0, These ,11001,129,40,47.0,27.0,94.0,149.0,Yes,2,fixation,0.0,0.0
37,2,1,21,0, These ,11036,129,40,47.0,27.0,94.0,149.0,Yes,2,fixation,0.0,0.0
37,2,1,21,0, These ,11087,129,40,47.0,27.0,94.0,149.0,Yes,2,fixation,0.0,0.0
37,2,1,21,0, These ,11156,129,40,47.0,27.0,94.0,149.0,Yes,2,fixation,0.0,0.0
37,2,1,21,0, These ,11181,129,40,47.0,27.0,94.0,149.0,Yes,2,fixation,0.0,0.0
37,2,1,21,0, These ,11250,129,40,47.0,27.0,94.0,149.0,Yes,2,fixation,0.0,0.0
37,2,1,21,0, These ,11301,129,40,47.0,27.0,94.0,149.0,Yes,2,fixation,0.0,0.0
37,2,1,21,0, These ,11327,129,40,47.0,27.0,94.0,149.0,Yes,2,fixation,0.0,0.0
37,2,1,21,0, These ,11397,129,40,47.0,27.0,94.0,149.0,Yes,2,fixation,0.0,0.0
37,2,1,21,0, These ,11448,129,40,47.0,27.0,94.0,149.0,Yes,2,fixation,0.0,0.0
37,2,1,21,0, These ,11486,129,40,47.0,27.0,94.0,149.0,Yes,2,fixation,0.0,0.0
37,2,1,21,0, These ,11541,129,40,47.0,27.0,94.0,149.0,Yes,2,fixation,0.0,0.0
37,2,1,21,0, These ,11610,129,40,47.0,27.0,94.0,149.0,Yes,2,fixation,0.0,0.0
37,2,1,21,0, These ,11627,129,40,47.0,27.0,94.0,149.0,Yes,2,fixation,0.0,0.0
37,2,1,21,0, These ,11687,129,40,47.0,27.0,94.0,149.0,Yes,2,fixation,0.0,0.0
37,2,1,21,0, These ,11757,129,40,47.0,27.0,94.0,149.0,Yes,2,fixation,0.0,0.0
37,2,1,21,0, These ,11782,129,40,47.0,27.0,94.0,149.0,Yes,2,fixation,0.0,0.0
37,2,1,21,0, These ,11841,129,40,47.0,27.0,94.0,149.0,Yes,2,fixation,0.0,0.0
37,2,1,21,0, These ,11902,129,40,47.0,27.0,94.0,149.0,Yes,2,fixation,0.0,0.0
37,2,1,21,0, These ,11936,129,40,47.0,27.0,94.0,149.0,Yes,2,fixation,0.0,0.0
37,2,1,21,0, These ,11987,129,40,47.0,27.0,94.0,149.0,Yes,2,fixation,0.0,0.0
37,2,1,21,0, These ,12050,129,40,47.0,27.0,94.0,149.0,Yes,2,fixation,0.0,0.0
37,2,1,21,0, These ,12077,129,40,47.0,27.0,94.0,149.0,Yes,2,fixation,0.0,0.0
37,2,1,21,0, These ,12144,129,40,47.0,27.0,94.0,149.0,Yes,2,fixation,0.0,0.0
37,2,1,21,0, These ,12196,129,40,47.0,27.0,94.0,149.0,Yes,2,fixation,0.0,0.0
37,2,1,21,0, These ,12229,129,40,47.0,27.0,94.0,149.0,Yes,2,fixation,0.0,0.0
37,2,1,21,0, These ,12292,129,40,47.0,27.0,94.0,149.0,Yes,2,fixation,0.0,0.0
37,2,1,21,0, These ,12353,129,40,47.0,27.0,94.0,149.0,Yes,2,fixation,0.0,0.0
37,2,1,21,0, These ,12387,129,40,47.0,27.0,94.0,149.0,Yes,2,fixation,0.0,0.0
37,2,1,21,0, These ,12438,129,40,47.0,27.0,94.0,149.0,Yes,2,fixation,0.0,0.0
37,2,1,21,0, These ,12502,129,40,47.0,27.0,94.0,149.0,Yes,2,fixation,0.0,0.0
37,2,1,21,0, These ,12536,129,40,47.0,27.0,94.0,149.0,Yes,2,fixation,0.0,0.0
37,2,1,21,0, These ,12591,129,40,47.0,27.0,94.0,149.0,Yes,2,fixation,0.0,0.0
37,2,1,21,0, These ,12659,129,40,47.0,27.0,94.0,149.0,Yes,2,fixation,0.0,0.0
37,2,1,21,0, These ,12676,129,40,47.0,27.0,94.0,149.0,Yes,2,fixation,0.0,0.0
37,2,1,21,0, These ,12738,129,40,47.0,27.0,94.0,149.0,Yes,2,fixation,0.0,0.0
37,2,1,21,0, These ,12807,129,40,47.0,27.0,94.0,149.0,Yes,2,fixation,0.0,0.0
37,2,1,21,0, These ,12823,129,40,47.0,27.0,94.0,149.0,Yes,2,fixation,0.0,0.0
37,2,1,21,0, These ,12893,129,40,47.0,27.0,94.0,149.0,Yes,2,fixation,0.0,0.0
37,2,1,21,0, These ,12945,129,40,47.0,27.0,94.0,149.0,Yes,2,fixation,0.0,0.0
37,2,1,21,0, These ,12988,129,40,47.0,27.0,94.0,149.0,Yes,2,fixation,0.0,0.0
37,2,1,21,0, These ,13048,129,40,47.0,27.0,94.0,149.0,Yes,2,fixation,0.0,0.0
37,2,1,21,0, These ,13100,129,40,47.0,27.0,94.0,149.0,Yes,2,fixation,0.0,0.0
37,2,1,21,0, These ,13132,129,40,47.0,27.0,94.0,149.0,Yes,2,fixation,0.0,0.0
37,2,1,21,0, These ,13191,129,40,47.0,27.0,94.0,149.0,Yes,2,fixation,0.0,0.0
37,2,1,21,0, These ,13257,129,40,47.0,27.0,94.0,149.0,Yes,2,fixation,0.0,0.0
37,2,1,21,0, These ,13275,129,40,47.0,27.0,94.0,149.0,Yes,2,fixation,0.0,0.0
37,2,1,21,0, These ,13344,129,40,47.0,27.0,94.0,149.0,Yes,2,fixation,0.0,0.0
37,2,1,21,0, These ,13396,129,40,47.0,27.0,94.0,149.0,Yes,2,fixation,0.0,0.0
37,2,1,21,0, These ,13430,129,40,47.0,27.0,94.0,149.0,Yes,2,fixation,0.0,0.0
37,2,1,21,0, These ,13492,129,40,47.0,27.0,94.0,149.0,Yes,2,fixation,0.0,0.0
37,2,1,21,0, These ,13559,129,40,47.0,27.0,94.0,149.0,Yes,2,fixation,0.0,0.0
37,2,1,21,0, These ,13576,129,40,47.0,27.0,94.0,149.0,Yes,2,fixation,0.0,0.0
37,2,1,21,0, These ,13643,129,40,47.0,27.0,94.0,149.0,Yes,2,fixation,0.0,0.0
37,2,1,21,0, These ,13697,129,40,47.0,27.0,94.0,149.0,Yes,2,fixation,0.0,0.0
37,2,1,21,0, These ,13730,129,40,47.0,27.0,94.0,149.0,Yes,2,fixation,0.0,0.0
37,2,1,21,0, These ,13800,129,40,47.0,27.0,94.0,149.0,Yes,2,fixation,0.0,0.0
37,2,1,21,0, These ,13851,129,40,47.0,27.0,94.0,149.0,Yes,2,fixation,0.0,0.0
37,2,1,21,0, These ,13886,129,40,47.0,27.0,94.0,149.0,Yes,2,fixation,0.0,0.0
37,2,1,21,0, These ,13937,129,40,47.0,27.0,94.0,149.0,Yes,2,fixation,0.0,0.0
37,2,1,21,0, These ,14004,129,40,47.0,27.0,94.0,149.0,Yes,2,fixation,0.0,0.0
37,2,1,21,0, These ,14030,129,40,47.0,27.0,94.0,149.0,Yes,2,fixation,0.0,0.0
37,2,1,21,0, These ,14092,129,40,47.0,27.0,94.0,149.0,Yes,2,fixation,0.0,0.0
37,2,1,21,0, These ,14160,129,40,47.0,27.0,94.0,149.0,Yes,2,fixation,0.0,0.0
37,2,1,21,0, These ,14178,129,40,47.0,27.0,94.0,149.0,Yes,2,fixation,0.0,0.0
37,2,1,21,0, These ,14239,129,40,47.0,27.0,94.0,149.0,Yes,2,fixation,0.0,0.0
37,2,1,21,0, These ,14307,129,40,47.0,27.0,94.0,149.0,Yes,2,fixation,0.0,0.0
37,2,1,21,0, These ,14326,129,40,47.0,27.0,94.0,149.0,Yes,2,fixation,0.0,0.0
37,2,1,21,0, These ,14388,129,40,47.0,27.0,94.0,149.0,Yes,2,fixation,0.0,0.0
37,2,1,21,0, These ,14447,129,40,47.0,27.0,94.0,149.0,Yes,2,fixation,0.0,0.0
37,2,1,21,0, These ,14480,129,40,47.0,27.0,94.0,149.0,Yes,2,fixation,0.0,0.0
37,2,1,21,0, These ,14543,129,40,47.0,27.0,94.0,149.0,Yes,2,fixation,0.0,0.0
37,2,1,21,0, These ,14596,129,40,47.0,27.0,94.0,149.0,Yes,2,fixation,0.0,0.0
37,2,1,21,0, These ,14630,129,40,47.0,27.0,94.0,149.0,Yes,2,fixation,0.0,0.0
37,2,1,21,0, These ,14690,129,40,47.0,27.0,94.0,149.0,Yes,2,fixation,0.0,0.0
37,2,1,21,0, These ,14752,129,40,47.0,27.0,94.0,149.0,Yes,2,fixation,0.0,0.0
37,2,1,21,0, These ,14786,129,40,47.0,27.0,94.0,149.0,Yes,2,fixation,0.0,0.0
37,2,1,21,0, These ,14837,129,40,47.0,27.0,94.0,149.0,Yes,2,fixation,0.0,0.0
37,2,1,21,0, These ,14901,129,40,47.0,27.0,94.0,149.0,Yes,2,fixation,0.0,0.0
37,2,1,21,0, These ,14936,129,40,47.0,27.0,94.0,149.0,Yes,2,fixation,0.0,0.0
37,2,1,21,0, These ,14988,129,40,47.0,27.0,94.0,149.0,Yes,2,fixation,0.0,0.0
37,2,1,21,0, These ,15051,129,40,47.0,27.0,94.0,149.0,Yes,2,fixation,0.0,0.0
37,2,1,21,0, These ,15086,129,40,47.0,27.0,94.0,149.0,Yes,2,fixation,0.0,0.0
37,2,1,21,0, These ,15142,129,40,47.0,27.0,94.0,149.0,Yes,2,fixation,0.0,0.0
37,2,1,21,0, These ,15202,129,40,47.0,27.0,94.0,149.0,Yes,2,fixation,0.0,0.0
37,2,1,21,0, These ,15228,129,40,47.0,27.0,94.0,149.0,Yes,2,fixation,0.0,0.0
37,2,1,21,0, These ,15297,129,40,47.0,27.0,94.0,149.0,Yes,2,fixation,0.0,0.0
37,2,1,21,0, These ,15357,129,40,47.0,27.0,94.0,149.0,Yes,2,fixation,0.0,0.0
37,2,1,21,0, These ,15382,129,40,47.0,27.0,94.0,149.0,Yes,2,fixation,0.0,0.0
37,2,1,21,0, These ,15446,129,40,47.0,27.0,94.0,149.0,Yes,2,fixation,0.0,0.0
37,2,1,21,0, These ,15497,129,40,47.0,27.0,94.0,149.0,Yes,2,fixation,0.0,0.0
37,2,1,21,0, These ,15533,129,40,47.0,27.0,94.0,149.0,Yes,2,fixation,0.0,0.0
37,2,1,21,0, These ,15586,129,40,47.0,27.0,94.0,149.0,Yes,2,fixation,0.0,0.0
37,2,1,21,0, These ,15656,129,40,47.0,27.0,94.0,149.0,Yes,2,fixation,0.0,0.0
37,2,1,21,0, These ,15682,129,40,47.0,27.0,94.0,149.0,Yes,2,fixation,0.0,0.0
37,2,1,21,0, These ,15737,129,40,47.0,27.0,94.0,149.0,Yes,2,fixation,0.0,0.0
37,2,1,21,0, These ,15806,129,40,47.0,27.0,94.0,149.0,Yes,2,fixation,0.0,0.0
37,2,1,21,0, These ,15840,129,40,47.0,27.0,94.0,149.0,Yes,2,fixation,0.0,0.0
37,2,1,21,0, These ,15900,129,40,47.0,27.0,94.0,149.0,Yes,2,fixation,0.0,0.0
37,2,1,21,0, These ,15951,129,40,47.0,27.0,94.0,149.0,Yes,2,fixation,0.0,0.0
37,2,1,21,0, These ,15986,129,40,47.0,27.0,94.0,149.0,Yes,2,fixation,0.0,0.0
37,2,1,21,0, These ,16033,129,40,47.0,27.0,94.0,149.0,Yes,2,fixation,0.0,0.0
37,2,1,21,0, These ,16103,129,40,47.0,27.0,94.0,149.0,Yes,2,fixation,0.0,0.0
37,2,1,21,0, These ,16134,129,40,47.0,27.0,94.0,149.0,Yes,2,fixation,0.0,0.0
37,2,1,21,0, These ,16187,129,40,47.0,27.0,94.0,149.0,Yes,2,fixation,0.0,0.0
37,2,1,21,0, These ,16247,129,40,47.0,27.0,94.0,149.0,Yes,2,fixation,0.0,0.0
37,2,1,21,0, These ,16281,129,40,47.0,27.0,94.0,149.0,Yes,2,fixation,0.0,0.0
37,2,1,21,0, These ,16342,129,40,47.0,27.0,94.0,149.0,Yes,2,fixation,0.0,0.0
37,2,1,21,0, These ,16402,129,40,47.0,27.0,94.0,149.0,Yes,2,fixation,0.0,0.0
37,2,1,21,0, These ,16436,129,40,47.0,27.0,94.0,149.0,Yes,2,fixation,0.0,0.0
37,2,1,21,0, These ,16488,129,40,47.0,27.0,94.0,149.0,Yes,2,fixation,0.0,0.0
37,2,1,21,0, These ,16550,129,40,47.0,27.0,94.0,149.0,Yes,2,fixation,0.0,0.0
37,2,1,21,0, These ,16586,129,40,47.0,27.0,94.0,149.0,Yes,2,fixation,0.0,0.0
37,2,1,21,0, These ,16637,129,40,47.0,27.0,94.0,149.0,Yes,2,fixation,0.0,0.0
37,2,1,21,0, These ,16707,129,40,47.0,27.0,94.0,149.0,Yes,2,fixation,0.0,0.0
37,2,1,21,0, These ,16726,129,40,47.0,27.0,94.0,149.0,Yes,2,fixation,0.0,0.0
37,2,1,21,0, These ,16790,129,40,47.0,27.0,94.0,149.0,Yes,2,fixation,0.0,0.0
37,2,1,21,0, These ,16851,129,40,47.0,27.0,94.0,149.0,Yes,2,fixation,0.0,0.0
37,2,1,21,0, These ,16886,129,40,47.0,27.0,94.0,149.0,Yes,2,fixation,0.0,0.0
37,2,1,21,0, These ,16938,129,40,47.0,27.0,94.0,149.0,Yes,2,fixation,0.0,0.0
37,2,1,21,0, These ,17006,129,40,47.0,27.0,94.0,149.0,Yes,2,fixation,0.0,0.0
37,2,1,21,0, These ,17032,129,40,47.0,27.0,94.0,149.0,Yes,2,fixation,0.0,0.0
37,2,1,21,0, These ,17083,129,40,47.0,27.0,94.0,149.0,Yes,2,fixation,0.0,0.0
37,2,1,21,0, These ,17153,129,40,47.0,27.0,94.0,149.0,Yes,2,fixation,0.0,0.0
37,2,1,21,0, These ,17179,129,40,47.0,27.0,94.0,149.0,Yes,2,fixation,0.0,0.0
37,2,1,21,0, These ,17248,129,40,47.0,27.0,94.0,149.0,Yes,2,fixation,0.0,0.0
37,2,1,21,0, These ,17301,129,40,47.0,27.0,94.0,149.0,Yes,2,fixation,0.0,0.0
37,2,1,21,0, These ,17327,129,40,47.0,27.0,94.0,149.0,Yes,2,fixation,0.0,0.0
37,2,1,21,0, These ,17390,129,40,47.0,27.0,94.0,149.0,Yes,2,fixation,0.0,0.0
37,2,1,21,0, These ,17451,129,40,47.0,27.0,94.0,149.0,Yes,2,fixation,0.0,0.0
37,2,1,21,0, These ,17478,129,40,47.0,27.0,94.0,149.0,Yes,2,fixation,0.0,0.0
37,2,1,21,0, These ,17538,129,40,47.0,27.0,94.0,149.0,Yes,2,fixation,0.0,0.0
37,2,1,21,0, These ,17607,129,40,47.0,27.0,94.0,149.0,Yes,2,fixation,0.0,0.0
37,2,1,21,0, These ,17632,129,40,47.0,27.0,94.0,149.0,Yes,2,fixation,0.0,0.0
37,2,1,21,0, These ,17692,129,40,47.0,27.0,94.0,149.0,Yes,2,fixation,0.0,0.0
37,2,1,21,0, These ,17752,129,40,47.0,27.0,94.0,149.0,Yes,2,fixation,0.0,0.0
37,2,1,21,0, These ,17777,129,40,47.0,27.0,94.0,149.0,Yes,2,fixation,0.0,0.0
37,2,1,21,0, These ,17838,129,40,47.0,27.0,94.0,149.0,Yes,2,fixation,0.0,0.0
37,2,1,21,0, These ,17907,129,40,47.0,27.0,94.0,149.0,Yes,2,fixation,0.0,0.0
37,2,1,21,0, These ,17923,129,40,47.0,27.0,94.0,149.0,Yes,2,fixation,0.0,0.0
37,2,1,21,0, These ,17992,129,40,47.0,27.0,94.0,149.0,Yes,2,fixation,0.0,0.0
37,2,1,21,0, These ,18046,129,40,47.0,27.0,94.0,149.0,Yes,2,fixation,0.0,0.0
37,2,1,21,0, These ,18088,129,40,47.0,27.0,94.0,149.0,Yes,2,fixation,0.0,0.0
37,2,1,21,0, These ,18134,129,40,47.0,27.0,94.0,149.0,Yes,2,fixation,0.0,0.0
37,2,1,21,0, These ,18203,129,40,47.0,27.0,94.0,149.0,Yes,2,fixation,0.0,0.0
37,2,1,21,0, These ,18229,129,40,47.0,27.0,94.0,149.0,Yes,2,fixation,0.0,0.0
37,2,1,21,0, These ,18297,129,40,47.0,27.0,94.0,149.0,Yes,2,fixation,0.0,0.0
37,2,1,21,0, These ,18350,129,40,47.0,27.0,94.0,149.0,Yes,2,fixation,0.0,0.0
37,2,1,21,0, These ,18386,129,40,47.0,27.0,94.0,149.0,Yes,2,fixation,0.0,0.0
37,2,1,21,0, These ,18438,129,40,47.0,27.0,94.0,149.0,Yes,2,fixation,0.0,0.0
37,2,1,21,0, These ,18508,129,40,47.0,27.0,94.0,149.0,Yes,2,fixation,0.0,0.0
37,2,1,21,0, These ,18526,129,40,47.0,27.0,94.0,149.0,Yes,2,fixation,0.0,0.0
37,2,1,21,0, These ,18596,129,40,47.0,27.0,94.0,149.0,Yes,2,fixation,0.0,0.0
37,2,1,21,0, These ,18649,129,40,47.0,27.0,94.0,149.0,Yes,2,fixation,0.0,0.0
37,2,1,21,0, These ,18682,129,40,47.0,27.0,94.0,149.0,Yes,2,fixation,0.0,0.0
37,2,1,21,0, These ,18737,129,40,47.0,27.0,94.0,149.0,Yes,2,fixation,0.0,0.0
37,2,1,21,0, These ,18806,129,40,47.0,27.0,94.0,149.0,Yes,2,fixation,0.0,0.0
37,2,1,21,0, These ,18831,129,40,47.0,27.0,94.0,149.0,Yes,2,fixation,0.0,0.0
37,2,1,21,0, These ,18899,129,40,47.0,27.0,94.0,149.0,Yes,2,fixation,0.0,0.0
37,2,1,21,0, These ,18950,129,40,47.0,27.0,94.0,149.0,Yes,2,fixation,0.0,0.0
37,2,1,21,0, These ,18976,129,40,47.0,27.0,94.0,149.0,Yes,2,fixation,0.0,0.0
37,2,1,21,0, These ,19036,129,40,47.0,27.0,94.0,149.0,Yes,2,fixation,0.0,0.0
37,2,1,21,0, These ,19104,129,40,47.0,27.0,94.0,149.0,Yes,2,fixation,0.0,0.0
37,2,1,21,0, These ,19138,129,40,47.0,27.0,94.0,149.0,Yes,2,fixation,0.0,0.0
37,2,1,21,0, These ,19199,129,40,47.0,27.0,94.0,149.0,Yes,2,fixation,0.0,0.0
37,2,1,21,0, These ,19250,129,40,47.0,27.0,94.0,149.0,Yes,2,fixation,0.0,0.0
37,2,1,21,0, These ,19286,129,40,47.0,27.0,94.0,149.0,Yes,2,fixation,0.0,0.0
37,2,1,21,0, These ,19337,129,40,47.0,27.0,94.0,149.0,Yes,2,fixation,0.0,0.0
37,2,1,21,0, These ,19404,129,40,47.0,27.0,94.0,149.0,Yes,2,fixation,0.0,0.0
37,2,1,21,0, These ,19439,129,40,47.0,27.0,94.0,149.0,Yes,2,fixation,0.0,0.0
37,2,1,21,0, These ,19490,129,40,47.0,27.0,94.0,149.0,Yes,2,fixation,0.0,0.0
37,2,1,21,0, These ,19559,129,40,47.0,27.0,94.0,149.0,Yes,2,fixation,0.0,0.0
37,2,1,21,0, These ,19577,129,40,47.0,27.0,94.0,149.0,Yes,2,fixation,0.0,0.0
37,2,1,21,0, These ,19646,129,40,47.0,27.0,94.0,149.0,Yes,2,fixation,0.0,0.0
37,2,1,21,0, These ,19697,129,40,47.0,27.0,94.0,149.0,Yes,2,fixation,0.0,0.0
37,2,1,21,0, These ,19732,129,40,47.0,27.0,94.0,149.0,Yes,2,fixation,0.0,0.0
37,2,1,21,0, These ,19792,129,40,47.0,27.0,94.0,149.0,Yes,2,fixation,0.0,0.0
37,2,1,21,0, These ,19852,129,40,47.0,27.0,94.0,149.0,Yes,2,fixation,0.0,0.0
37,2,1,21,0, These ,19886,129,40,47.0,27.0,94.0,149.0,Yes,2,fixation,0.0,0.0
37,2,1,21,0, These ,19940,129,40,47.0,27.0,94.0,149.0,Yes,2,fixation,0.0,0.0
37,2,1,21,0, These ,20008,129,40,47.0,27.0,94.0,149.0,Yes,2,fixation,0.0,0.0
37,2,1,21,0, These ,20033,129,40,47.0,27.0,94.0,149.0,Yes,2,fixation,0.0,0.0
37,2,1,21,0, These ,20086,129,40,47.0,27.0,94.0,149.0,Yes,2,fixation,0.0,0.0
37,2,1,21,0, These ,20148,129,40,47.0,27.0,94.0,149.0,Yes,2,fixation,0.0,0.0
37,2,1,21,0, These ,20183,129,40,47.0,27.0,94.0,149.0,Yes,2,fixation,0.0,0.0
37,2,1,21,0, These ,20236,129,40,47.0,27.0,94.0,149.0,Yes,2,fixation,0.0,0.0
37,2,1,21,0, These ,20306,129,40,47.0,27.0,94.0,149.0,Yes,2,fixation,0.0,0.0
37,2,1,21,0, These ,20332,129,40,47.0,27.0,94.0,149.0,Yes,2,fixation,0.0,0.0
37,2,1,21,0, These ,20391,129,40,47.0,27.0,94.0,149.0,Yes,2,fixation,0.0,0.0
37,2,1,21,0, These ,20451,129,40,47.0,27.0,94.0,149.0,Yes,2,fixation,0.0,0.0
37,2,1,21,0, These ,20486,129,40,47.0,27.0,94.0,149.0,Yes,2,fixation,0.0,0.0
37,2,1,21,0, These ,20538,129,40,47.0,27.0,94.0,149.0,Yes,2,fixation,0.0,0.0
37,2,1,21,0, These ,20607,129,40,47.0,27.0,94.0,149.0,Yes,2,fixation,0.0,0.0
37,2,1,21,0, These ,20626,129,40,47.0,27.0,94.0,149.0,Yes,2,fixation,0.0,0.0
37,2,1,21,0, These ,20696,129,40,47.0,27.0,94.0,149.0,Yes,2,fixation,0.0,0.0
37,2,1,21,0, These ,20747,129,40,47.0,27.0,94.0,149.0,Yes,2,fixation,0.0,0.0
37,2,1,21,0, These ,20782,129,40,47.0,27.0,94.0,149.0,Yes,2,fixation,0.0,0.0
37,2,1,21,0, These ,20836,129,40,47.0,27.0,94.0,149.0,Yes,2,fixation,0.0,0.0
37,2,1,21,0, These ,20906,129,40,47.0,27.0,94.0,149.0,Yes,2,fixation,0.0,0.0
37,2,1,21,0, These ,20932,129,40,47.0,27.0,94.0,149.0,Yes,2,fixation,0.0,0.0
37,2,1,21,0, These ,20991,129,40,47.0,27.0,94.0,149.0,Yes,2,fixation,0.0,0.0
37,2,1,21,0, These ,21053,129,40,47.0,27.0,94.0,149.0,Yes,2,fixation,0.0,0.0
37,2,1,21,0, These ,21079,129,40,47.0,27.0,94.0,149.0,Yes,2,fixation,0.0,0.0
37,2,1,21,0, These ,21147,129,40,47.0,27.0,94.0,149.0,Yes,2,fixation,0.0,0.0
37,2,1,21,0, These ,21200,129,40,47.0,27.0,94.0,149.0,Yes,2,fixation,0.0,0.0
37,2,1,21,0, These ,21236,129,40,47.0,27.0,94.0,149.0,Yes,2,fixation,0.0,0.0
37,2,1,21,0, These ,21296,129,40,47.0,27.0,94.0,149.0,Yes,2,fixation,0.0,0.0
37,2,1,21,0, These ,21351,129,40,47.0,27.0,94.0,149.0,Yes,2,fixation,0.0,0.0
37,2,1,21,0, These ,21386,129,40,47.0,27.0,94.0,149.0,Yes,2,fixation,0.0,0.0
37,2,1,21,0, These ,21439,129,40,47.0,27.0,94.0,149.0,Yes,2,fixation,0.0,0.0
37,2,1,21,0, These ,21501,129,40,47.0,27.0,94.0,149.0,Yes,2,fixation,0.0,0.0
37,2,1,21,0, These ,21536,129,40,47.0,27.0,94.0,149.0,Yes,2,fixation,0.0,0.0
37,2,1,21,0, These ,21590,129,40,47.0,27.0,94.0,149.0,Yes,2,fixation,0.0,0.0
37,2,1,21,0, These ,21660,129,40,47.0,27.0,94.0,149.0,Yes,2,fixation,0.0,0.0
37,2,1,21,0, These ,21676,129,40,47.0,27.0,94.0,149.0,Yes,2,fixation,0.0,0.0
37,2,1,21,0, These ,21745,129,40,47.0,27.0,94.0,149.0,Yes,2,fixation,0.0,0.0
37,2,1,21,0, These ,21800,129,40,47.0,27.0,94.0,149.0,Yes,2,fixation,0.0,0.0
37,2,1,21,0, These ,21834,129,40,47.0,27.0,94.0,149.0,Yes,2,fixation,0.0,0.0
37,2,1,21,0, These ,21890,129,40,47.0,27.0,94.0,149.0,Yes,2,fixation,0.0,0.0
37,2,1,21,0, These ,21960,129,40,47.0,27.0,94.0,149.0,Yes,2,fixation,0.0,0.0
37,2,1,21,0, These ,21976,129,40,47.0,27.0,94.0,149.0,Yes,2,fixation,0.0,0.0
37,2,1,21,0, These ,22039,129,40,47.0,27.0,94.0,149.0,Yes,2,fixation,0.0,0.0
37,2,1,21,0, These ,22107,129,40,47.0,27.0,94.0,149.0,Yes,2,fixation,0.0,0.0
37,2,1,21,0, These ,22137,129,40,47.0,27.0,94.0,149.0,Yes,2,fixation,0.0,0.0
37,2,1,21,0, These ,22192,129,40,47.0,27.0,94.0,149.0,Yes,2,fixation,0.0,0.0
37,2,1,21,0, These ,22260,129,40,47.0,27.0,94.0,149.0,Yes,2,fixation,0.0,0.0
37,2,1,21,0, These ,22276,129,40,47.0,27.0,94.0,149.0,Yes,2,fixation,0.0,0.0
37,2,1,21,0, These ,22346,129,40,47.0,27.0,94.0,149.0,Yes,2,fixation,0.0,0.0
37,2,1,21,0, These ,22399,129,40,47.0,27.0,94.0,149.0,Yes,2,fixation,0.0,0.0
37,2,1,21,0, These ,22433,129,40,47.0,27.0,94.0,149.0,Yes,2,fixation,0.0,0.0
37,2,1,21,0, These ,22503,129,40,47.0,27.0,94.0,149.0,Yes,2,fixation,0.0,0.0
37,2,1,21,0, These ,22554,129,40,47.0,27.0,94.0,149.0,Yes,2,fixation,0.0,0.0
37,2,1,21,0, These ,22589,129,40,47.0,27.0,94.0,149.0,Yes,2,fixation,0.0,0.0
37,2,1,21,0, These ,22641,129,40,47.0,27.0,94.0,149.0,Yes,2,fixation,0.0,0.0
37,2,1,21,0, These ,22711,129,40,47.0,27.0,94.0,149.0,Yes,2,fixation,0.0,0.0
37,2,1,21,0, These ,22729,129,40,47.0,27.0,94.0,149.0,Yes,2,fixation,0.0,0.0
37,2,1,21,0, These ,22791,129,40,47.0,27.0,94.0,149.0,Yes,2,fixation,0.0,0.0
37,2,1,21,0, These ,22860,129,40,47.0,27.0,94.0,149.0,Yes,2,fixation,0.0,0.0
37,2,1,21,0, These ,22880,129,40,47.0,27.0,94.0,149.0,Yes,2,fixation,0.0,0.0
37,2,1,21,0, These ,22941,129,40,47.0,27.0,94.0,149.0,Yes,2,fixation,0.0,0.0
37,2,1,21,0, These ,23001,129,40,47.0,27.0,94.0,149.0,Yes,2,fixation,0.0,0.0
37,2,1,21,0, These ,23029,129,40,47.0,27.0,94.0,149.0,Yes,2,fixation,0.0,0.0
37,2,1,21,0, These ,23090,129,40,47.0,27.0,94.0,149.0,Yes,2,fixation,0.0,0.0
37,2,1,21,0, These ,23153,129,40,47.0,27.0,94.0,149.0,Yes,2,fixation,0.0,0.0
37,2,1,21,0, These ,23189,129,40,47.0,27.0,94.0,149.0,Yes,2,fixation,0.0,0.0
37,2,1,21,0, These ,23240,129,40,47.0,27.0,94.0,149.0,Yes,2,fixation,0.0,0.0
37,2,1,21,0, These ,23309,129,40,47.0,27.0,94.0,149.0,Yes,2,fixation,0.0,0.0
37,2,1,21,0, These ,23335,129,40,47.0,27.0,94.0,149.0,Yes,2,fixation,0.0,0.0
37,2,1,21,0, These ,23396,129,40,47.0,27.0,94.0,149.0,Yes,2,fixation,0.0,0.0
37,2,1,21,0, These ,23459,129,40,47.0,27.0,94.0,149.0,Yes,2,fixation,0.0,0.0
37,2,1,21,0, These ,23485,129,40,47.0,27.0,94.0,149.0,Yes,2,fixation,0.0,0.0
37,2,1,21,0, These ,23553,129,40,47.0,27.0,94.0,149.0,Yes,2,fixation,0.0,0.0
37,2,1,21,0, These ,23605,129,40,47.0,27.0,94.0,149.0,Yes,2,fixation,0.0,0.0
37,2,1,21,0, These ,23640,129,40,47.0,27.0,94.0,149.0,Yes,2,fixation,0.0,0.0
37,2,1,21,0, These ,23691,129,40,47.0,27.0,94.0,149.0,Yes,2,fixation,0.0,0.0
37,2,1,21,0, These ,23760,129,40,47.0,27.0,94.0,149.0,Yes,2,fixation,0.0,0.0
37,2,1,21,0, These ,23779,129,40,47.0,27.0,94.0,149.0,Yes,2,fixation,0.0,0.0
37,2,1,21,0, These ,23841,129,40,47.0,27.0,94.0,149.0,Yes,2,fixation,0.0,0.0
37,2,1,21,0, These ,23910,129,40,47.0,27.0,94.0,149.0,Yes,2,fixation,0.0,0.0
37,2,1,21,0, These ,23927,129,40,47.0,27.0,94.0,149.0,Yes,2,fixation,0.0,0.0
37,2,1,21,0, These ,23995,129,40,47.0,27.0,94.0,149.0,Yes,2,fixation,0.0,0.0
37,2,1,21,0, These ,24055,129,40,47.0,27.0,94.0,149.0,Yes,2,fixation,0.0,0.0
37,2,1,21,0, These ,24082,129,40,47.0,27.0,94.0,149.0,Yes,2,fixation,0.0,0.0
37,2,1,21,0, These ,24145,129,40,47.0,27.0,94.0,149.0,Yes,2,fixation,0.0,0.0
37,2,1,21,0, These ,24205,129,40,47.0,27.0,94.0,149.0,Yes,2,fixation,0.0,0.0
37,2,1,21,0, These ,24231,129,40,47.0,27.0,94.0,149.0,Yes,2,fixation,0.0,0.0
37,2,1,21,0, These ,24300,129,40,47.0,27.0,94.0,149.0,Yes,2,fixation,0.0,0.0
37,2,1,21,0, These ,24353,129,40,47.0,27.0,94.0,149.0,Yes,2,fixation,0.0,0.0
37,2,1,21,0, These ,24390,129,40,47.0,27.0,94.0,149.0,Yes,2,fixation,0.0,0.0
37,2,1,21,0, These ,24441,129,40,47.0,27.0,94.0,149.0,Yes,2,fixation,0.0,0.0
37,2,1,21,0, These ,24511,129,40,47.0,27.0,94.0,149.0,Yes,2,fixation,0.0,0.0
37,2,1,21,0, These ,24528,129,40,47.0,27.0,94.0,149.0,Yes,2,fixation,0.0,0.0
37,2,1,21,0, These ,24596,129,40,47.0,27.0,94.0,149.0,Yes,2,fixation,0.0,0.0
37,2,1,21,0, These ,24649,129,40,47.0,27.0,94.0,149.0,Yes,2,fixation,0.0,0.0
37,2,1,21,0, These ,24677,129,40,47.0,27.0,94.0,149.0,Yes,2,fixation,0.0,0.0
37,2,1,21,0, These ,24745,129,40,47.0,27.0,94.0,149.0,Yes,2,fixation,0.0,0.0
37,2,1,21,0, These ,24806,129,40,47.0,27.0,94.0,149.0,Yes,2,fixation,0.0,0.0
37,2,1,21,0, These ,24840,129,40,47.0,27.0,94.0,149.0,Yes,2,fixation,0.0,0.0
37,2,1,21,0, These ,24903,129,40,47.0,27.0,94.0,149.0,Yes,2,fixation,0.0,0.0
37,2,1,21,0, These ,24956,129,40,47.0,27.0,94.0,149.0,Yes,2,fixation,0.0,0.0
37,2,1,21,0, These ,24991,129,40,47.0,27.0,94.0,149.0,Yes,2,fixation,0.0,0.0
37,2,1,21,0, These ,25045,129,40,47.0,27.0,94.0,149.0,Yes,2,fixation,0.0,0.0
37,2,1,21,0, These ,25104,129,40,47.0,27.0,94.0,149.0,Yes,2,fixation,0.0,0.0
37,2,1,21,0, These ,25134,129,40,47.0,27.0,94.0,149.0,Yes,2,fixation,0.0,0.0
37,2,1,21,0, These ,25196,129,40,47.0,27.0,94.0,149.0,Yes,2,fixation,0.0,0.0
37,2,1,21,0, These ,25256,129,40,47.0,27.0,94.0,149.0,Yes,2,fixation,0.0,0.0
37,2,1,21,0, These ,25290,129,40,47.0,27.0,94.0,149.0,Yes,2,fixation,0.0,0.0
37,2,1,21,0, These ,25343,129,40,47.0,27.0,94.0,149.0,Yes,2,fixation,0.0,0.0
37,2,1,21,0, These ,25405,129,40,47.0,27.0,94.0,149.0,Yes,2,fixation,0.0,0.0
37,2,1,21,0, These ,25441,129,40,47.0,27.0,94.0,149.0,Yes,2,fixation,0.0,0.0
37,2,1,21,0, These ,25492,129,40,47.0,27.0,94.0,149.0,Yes,2,fixation,0.0,0.0
37,2,1,21,0, These ,25561,129,40,47.0,27.0,94.0,149.0,Yes,2,fixation,0.0,0.0
37,2,1,21,0, These ,25579,129,40,47.0,27.0,94.0,149.0,Yes,2,fixation,0.0,0.0
37,2,1,21,0, These ,25647,129,40,47.0,27.0,94.0,149.0,Yes,2,fixation,0.0,0.0
37,2,1,21,0, These ,25700,129,40,47.0,27.0,94.0,149.0,Yes,2,fixation,0.0,0.0
37,2,1,21,0, These ,25733,129,40,47.0,27.0,94.0,149.0,Yes,2,fixation,0.0,0.0
37,2,1,21,0, These ,25795,129,40,47.0,27.0,94.0,149.0,Yes,2,fixation,0.0,0.0
37,2,1,21,0, These ,25849,129,40,47.0,27.0,94.0,149.0,Yes,2,fixation,0.0,0.0
37,2,1,21,0, These ,25883,129,40,47.0,27.0,94.0,149.0,Yes,2,fixation,0.0,0.0
37,2,1,21,0, These ,25945,129,40,47.0,27.0,94.0,149.0,Yes,2,fixation,0.0,0.0
37,2,1,21,0, These ,26013,129,40,47.0,27.0,94.0,149.0,Yes,2,fixation,0.0,0.0
37,2,1,21,0, These ,26030,129,40,47.0,27.0,94.0,149.0,Yes,2,fixation,0.0,0.0
37,2,1,21,0, These ,26102,129,40,47.0,27.0,94.0,149.0,Yes,2,fixation,0.0,0.0
37,2,1,21,0, These ,26152,129,40,47.0,27.0,94.0,149.0,Yes,2,fixation,0.0,0.0
37,2,1,21,0, These ,26190,129,40,47.0,27.0,94.0,149.0,Yes,2,fixation,0.0,0.0
37,2,1,21,0, These ,26242,129,40,47.0,27.0,94.0,149.0,Yes,2,fixation,0.0,0.0
37,2,1,21,0, These ,26310,129,40,47.0,27.0,94.0,149.0,Yes,2,fixation,0.0,0.0
37,2,1,21,0, These ,26335,129,40,47.0,27.0,94.0,149.0,Yes,2,fixation,0.0,0.0
37,2,1,21,0, These ,26403,129,40,47.0,27.0,94.0,149.0,Yes,2,fixation,0.0,0.0
37,2,1,21,0, These ,26456,129,40,47.0,27.0,94.0,149.0,Yes,2,fixation,0.0,0.0
37,2,1,21,0, These ,26491,129,40,47.0,27.0,94.0,149.0,Yes,2,fixation,0.0,0.0
37,2,1,21,0, These ,26542,129,40,47.0,27.0,94.0,149.0,Yes,2,fixation,0.0,0.0
37,2,1,21,0, These ,26611,129,40,47.0,27.0,94.0,149.0,Yes,2,fixation,0.0,0.0
37,2,1,21,0, These ,26637,129,40,47.0,27.0,94.0,149.0,Yes,2,fixation,0.0,0.0
37,2,1,21,0, These ,26697,129,40,47.0,27.0,94.0,149.0,Yes,2,fixation,0.0,0.0
37,2,1,21,0, These ,26759,129,40,47.0,27.0,94.0,149.0,Yes,2,fixation,0.0,0.0
37,2,1,21,0, These ,26784,129,40,47.0,27.0,94.0,149.0,Yes,2,fixation,0.0,0.0
37,2,1,21,0, These ,26853,129,40,47.0,27.0,94.0,149.0,Yes,2,fixation,0.0,0.0
37,2,1,21,0, These ,26906,129,40,47.0,27.0,94.0,149.0,Yes,2,fixation,0.0,0.0
37,2,1,21,0, These ,26940,129,40,47.0,27.0,94.0,149.0,Yes,2,fixation,0.0,0.0
37,2,1,21,0, These ,26994,129,40,47.0,27.0,94.0,149.0,Yes,2,fixation,0.0,0.0
37,2,1,21,0, These ,27063,129,40,47.0,27.0,94.0,149.0,Yes,2,fixation,0.0,0.0
37,2,1,21,0, These ,27080,129,40,47.0,27.0,94.0,149.0,Yes,2,fixation,0.0,0.0
37,2,1,21,0, These ,27145,129,40,47.0,27.0,94.0,149.0,Yes,2,fixation,0.0,0.0
37,2,1,21,0, These ,27196,129,40,47.0,27.0,94.0,149.0,Yes,2,fixation,0.0,0.0
37,2,1,21,0, These ,27230,129,40,47.0,27.0,94.0,149.0,Yes,2,fixation,0.0,0.0
37,2,1,21,0, These ,27291,129,40,47.0,27.0,94.0,149.0,Yes,2,fixation,0.0,0.0
37,2,1,21,0, These ,27363,129,40,47.0,27.0,94.0,149.0,Yes,2,fixation,0.0,0.0
37,2,1,21,0, These ,27380,129,40,47.0,27.0,94.0,149.0,Yes,2,fixation,0.0,0.0
37,2,1,21,0, These ,27450,129,40,47.0,27.0,94.0,149.0,Yes,2,fixation,0.0,0.0
37,2,1,21,0, These ,27504,129,40,47.0,27.0,94.0,149.0,Yes,2,fixation,0.0,0.0
37,2,1,21,0, These ,27540,129,40,47.0,27.0,94.0,149.0,Yes,2,fixation,0.0,0.0
37,2,1,21,0, These ,27591,129,40,47.0,27.0,94.0,149.0,Yes,2,fixation,0.0,0.0
37,2,1,21,0, These ,27663,129,40,47.0,27.0,94.0,149.0,Yes,2,fixation,0.0,0.0
37,2,1,21,0, These ,27680,129,40,47.0,27.0,94.0,149.0,Yes,2,fixation,0.0,0.0
37,2,1,21,0, These ,27749,129,40,47.0,27.0,94.0,149.0,Yes,2,fixation,0.0,0.0
37,2,1,21,0, These ,27800,129,40,47.0,27.0,94.0,149.0,Yes,2,fixation,0.0,0.0
37,2,1,21,0, These ,27836,129,40,47.0,27.0,94.0,149.0,Yes,2,fixation,0.0,0.0
37,2,1,21,0, These ,27890,129,40,47.0,27.0,94.0,149.0,Yes,2,fixation,0.0,0.0
37,2,1,21,0, These ,27959,129,40,47.0,27.0,94.0,149.0,Yes,2,fixation,0.0,0.0
37,2,1,21,0, These ,27985,129,40,47.0,27.0,94.0,149.0,Yes,2,fixation,0.0,0.0
37,2,1,21,0, These ,28040,129,40,47.0,27.0,94.0,149.0,Yes,2,fixation,0.0,0.0
37,2,1,21,0, These ,28109,129,40,47.0,27.0,94.0,149.0,Yes,2,fixation,0.0,0.0
37,2,1,21,0, These ,28138,129,40,47.0,27.0,94.0,149.0,Yes,2,fixation,0.0,0.0
37,2,1,21,0, These ,28187,129,40,47.0,27.0,94.0,149.0,Yes,2,fixation,0.0,0.0
37,2,1,21,0, These ,28256,129,40,47.0,27.0,94.0,149.0,Yes,2,fixation,0.0,0.0
37,2,1,21,0, These ,28291,129,40,47.0,27.0,94.0,149.0,Yes,2,fixation,0.0,0.0
37,2,1,21,0, These ,28352,129,40,47.0,27.0,94.0,149.0,Yes,2,fixation,0.0,0.0
37,2,1,21,0, These ,28404,129,40,47.0,27.0,94.0,149.0,Yes,2,fixation,0.0,0.0
37,2,1,21,0, These ,28430,129,40,47.0,27.0,94.0,149.0,Yes,2,fixation,0.0,0.0
37,2,1,21,0, These ,28499,129,40,47.0,27.0,94.0,149.0,Yes,2,fixation,0.0,0.0
37,2,1,21,0, These ,28559,129,40,47.0,27.0,94.0,149.0,Yes,2,fixation,0.0,0.0
37,2,1,21,0, These ,28584,129,40,47.0,27.0,94.0,149.0,Yes,2,fixation,0.0,0.0
37,2,1,21,0, These ,28644,129,40,47.0,27.0,94.0,149.0,Yes,2,fixation,0.0,0.0
37,2,1,21,0, These ,28708,129,40,47.0,27.0,94.0,149.0,Yes,2,fixation,0.0,0.0
37,2,1,21,0, These ,28734,129,40,47.0,27.0,94.0,149.0,Yes,2,fixation,0.0,0.0
37,2,1,21,0, These ,28795,129,40,47.0,27.0,94.0,149.0,Yes,2,fixation,0.0,0.0
37,2,1,21,0, These ,28863,129,40,47.0,27.0,94.0,149.0,Yes,2,fixation,0.0,0.0
37,2,1,21,0, These ,28880,129,40,47.0,27.0,94.0,149.0,Yes,2,fixation,0.0,0.0
37,2,1,21,0, These ,28949,129,40,47.0,27.0,94.0,149.0,Yes,2,fixation,0.0,0.0
37,2,1,21,0, These ,29000,129,40,47.0,27.0,94.0,149.0,Yes,2,fixation,0.0,0.0
37,2,1,21,0, These ,29034,129,40,47.0,27.0,94.0,149.0,Yes,2,fixation,0.0,0.0
37,2,1,21,0, These ,29086,129,40,47.0,27.0,94.0,149.0,Yes,2,fixation,0.0,0.0
37,2,1,21,0, These ,29151,129,40,47.0,27.0,94.0,149.0,Yes,2,fixation,0.0,0.0
37,2,1,21,0, These ,29185,129,40,47.0,27.0,94.0,149.0,Yes,2,fixation,0.0,0.0
37,2,1,21,0, These ,29245,129,40,47.0,27.0,94.0,149.0,Yes,2,fixation,0.0,0.0
37,2,1,21,0, These ,29313,129,40,47.0,27.0,94.0,149.0,Yes,2,fixation,0.0,0.0
37,2,1,21,0, These ,29330,129,40,47.0,27.0,94.0,149.0,Yes,2,fixation,0.0,0.0
37,2,1,21,0, These ,29390,129,40,47.0,27.0,94.0,149.0,Yes,2,fixation,0.0,0.0
37,2,1,21,0, These ,29451,129,40,47.0,27.0,94.0,149.0,Yes,2,fixation,0.0,0.0
37,2,1,21,0, These ,29485,129,40,47.0,27.0,94.0,149.0,Yes,2,fixation,0.0,0.0
37,2,1,21,0, These ,29546,129,40,47.0,27.0,94.0,149.0,Yes,2,fixation,0.0,0.0
37,2,1,21,0, These ,29606,129,40,47.0,27.0,94.0,149.0,Yes,2,fixation,0.0,0.0
37,2,1,21,0, These ,29641,129,40,47.0,27.0,94.0,149.0,Yes,2,fixation,0.0,0.0
37,2,1,21,0, These ,29693,129,40,47.0,27.0,94.0,149.0,Yes,2,fixation,0.0,0.0
37,2,1,21,0, These ,29755,129,40,47.0,27.0,94.0,149.0,Yes,2,fixation,0.0,0.0
37,2,1,21,0, These ,29789,129,40,47.0,27.0,94.0,149.0,Yes,2,fixation,0.0,0.0
37,2,1,21,0, These ,29841,129,40,47.0,27.0,94.0,149.0,Yes,2,fixation,0.0,0.0
37,2,1,21,0, These ,29910,129,40,47.0,27.0,94.0,149.0,Yes,2,fixation,0.0,0.0
37,2,1,21,0, These ,29927,129,40,47.0,27.0,94.0,149.0,Yes,2,fixation,0.0,0.0
37,2,1,21,0, These ,29996,129,40,47.0,27.0,94.0,149.0,Yes,2,fixation,0.0,0.0
37,2,1,21,0, These ,30059,129,40,47.0,27.0,94.0,149.0,Yes,2,fixation,0.0,0.0
37,2,1,21,0, These ,30084,129,40,47.0,27.0,94.0,149.0,Yes,2,fixation,0.0,0.0
37,2,1,21,0, These ,30153,129,40,47.0,27.0,94.0,149.0,Yes,2,fixation,0.0,0.0
37,2,1,21,0, These ,30204,129,40,47.0,27.0,94.0,149.0,Yes,2,fixation,0.0,0.0
37,2,1,21,0, These ,30239,129,40,47.0,27.0,94.0,149.0,Yes,2,fixation,0.0,0.0
37,2,1,21,0, These ,30290,129,40,47.0,27.0,94.0,149.0,Yes,2,fixation,0.0,0.0
37,2,1,21,0, These ,31123,129,40,47.0,27.0,94.0,149.0,Yes,2,fixation,0.0,0.0
37,2,1,21,0, These ,32124,129,40,47.0,27.0,94.0,149.0,Yes,2,fixation,0.0,0.0
37,2,1,21,0, These ,33120,129,40,47.0,27.0,94.0,149.0,Yes,2,fixation,0.0,0.0
37,2,1,21,0, These ,34123,129,40,47.0,27.0,94.0,149.0,Yes,2,fixation,0.0,0.0
37,2,1,21,0, These ,35126,129,40,47.0,27.0,94.0,149.0,Yes,2,fixation,0.0,0.0
37,2,1,21,0, These ,36130,129,40,47.0,27.0,94.0,149.0,Yes,2,fixation,0.0,0.0
37,2,1,21,0, These ,37124,129,40,47.0,27.0,94.0,149.0,Yes,2,fixation,0.0,0.0
37,2,1,21,0, These ,38127,129,40,47.0,27.0,94.0,149.0,Yes,2,fixation,0.0,0.0
37,2,1,21,0, These ,39119,129,40,47.0,27.0,94.0,149.0,Yes,2,fixation,0.0,0.0
37,2,1,21,0, These ,40126,129,40,47.0,27.0,94.0,149.0,Yes,2,fixation,0.0,0.0
37,2,1,21,0, These ,41119,129,40,47.0,27.0,94.0,149.0,Yes,2,fixation,0.0,0.0
37,2,1,21,0, These ,42123,129,40,47.0,27.0,94.0,149.0,Yes,2,fixation,0.0,0.0
37,2,1,21,0, These ,43127,129,40,47.0,27.0,94.0,149.0,Yes,2,fixation,0.0,0.0
37,2,1,21,2, neuroscience ,44126,210,39,47.0,27.0,197.0,309.0,Yes,2,fixation,0.08108725986417872,8.11684282924712e-05
37,2,1,21,4, beginning ,45124,332,36,47.0,27.0,328.0,411.0,Yes,2,sliding,0.12228144255679316,4.127673616494432e-05
37,2,1,21,7, up ,46121,484,44,47.0,27.0,479.0,504.0,Yes,2,saccade,0.15266838588116707,3.0478378459753176e-05
37,2,1,21,11, practice ,47133,661,46,47.0,27.0,647.0,710.0,Yes,2,saccade,0.17491235086401297,2.1980202552219263e-05
37,2,1,21,12, mentally. ,48127,111,74,87.0,67.0,94.0,169.0,Yes,2,saccade,0.5540364849799209,0.0003814126097745552
37,2,1,21,12, mentally. ,49126,159,85,87.0,67.0,94.0,169.0,Yes,2,fixation,0.04929358259157209,-0.0005052481505388876
37,2,1,21,14, the ,50130,249,81,87.0,67.0,245.0,275.0,Yes,2,fixation,0.08972992533510127,4.0275241776423484e-05
37,2,1,21,18, somewhat ,51130,425,78,87.0,67.0,394.0,481.0,Yes,2,saccade,0.176025566324895,8.629564098979373e-05
37,2,1,21,20, the ,52124,548,84,87.0,67.0,547.0,577.0,Yes,2,sliding,0.12388959206302087,-5.2450678331865316e-05
37,2,1,21,20, the ,53119,569,84,87.0,67.0,547.0,577.0,Yes,2,fixation,0.021105527638190954,-0.0001033005672611356
37,2,1,21,25, of ,54130,732,83,87.0,67.0,730.0,745.0,Yes,2,saccade,0.16122954248842705,0.00013859942121685072
37,2,1,21,26, mental ,55125,105,119,127.0,107.0,94.0,153.0,Yes,2,saccade,0.6311885853907032,0.0004723206461329409
37,2,1,21,27, imagery ,56119,183,116,127.0,107.0,153.0,222.0,Yes,2,fixation,0.07852884405185726,-0.0005559957156326418
37,2,1,21,30, rehearsal ,57120,318,122,127.0,107.0,261.0,341.0,Yes,2,sliding,0.13499826928537711,5.641301222129856e-05
37,2,1,21,33, that ,58117,443,116,127.0,107.0,443.0,478.0,Yes,2,sliding,0.12552047858717563,-9.50630962708273e-06
37,2,1,21,36, the ,59120,561,116,127.0,107.0,542.0,572.0,Yes,2,sliding,0.11764705882352941,-7.849870153186663e-06
37,2,1,21,38, neurological ,60121,707,119,127.0,107.0,621.0,718.0,Yes,2,sliding,0.14588493373137099,2.8209665242598977e-05
37,2,1,21,39, regions ,61122,124,161,167.0,147.0,94.0,158.0,Yes,2,saccade,0.5839269796764782,0.0004376044415036036
37,2,1,21,39, regions ,61138,124,161,167.0,147.0,94.0,158.0,Yes,2,saccade,0.0,-0.03649543622977989
37,2,1,21,41, invoked ,62120,207,162,167.0,147.0,189.0,256.0,Yes,2,fixation,0.08452751922381725,8.607690348657561e-05
37,2,1,21,44, practice ,63129,374,161,167.0,147.0,340.0,408.0,Yes,2,saccade,0.16551337362253507,8.02634830512565e-05
37,2,1,21,48, practice. ,64120,536,159,167.0,147.0,491.0,559.0,Yes,2,saccade,0.16348369849508484,-2.0481081003534064e-06
37,2,1,21,-1,,65125,136,57,,,,,Yes,2,saccade,0.41074646149094934,0.0002460325999958851
37,2,1,21,1," days, ",66119,175,48,47.0,27.0,149.0,197.0,Yes,2,fixation,0.04026659174283602,-0.00037271616674860493
37,2,1,21,2, neuroscience ,67131,233,41,47.0,27.0,197.0,309.0,Yes,2,fixation,0.0577281488892432,1.7254503109098003e-05
37,2,1,21,44, practice ,68123,386,161,167.0,147.0,340.0,408.0,Yes,2,saccade,0.19601347286006615,0.0001394005281963941
37,2,1,22,0, Not ,1615,124,26,47.0,27.0,94.0,127.0,No,7,fixation,0.0,0.0
37,2,1,22,0, Not ,1674,106,29,47.0,27.0,94.0,127.0,No,7,saccade,0.3092930100151637,0.005242254407036673
37,2,1,22,0, Not ,1715,100,29,47.0,27.0,94.0,127.0,No,7,sliding,0.14634146341463414,-0.003974427965866574
37,2,1,22,0, Not ,1764,98,30,47.0,27.0,94.0,127.0,No,7,fixation,0.04563404035713857,-0.0020552535317856237
37,2,1,22,0, Not ,1822,97,30,47.0,27.0,94.0,127.0,No,7,fixation,0.017241379310344827,-0.0004895286387378232
37,2,1,22,0, Not ,1870,97,30,47.0,27.0,94.0,127.0,No,7,fixation,0.0,-0.00035919540229885057
37,2,1,22,0, Not ,1915,100,33,47.0,27.0,94.0,127.0,No,7,fixation,0.09428090415820632,0.002095131203515696
37,2,1,22,0, Not ,1966,117,40,47.0,27.0,94.0,127.0,No,7,saccade,0.3604858100166713,0.005219704036440489
37,2,1,22,0, Not ,2014,126,44,47.0,27.0,94.0,127.0,No,7,saccade,0.20518453753741883,-0.003235443176651093
37,2,1,22,1, only ,2066,127,44,47.0,27.0,127.0,165.0,No,7,fixation,0.019230769230769232,-0.003576034005897108
37,2,1,22,1, only ,2122,128,44,47.0,27.0,127.0,165.0,No,7,fixation,0.017857142857142856,-2.452904238618528e-05
37,2,1,22,1, only ,2165,130,44,47.0,27.0,127.0,165.0,No,7,fixation,0.046511627906976744,0.0006663833732519508
37,2,1,22,1, only ,2218,132,44,47.0,27.0,127.0,165.0,No,7,fixation,0.03773584905660377,-0.0001655807330259051
37,2,1,22,1, only ,2263,132,44,47.0,27.0,127.0,165.0,No,7,fixation,0.0,-0.0008385744234800838
37,2,1,22,1, only ,2315,133,44,47.0,27.0,127.0,165.0,No,7,fixation,0.019230769230769232,0.00036982248520710064
37,2,1,22,1, only ,2373,133,44,47.0,27.0,127.0,165.0,No,7,fixation,0.0,-0.00033156498673740057
37,2,1,22,1, only ,2426,133,43,47.0,27.0,127.0,165.0,No,7,fixation,0.018867924528301886,0.00035599857600569594
37,2,1,22,1, only ,2485,134,43,47.0,27.0,127.0,165.0,No,7,fixation,0.01694915254237288,-3.252155908354245e-05
37,2,1,22,1, only ,2520,134,43,47.0,27.0,127.0,165.0,No,7,fixation,0.0,-0.00048426150121065375
37,2,1,22,1, only ,2579,135,43,47.0,27.0,127.0,165.0,No,7,fixation,0.01694915254237288,0.0002872737719046251
37,2,1,22,1, only ,2639,135,43,47.0,27.0,127.0,165.0,No,7,fixation,0.0,-0.0002824858757062147
37,2,1,22,1, only ,2668,135,43,47.0,27.0,127.0,165.0,No,7,fixation,0.0,0.0
37,2,1,22,1, only ,2729,135,43,47.0,27.0,127.0,165.0,No,7,fixation,0.0,0.0
37,2,1,22,1, only ,2791,147,42,47.0,27.0,127.0,165.0,No,7,saccade,0.19421926739987574,0.003132568829030254
37,2,1,22,1, only ,2824,164,38,47.0,27.0,127.0,165.0,No,7,saccade,0.5292196726234236,0.010151527431016603
37,2,1,22,2, smoke ,2876,189,33,47.0,27.0,165.0,223.0,No,7,saccade,0.49029033784546006,-0.0007486410534223762
37,2,1,22,2, smoke ,2942,214,31,47.0,27.0,165.0,223.0,No,7,saccade,0.37999806678740766,-0.0016710950160310969
37,2,1,22,2, smoke ,2974,221,31,47.0,27.0,165.0,223.0,No,7,saccade,0.21875,-0.0050390020871064894
37,2,1,22,3, came ,3025,228,31,47.0,27.0,223.0,272.0,No,7,sliding,0.13725490196078433,-0.0015979430988081506
37,2,1,22,3, came ,3089,229,31,47.0,27.0,223.0,272.0,No,7,fixation,0.015625,-0.001900467218137255
37,2,1,22,3, came ,3124,229,31,47.0,27.0,223.0,272.0,No,7,fixation,0.0,-0.0004464285714285714
37,2,1,22,3, came ,3177,229,31,47.0,27.0,223.0,272.0,No,7,fixation,0.0,0.0
37,2,1,22,3, came ,3247,229,31,47.0,27.0,223.0,272.0,No,7,fixation,0.0,0.0
37,2,1,22,3, came ,3273,229,31,47.0,27.0,223.0,272.0,No,7,fixation,0.0,0.0
37,2,1,22,3, came ,3341,229,31,47.0,27.0,223.0,272.0,No,7,fixation,0.0,0.0
37,2,1,22,3, came ,3394,229,31,47.0,27.0,223.0,272.0,No,7,fixation,0.0,0.0
37,2,1,22,3, came ,3429,229,31,47.0,27.0,223.0,272.0,No,7,fixation,0.0,0.0
37,2,1,22,3, came ,3481,229,31,47.0,27.0,223.0,272.0,No,7,fixation,0.0,0.0
37,2,1,22,3, came ,3544,229,31,47.0,27.0,223.0,272.0,No,7,fixation,0.0,0.0
37,2,1,22,3, came ,3578,229,31,47.0,27.0,223.0,272.0,No,7,fixation,0.0,0.0
37,2,1,22,3, came ,3628,229,31,47.0,27.0,223.0,272.0,No,7,fixation,0.0,0.0
37,2,1,22,3, came ,3692,237,31,47.0,27.0,223.0,272.0,No,7,sliding,0.125,0.001953125
37,2,1,22,3, came ,3725,250,31,47.0,27.0,223.0,272.0,No,7,saccade,0.3939393939393939,0.008149678604224058
37,2,1,22,4, out ,3775,277,33,47.0,27.0,272.0,302.0,No,7,saccade,0.5414794548272354,0.002950801217756829
37,2,1,22,6, it. ,3842,324,40,47.0,27.0,323.0,342.0,No,7,saccade,0.7092301116726402,0.0025037411469463404
37,2,1,22,7, There ,3876,343,46,47.0,27.0,341.0,393.0,No,7,saccade,0.5860252601520963,-0.0036236721035454067
37,2,1,22,-1,,3927,358,52,,,,,No,7,saccade,0.3167744004196767,-0.005279428622204306
37,2,1,22,-1,,3989,359,52,,,,,No,7,fixation,0.016129032258064516,-0.004849118841316326
37,2,1,22,-1,,4019,359,52,,,,,No,7,fixation,0.0,-0.0005376344086021505
37,2,1,22,-1,,4079,359,52,,,,,No,7,fixation,0.0,0.0
37,2,1,22,-1,,4137,359,52,,,,,No,7,fixation,0.0,0.0
37,2,1,22,-1,,4170,359,52,,,,,No,7,fixation,0.0,0.0
37,2,1,22,-1,,4232,359,52,,,,,No,7,fixation,0.0,0.0
37,2,1,22,-1,,4284,359,52,,,,,No,7,fixation,0.0,0.0
37,2,1,22,-1,,4318,365,51,,,,,No,7,saccade,0.1789047803028888,0.005261905303026141
37,2,1,22,8, came ,4375,401,38,47.0,27.0,393.0,442.0,No,7,saccade,0.6714968143510399,0.008641965509616685
37,2,1,22,8, came ,4435,411,36,47.0,27.0,393.0,442.0,No,7,saccade,0.1699673171197595,-0.008358824953854675
37,2,1,22,8, came ,4468,412,36,47.0,27.0,393.0,442.0,No,7,fixation,0.030303030303030304,-0.0042322511156584605
37,2,1,22,8, came ,4535,413,36,47.0,27.0,393.0,442.0,No,7,fixation,0.014925373134328358,-0.0002295172711746559
37,2,1,22,8, came ,4584,414,36,47.0,27.0,393.0,442.0,No,7,fixation,0.02040816326530612,0.00011189367614240332
37,2,1,22,8, came ,4616,418,36,47.0,27.0,393.0,442.0,No,7,sliding,0.125,0.003268494897959184
37,2,1,22,9, also ,4676,443,39,47.0,27.0,442.0,480.0,No,7,saccade,0.4196559437338057,0.004910932395563428
37,2,1,22,9, also ,4738,453,41,47.0,27.0,442.0,480.0,No,7,saccade,0.16448450043847693,-0.004115668440247239
37,2,1,22,9, also ,4771,460,43,47.0,27.0,442.0,480.0,No,7,saccade,0.22060939058425813,0.0017007542468418547
37,2,1,22,9, also ,4827,466,45,47.0,27.0,442.0,480.0,No,7,sliding,0.11293848786315641,-0.001922694691448245
37,2,1,22,9, also ,4892,466,45,47.0,27.0,442.0,480.0,No,7,fixation,0.0,-0.001737515197894714
37,2,1,22,9, also ,4928,466,45,47.0,27.0,442.0,480.0,No,7,fixation,0.0,0.0
37,2,1,22,9, also ,4979,466,45,47.0,27.0,442.0,480.0,No,7,fixation,0.0,0.0
37,2,1,22,9, also ,5049,466,45,47.0,27.0,442.0,480.0,No,7,fixation,0.0,0.0
37,2,1,22,9, also ,5068,466,45,47.0,27.0,442.0,480.0,No,7,fixation,0.0,0.0
37,2,1,22,9, also ,5131,466,45,47.0,27.0,442.0,480.0,No,7,fixation,0.0,0.0
37,2,1,22,9, also ,5189,479,40,47.0,27.0,442.0,480.0,No,7,saccade,0.2401446254686917,0.004140424577046408
37,2,1,22,10, children's ,5222,502,33,47.0,27.0,480.0,560.0,No,7,saccade,0.7285342594043217,0.014799685876837273
37,2,1,22,10, children's ,5278,536,28,47.0,27.0,480.0,560.0,No,7,saccade,0.6136728670514137,-0.002051096292016215
37,2,1,22,10, children's ,5345,557,32,47.0,27.0,480.0,560.0,No,7,saccade,0.3190680347228649,-0.004397087049679832
37,2,1,22,11," voices, ",5372,561,32,47.0,27.0,561.0,622.0,No,7,sliding,0.14814814814814814,-0.0063303661694339534
37,2,1,22,11," voices, ",5426,571,36,47.0,27.0,561.0,622.0,No,7,saccade,0.19945054841238902,0.000950044449337794
37,2,1,22,11," voices, ",5490,573,37,47.0,27.0,561.0,622.0,No,7,fixation,0.034938562148434216,-0.0025704997853742938
37,2,1,22,11," voices, ",5519,573,37,47.0,27.0,561.0,622.0,No,7,fixation,0.0,-0.0012047780051184212
37,2,1,22,11," voices, ",5575,577,37,47.0,27.0,561.0,622.0,No,7,fixation,0.07142857142857142,0.0012755102040816326
37,2,1,22,11," voices, ",5637,592,36,47.0,27.0,561.0,622.0,No,7,saccade,0.24247252223182109,0.002758773400052414
37,2,1,22,11," voices, ",5670,598,36,47.0,27.0,561.0,622.0,No,7,saccade,0.18181818181818182,-0.0018380103155648262
37,2,1,22,11," voices, ",5727,601,36,47.0,27.0,561.0,622.0,No,7,fixation,0.05263157894736842,-0.002266431629312516
37,2,1,22,11," voices, ",5787,601,36,47.0,27.0,561.0,622.0,No,7,fixation,0.0,-0.0008771929824561403
37,2,1,22,11," voices, ",5821,601,36,47.0,27.0,561.0,622.0,No,7,fixation,0.0,0.0
37,2,1,22,11," voices, ",5881,601,36,47.0,27.0,561.0,622.0,No,7,fixation,0.0,0.0
37,2,1,22,11," voices, ",5942,601,36,47.0,27.0,561.0,622.0,No,7,fixation,0.0,0.0
37,2,1,22,11," voices, ",5993,601,36,47.0,27.0,561.0,622.0,No,7,fixation,0.0,0.0
37,2,1,22,11," voices, ",6024,605,36,47.0,27.0,561.0,622.0,No,7,sliding,0.12903225806451613,0.004162330905306971
37,2,1,22,13, so ,6092,660,32,47.0,27.0,648.0,672.0,No,7,saccade,0.8109597458213081,0.010028345408188118
37,2,1,22,13, so ,6120,670,32,47.0,27.0,648.0,672.0,No,7,saccade,0.35714285714285715,-0.016207746024230394
37,2,1,22,14, safe ,6174,704,37,47.0,27.0,672.0,711.0,No,7,saccade,0.6364014917570215,0.0051714561965586
37,2,1,22,15, did ,6242,713,40,47.0,27.0,711.0,735.0,No,7,sliding,0.13951224971331086,-0.007307194735936921
37,2,1,22,15, did ,6270,716,40,47.0,27.0,711.0,735.0,No,7,sliding,0.10714285714285714,-0.0011560497346590616
37,2,1,22,15, did ,6325,732,45,47.0,27.0,711.0,735.0,No,7,saccade,0.3047828111680038,0.003593453709548121
37,2,1,22,-1,,6387,736,45,,,,,No,7,fixation,0.06451612903225806,-0.0038752690667055766
37,2,1,22,-1,,6415,737,45,,,,,No,7,fixation,0.03571428571428571,-0.0010286372613561555
37,2,1,22,-1,,6476,737,45,,,,,No,7,fixation,0.0,-0.000585480093676815
37,2,1,22,-1,,6540,737,45,,,,,No,7,fixation,0.0,0.0
37,2,1,22,14, safe ,6582,705,37,47.0,27.0,672.0,711.0,No,7,saccade,0.785353452498602,0.018698891726157192
37,2,1,22,7, There ,6638,372,44,47.0,27.0,341.0,393.0,No,7,saccade,5.94774224013634,0.0921855140649596
37,2,1,22,20, their ,6688,231,69,87.0,67.0,220.0,260.0,No,7,saccade,2.8639832401744254,-0.06167517999923829
37,2,1,22,19, in ,6719,211,74,87.0,67.0,201.0,220.0,No,7,saccade,0.6650170363899452,-0.07093439367046711
37,2,1,22,19, in ,6777,201,75,87.0,67.0,201.0,220.0,No,7,saccade,0.1732737176055326,-0.008478333082489874
37,2,1,22,19, in ,6837,201,75,87.0,67.0,201.0,220.0,No,7,fixation,0.0,-0.002887895293425543
37,2,1,22,19, in ,6872,212,73,87.0,67.0,201.0,220.0,No,7,saccade,0.31943828249996997,0.009126808071427713
37,2,1,22,-1,,6927,293,50,,,,,No,7,saccade,1.5309479589106096,0.02202744866201163
37,2,1,22,-1,,6988,560,22,,,,,No,7,saccade,4.401051644375233,0.04705088008958398
37,2,1,22,11," voices, ",7016,593,26,47.0,27.0,561.0,622.0,No,7,saccade,1.1871978670424759,-0.11478049204759846
37,2,1,22,11," voices, ",7087,613,29,47.0,27.0,561.0,622.0,No,7,saccade,0.2848415269881223,-0.012709244226117656
37,2,1,22,11," voices, ",7140,613,29,47.0,27.0,561.0,622.0,No,7,fixation,0.0,-0.0053743684337381565
37,2,1,22,11," voices, ",7173,613,29,47.0,27.0,561.0,622.0,No,7,fixation,0.0,0.0
37,2,1,22,11," voices, ",7232,613,29,47.0,27.0,561.0,622.0,No,7,fixation,0.0,0.0
37,2,1,22,11," voices, ",7288,613,29,47.0,27.0,561.0,622.0,No,7,fixation,0.0,0.0
37,2,1,22,11," voices, ",7317,614,32,47.0,27.0,561.0,622.0,No,7,sliding,0.1090440572471855,0.003760139905075362
37,2,1,22,12, for ,7382,632,44,47.0,27.0,622.0,648.0,No,7,saccade,0.3328201177351375,0.003442708622891569
37,2,1,22,12, for ,7438,643,49,47.0,27.0,622.0,648.0,No,7,saccade,0.21576867809990308,-0.0020902042792006145
37,2,1,22,12, for ,7468,643,49,47.0,27.0,622.0,648.0,No,7,fixation,0.0,-0.007192289269996769
37,2,1,22,12, for ,7538,645,49,47.0,27.0,622.0,648.0,No,7,fixation,0.02857142857142857,0.0004081632653061224
37,2,1,22,13, so ,7588,648,49,47.0,27.0,648.0,672.0,No,7,fixation,0.06,0.0006285714285714286
37,2,1,22,13, so ,7622,661,45,47.0,27.0,648.0,672.0,No,7,saccade,0.40004325025692483,0.010001272066380143
37,2,1,22,14, safe ,7676,692,37,47.0,27.0,672.0,711.0,No,7,saccade,0.5928818738363749,0.0035710856218416683
37,2,1,22,15, did ,7738,719,33,47.0,27.0,711.0,735.0,No,7,saccade,0.4402369052889091,-0.00246201562173332
37,2,1,22,15, did ,7771,724,33,47.0,27.0,711.0,735.0,No,7,saccade,0.15151515151515152,-0.008749144053750229
37,2,1,22,15, did ,7835,726,33,47.0,27.0,711.0,735.0,No,7,fixation,0.03125,-0.0018791429924242425
37,2,1,22,15, did ,7888,726,33,47.0,27.0,711.0,735.0,No,7,fixation,0.0,-0.0005896226415094339
37,2,1,22,15, did ,7922,726,33,47.0,27.0,711.0,735.0,No,7,fixation,0.0,0.0
37,2,1,22,13, so ,7982,652,37,47.0,27.0,648.0,672.0,No,7,saccade,1.235133820909927,0.020585563681832116
37,2,1,22,6, it. ,8038,324,41,47.0,27.0,323.0,342.0,No,7,saccade,5.857578381020259,0.08254365285911307
37,2,1,22,3, came ,8073,235,46,47.0,27.0,223.0,272.0,No,7,saccade,2.5468668226361775,-0.09459175881097376
37,2,1,22,-1,,8128,152,58,,,,,No,7,saccade,1.5247815180169095,-0.01858336917489578
37,2,1,22,16, the ,8190,111,71,87.0,67.0,94.0,124.0,No,7,saccade,0.6937359086324699,-0.013403961441684509
37,2,1,22,16, the ,8216,106,73,87.0,67.0,94.0,124.0,No,7,saccade,0.20712172335132706,-0.01871593020312088
37,2,1,22,16, the ,8278,96,80,87.0,67.0,94.0,124.0,No,7,saccade,0.19687992928602746,-0.00016519022685967092
37,2,1,22,-1,,8338,93,81,,,,,No,7,fixation,0.052704627669472995,-0.002402921693609241
37,2,1,22,-1,,8370,93,82,,,,,No,7,fixation,0.03125,-0.0006704571146710311
37,2,1,22,-1,,8430,93,83,,,,,No,7,fixation,0.016666666666666666,-0.00024305555555555555
37,2,1,22,16, the ,8487,96,84,87.0,67.0,94.0,124.0,No,7,fixation,0.05547855544155052,0.0006809103293839273
37,2,1,22,16, the ,8521,98,84,87.0,67.0,94.0,124.0,No,7,fixation,0.058823529411764705,9.838158735924081e-05
37,2,1,22,16, the ,8576,115,82,87.0,67.0,94.0,124.0,No,7,saccade,0.311222595793158,0.00458907393420715
37,2,1,22,17, boys ,8638,126,81,87.0,67.0,124.0,167.0,No,7,saccade,0.17815098414818162,-0.0021463163168544573
37,2,1,22,17, boys ,8670,131,80,87.0,67.0,124.0,167.0,No,7,saccade,0.15934435979977452,-0.000587707010887722
37,2,1,22,17, boys ,8737,139,80,87.0,67.0,124.0,167.0,No,7,sliding,0.11940298507462686,-0.0005961399212708605
37,2,1,22,17, boys ,8785,144,80,87.0,67.0,124.0,167.0,No,7,sliding,0.10416666666666667,-0.00031742330016583734
37,2,1,22,17, boys ,8820,153,80,87.0,67.0,124.0,167.0,No,7,saccade,0.2571428571428571,0.004370748299319727
37,2,1,22,17, boys ,8881,166,80,87.0,67.0,124.0,167.0,No,7,saccade,0.21311475409836064,-0.0007217721810573193
37,2,1,22,18, feel ,8935,176,81,87.0,67.0,167.0,201.0,No,7,saccade,0.186108807798535,-0.0005001101166634378
37,2,1,22,18, feel ,8970,194,82,87.0,67.0,167.0,201.0,No,7,saccade,0.5150787536377127,0.009399141309690792
37,2,1,22,19, in ,9037,216,82,87.0,67.0,201.0,220.0,No,7,saccade,0.3283582089552239,-0.0027868738012311765
37,2,1,22,20, their ,9088,231,82,87.0,67.0,220.0,260.0,No,7,saccade,0.29411764705882354,-0.0006713835665960852
37,2,1,22,20, their ,9118,234,82,87.0,67.0,220.0,260.0,No,7,sliding,0.1,-0.006470588235294118
37,2,1,22,21, hiding-place ,9184,263,80,87.0,67.0,261.0,363.0,No,7,saccade,0.44043763193177676,0.005158145938360254
37,2,1,22,21, hiding-place ,9235,274,80,87.0,67.0,261.0,363.0,No,7,saccade,0.21568627450980393,-0.004406889361215154
37,2,1,22,21, hiding-place ,9268,277,80,87.0,67.0,261.0,363.0,No,7,fixation,0.09090909090909091,-0.0037811267757791823
37,2,1,22,21, hiding-place ,9332,278,80,87.0,67.0,261.0,363.0,No,7,fixation,0.015625,-0.0011763139204545455
37,2,1,22,21, hiding-place ,9384,278,80,87.0,67.0,261.0,363.0,No,7,fixation,0.0,-0.00030048076923076925
37,2,1,22,21, hiding-place ,9428,278,80,87.0,67.0,261.0,363.0,No,7,fixation,0.0,0.0
37,2,1,22,21, hiding-place ,9481,278,80,87.0,67.0,261.0,363.0,No,7,fixation,0.0,0.0
37,2,1,22,21, hiding-place ,9550,278,80,87.0,67.0,261.0,363.0,No,7,fixation,0.0,0.0
37,2,1,22,21, hiding-place ,9567,278,80,87.0,67.0,261.0,363.0,No,7,fixation,0.0,0.0
37,2,1,22,21, hiding-place ,9625,299,76,87.0,67.0,261.0,363.0,No,7,saccade,0.3685785918350336,0.00635480330750058
37,2,1,22,21, hiding-place ,9692,335,76,87.0,67.0,261.0,363.0,No,7,saccade,0.5373134328358209,0.0025184304626983175
37,2,1,22,21, hiding-place ,9725,347,77,87.0,67.0,261.0,363.0,No,7,saccade,0.36489680541794833,-0.005224746285390078
37,2,1,22,21, hiding-place ,9784,351,77,87.0,67.0,261.0,363.0,No,7,fixation,0.06779661016949153,-0.005035596529634861
37,2,1,22,21, hiding-place ,9844,351,77,87.0,67.0,261.0,363.0,No,7,fixation,0.0,-0.0011299435028248588
37,2,1,22,21, hiding-place ,9879,351,77,87.0,67.0,261.0,363.0,No,7,fixation,0.0,0.0
37,2,1,22,21, hiding-place ,9940,351,77,87.0,67.0,261.0,363.0,No,7,fixation,0.0,0.0
37,2,1,22,21, hiding-place ,9991,351,77,87.0,67.0,261.0,363.0,No,7,fixation,0.0,0.0
37,2,1,22,21, hiding-place ,10019,353,77,87.0,67.0,261.0,363.0,No,7,fixation,0.07142857142857142,0.002551020408163265
37,2,1,22,22, that ,10076,383,75,87.0,67.0,363.0,398.0,No,7,saccade,0.527484083451681,0.008000973895142273
37,2,1,22,23, they ,10138,419,75,87.0,67.0,398.0,437.0,No,7,saccade,0.5806451612903226,0.00085743673933293
37,2,1,22,23, they ,10168,419,75,87.0,67.0,398.0,437.0,No,7,saccade,0.0,-0.01935483870967742
37,2,1,22,23, they ,10233,419,75,87.0,67.0,398.0,437.0,No,7,fixation,0.0,0.0
37,2,1,22,23, they ,10288,419,75,87.0,67.0,398.0,437.0,No,7,fixation,0.0,0.0
37,2,1,22,23, they ,10330,419,75,87.0,67.0,398.0,437.0,No,7,fixation,0.0,0.0
37,2,1,22,23, they ,10387,419,75,87.0,67.0,398.0,437.0,No,7,fixation,0.0,0.0
37,2,1,22,23, they ,10442,436,76,87.0,67.0,398.0,437.0,No,7,saccade,0.3096252066532073,0.005629549211876497
37,2,1,22,24, were ,10475,450,78,87.0,67.0,437.0,481.0,No,7,saccade,0.42854956435548336,0.0036037684152204863
37,2,1,22,24, were ,10531,455,78,87.0,67.0,437.0,481.0,No,7,fixation,0.08928571428571429,-0.006058283036960162
37,2,1,22,24, were ,10590,455,78,87.0,67.0,437.0,481.0,No,7,fixation,0.0,-0.001513317191283293
37,2,1,22,24, were ,10625,455,78,87.0,67.0,437.0,481.0,No,7,fixation,0.0,0.0
37,2,1,22,24, were ,10678,455,78,87.0,67.0,437.0,481.0,No,7,fixation,0.0,0.0
37,2,1,22,24, were ,10742,458,78,87.0,67.0,437.0,481.0,No,7,fixation,0.046875,0.000732421875
37,2,1,22,24, were ,10775,478,76,87.0,67.0,437.0,481.0,No,7,saccade,0.6090833709770236,0.017036617302334047
37,2,1,22,25, gaily ,10825,515,74,87.0,67.0,481.0,523.0,No,7,saccade,0.7410802925459562,0.002639938431378652
37,2,1,22,25, gaily ,10895,519,74,87.0,67.0,481.0,523.0,No,7,fixation,0.05714285714285714,-0.009770534791472843
37,2,1,22,25, gaily ,10921,519,74,87.0,67.0,481.0,523.0,No,7,fixation,0.0,-0.002197802197802198
37,2,1,22,25, gaily ,10983,519,74,87.0,67.0,481.0,523.0,No,7,fixation,0.0,0.0
37,2,1,22,25, gaily ,11049,519,74,87.0,67.0,481.0,523.0,No,7,fixation,0.0,0.0
37,2,1,22,25, gaily ,11069,521,74,87.0,67.0,481.0,523.0,No,7,sliding,0.1,0.005
37,2,1,22,26, chattering. ,11125,561,71,87.0,67.0,523.0,612.0,No,7,saccade,0.716291825718985,0.011005211173553303
37,2,1,22,26, chattering. ,11186,598,74,87.0,67.0,523.0,612.0,No,7,saccade,0.6085479079760847,-0.0017662937334901683
37,2,1,22,26, chattering. ,11218,598,74,87.0,67.0,523.0,612.0,No,7,saccade,0.0,-0.019017122124252647
37,2,1,22,26, chattering. ,11277,598,74,87.0,67.0,523.0,612.0,No,7,fixation,0.0,0.0
37,2,1,22,26, chattering. ,11345,598,74,87.0,67.0,523.0,612.0,No,7,fixation,0.0,0.0
37,2,1,22,26, chattering. ,11381,598,74,87.0,67.0,523.0,612.0,No,7,fixation,0.0,0.0
37,2,1,22,26, chattering. ,11425,601,74,87.0,67.0,523.0,612.0,No,7,fixation,0.06818181818181818,0.001549586776859504
37,2,1,22,27, The ,11492,611,74,87.0,67.0,611.0,647.0,No,7,sliding,0.14925373134328357,0.0012100285546487372
37,2,1,22,27, The ,11525,621,75,87.0,67.0,611.0,647.0,No,7,saccade,0.3045416854885118,0.004705695580158431
37,2,1,22,28, pirates ,11575,648,76,87.0,67.0,647.0,701.0,No,7,saccade,0.5403702434442519,0.004716571159114802
37,2,1,22,28, pirates ,11641,670,78,87.0,67.0,647.0,701.0,No,7,saccade,0.3347079096117352,-0.003116095967159344
37,2,1,22,28, pirates ,11668,671,78,87.0,67.0,647.0,701.0,No,7,saccade,0.037037037037037035,-0.011024847132396228
37,2,1,22,28, pirates ,11728,672,78,87.0,67.0,647.0,701.0,No,7,fixation,0.016666666666666666,-0.00033950617283950616
37,2,1,22,28, pirates ,11791,676,79,87.0,67.0,647.0,701.0,No,7,fixation,0.06544612104155016,0.0007742770535695793
37,2,1,22,28, pirates ,11819,677,80,87.0,67.0,647.0,701.0,No,7,fixation,0.05050762722761054,-0.0005335176362121294
37,2,1,22,28, pirates ,11874,680,80,87.0,67.0,647.0,701.0,No,7,fixation,0.05454545454545454,7.341504214261821e-05
37,2,1,22,28, pirates ,11941,688,80,87.0,67.0,647.0,701.0,No,7,sliding,0.11940298507462686,0.0009680228437189898
37,2,1,22,28, pirates ,11968,688,80,87.0,67.0,647.0,701.0,No,7,fixation,0.0,-0.004422332780541736
37,2,1,22,28, pirates ,12026,672,80,87.0,67.0,647.0,701.0,No,7,saccade,0.27586206896551724,0.0047562425683709865
37,2,1,22,34, the ,12094,377,108,127.0,107.0,367.0,397.0,No,7,saccade,4.357732855526875,0.06002751156707879
37,2,1,22,33, replaced ,12114,298,121,127.0,107.0,293.0,367.0,No,7,saccade,4.003123780249619,-0.017730453763862775
37,2,1,22,30," grimly, ",12178,193,126,127.0,107.0,161.0,218.0,No,7,saccade,1.6424840657522373,-0.036884995539021595
37,2,1,22,30," grimly, ",12236,169,125,127.0,107.0,161.0,218.0,No,7,saccade,0.41415214308497633,-0.021178136597711394
37,2,1,22,30," grimly, ",12270,165,127,127.0,107.0,161.0,218.0,No,7,sliding,0.1315334104411641,-0.008312315665994477
37,2,1,22,-1,,12337,160,132,,,,,No,7,sliding,0.10553832555023097,-0.0003879863416557182
37,2,1,22,-1,,12389,160,132,,,,,No,7,fixation,0.0,-0.002029583183658288
37,2,1,22,-1,,12422,160,132,,,,,No,7,fixation,0.0,0.0
37,2,1,22,-1,,12475,160,132,,,,,No,7,fixation,0.0,0.0
37,2,1,22,-1,,12540,160,132,,,,,No,7,fixation,0.0,0.0
37,2,1,22,-1,,12570,160,132,,,,,No,7,fixation,0.0,0.0
37,2,1,22,-1,,12626,154,133,,,,,No,7,sliding,0.10862075946961106,0.0019396564191001974
37,2,1,22,29, listened ,12688,104,129,127.0,107.0,94.0,161.0,No,7,saccade,0.8090281421925454,0.011296893269724748
37,2,1,22,-1,,12721,86,126,,,,,No,7,saccade,0.5529784118452927,-0.007759082737795534
37,2,1,22,-1,,12784,78,126,,,,,No,7,sliding,0.12698412698412698,-0.006761814045415329
37,2,1,22,-1,,12842,77,126,,,,,No,7,fixation,0.017241379310344827,-0.0018921163392031403
37,2,1,22,-1,,12877,77,126,,,,,No,7,fixation,0.0,-0.0004926108374384236
37,2,1,22,-1,,12929,77,126,,,,,No,7,fixation,0.0,0.0
37,2,1,22,-1,,12986,92,125,,,,,No,7,saccade,0.2637420417258405,0.0046270533636112365
37,2,1,22,29, listened ,13020,115,121,127.0,107.0,94.0,161.0,No,7,saccade,0.6866245605840442,0.012437721142888344
37,2,1,22,29, listened ,13082,157,118,127.0,107.0,94.0,161.0,No,7,saccade,0.6791452668202355,-0.00012063377038401188
37,2,1,22,30," grimly, ",13137,170,119,127.0,107.0,161.0,218.0,No,7,saccade,0.2370619056437327,-0.008037879294118233
37,2,1,22,30," grimly, ",13170,170,119,127.0,107.0,161.0,218.0,No,7,fixation,0.0,-0.007183694110416142
37,2,1,22,30," grimly, ",13236,170,119,127.0,107.0,161.0,218.0,No,7,fixation,0.0,0.0
37,2,1,22,30," grimly, ",13286,170,119,127.0,107.0,161.0,218.0,No,7,fixation,0.0,0.0
37,2,1,22,30," grimly, ",13319,170,119,127.0,107.0,161.0,218.0,No,7,fixation,0.0,0.0
37,2,1,22,30," grimly, ",13376,170,119,127.0,107.0,161.0,218.0,No,7,fixation,0.0,0.0
37,2,1,22,30," grimly, ",13436,170,119,127.0,107.0,161.0,218.0,No,7,fixation,0.0,0.0
37,2,1,22,30," grimly, ",13466,170,119,127.0,107.0,161.0,218.0,No,7,fixation,0.0,0.0
37,2,1,22,30," grimly, ",13532,175,118,127.0,107.0,161.0,218.0,No,7,fixation,0.0772578714180725,0.0011705738093647348
37,2,1,22,31, and ,13590,222,112,127.0,107.0,218.0,253.0,No,7,saccade,0.8169212234815265,0.012752816414887139
37,2,1,22,31, and ,13616,241,112,127.0,107.0,218.0,253.0,No,7,saccade,0.7307692307692307,-0.003313538181242146
37,2,1,22,32, then ,13686,265,114,127.0,107.0,253.0,293.0,No,7,saccade,0.3440455593940656,-0.005524623876788073
37,2,1,22,32, then ,13749,265,114,127.0,107.0,253.0,293.0,No,7,fixation,0.0,-0.005461040625302629
37,2,1,22,32, then ,13768,265,114,127.0,107.0,253.0,293.0,No,7,fixation,0.0,0.0
37,2,1,22,32, then ,13828,265,114,127.0,107.0,253.0,293.0,No,7,fixation,0.0,0.0
37,2,1,22,32, then ,13897,265,114,127.0,107.0,253.0,293.0,No,7,fixation,0.0,0.0
37,2,1,22,32, then ,13922,266,114,127.0,107.0,253.0,293.0,No,7,fixation,0.04,0.0016
37,2,1,22,33, replaced ,13978,294,112,127.0,107.0,293.0,367.0,No,7,saccade,0.5012738874149357,0.008237033703838138
37,2,1,22,33, replaced ,14044,328,112,127.0,107.0,293.0,367.0,No,7,saccade,0.5151515151515151,0.00021026708691786989
37,2,1,22,33, replaced ,14068,330,112,127.0,107.0,293.0,367.0,No,7,saccade,0.08333333333333333,-0.017992424242424244
37,2,1,22,33, replaced ,14134,330,112,127.0,107.0,293.0,367.0,No,7,fixation,0.0,-0.0012626262626262625
37,2,1,22,33, replaced ,14188,330,112,127.0,107.0,293.0,367.0,No,7,fixation,0.0,0.0
37,2,1,22,33, replaced ,14223,330,112,127.0,107.0,293.0,367.0,No,7,fixation,0.0,0.0
37,2,1,22,33, replaced ,14290,330,112,127.0,107.0,293.0,367.0,No,7,fixation,0.0,0.0
37,2,1,22,33, replaced ,14341,350,112,127.0,107.0,293.0,367.0,No,7,saccade,0.39215686274509803,0.007689350249903883
37,2,1,22,34, the ,14364,368,115,127.0,107.0,367.0,397.0,No,7,saccade,0.7934038082997678,0.01744551937194216
37,2,1,22,35, mushroom. ,14424,404,125,127.0,107.0,397.0,492.0,No,7,saccade,0.6227180564089801,-0.0028447625315131267
37,2,1,22,35, mushroom. ,14499,404,125,127.0,107.0,397.0,492.0,No,7,fixation,0.0,-0.008302907418786401
37,2,1,22,35, mushroom. ,14517,404,125,127.0,107.0,397.0,492.0,No,7,fixation,0.0,0.0
37,2,1,22,35, mushroom. ,14586,404,125,127.0,107.0,397.0,492.0,No,7,fixation,0.0,0.0
37,2,1,22,35, mushroom. ,14637,404,125,127.0,107.0,397.0,492.0,No,7,fixation,0.0,0.0
37,2,1,22,35, mushroom. ,14671,404,125,127.0,107.0,397.0,492.0,No,7,fixation,0.0,0.0
37,2,1,22,35, mushroom. ,14729,408,125,127.0,107.0,397.0,492.0,No,7,fixation,0.06896551724137931,0.0011890606420927466
37,2,1,22,35, mushroom. ,14791,443,116,127.0,107.0,397.0,492.0,No,7,saccade,0.5828809999868597,0.008288959399120652
37,2,1,22,35, mushroom. ,14825,461,113,127.0,107.0,397.0,492.0,No,7,saccade,0.5367143409086664,-0.0013578429140645083
37,2,1,22,35, mushroom. ,14877,465,113,127.0,107.0,397.0,492.0,No,7,fixation,0.07692307692307693,-0.008842139692030567
37,2,1,22,35, mushroom. ,14937,465,113,127.0,107.0,397.0,492.0,No,7,fixation,0.0,-0.001282051282051282
37,2,1,22,35, mushroom. ,14971,465,113,127.0,107.0,397.0,492.0,No,7,fixation,0.0,0.0
37,2,1,22,35, mushroom. ,15041,465,113,127.0,107.0,397.0,492.0,No,7,fixation,0.0,0.0
37,2,1,22,35, mushroom. ,15095,465,113,127.0,107.0,397.0,492.0,No,7,fixation,0.0,0.0
37,2,1,22,35, mushroom. ,15116,467,112,127.0,107.0,397.0,492.0,No,7,sliding,0.10647942749999,0.005070448928570952
37,2,1,22,36, They ,15175,502,111,127.0,107.0,492.0,537.0,No,7,saccade,0.5934624203393762,0.008253949031176037
37,2,1,22,36, They ,15237,516,112,127.0,107.0,492.0,537.0,No,7,saccade,0.22638175560674514,-0.005920655882784373
37,2,1,22,36, They ,15271,516,112,127.0,107.0,492.0,537.0,No,7,fixation,0.0,-0.006658286929610151
37,2,1,22,36, They ,15327,516,112,127.0,107.0,492.0,537.0,No,7,fixation,0.0,0.0
37,2,1,22,36, They ,15389,516,112,127.0,107.0,492.0,537.0,No,7,fixation,0.0,0.0
37,2,1,22,36, They ,15424,516,112,127.0,107.0,492.0,537.0,No,7,fixation,0.0,0.0
37,2,1,22,36, They ,15479,516,112,127.0,107.0,492.0,537.0,No,7,fixation,0.0,0.0
37,2,1,22,36, They ,15541,516,112,127.0,107.0,492.0,537.0,No,7,fixation,0.0,0.0
37,2,1,22,36, They ,15567,516,112,127.0,107.0,492.0,537.0,No,7,fixation,0.0,0.0
37,2,1,22,36, They ,15629,516,112,127.0,107.0,492.0,537.0,No,7,fixation,0.0,0.0
37,2,1,22,36, They ,15699,516,112,127.0,107.0,492.0,537.0,No,7,fixation,0.0,0.0
37,2,1,22,36, They ,15718,516,112,127.0,107.0,492.0,537.0,No,7,fixation,0.0,0.0
37,2,1,22,36, They ,15786,516,112,127.0,107.0,492.0,537.0,No,7,fixation,0.0,0.0
37,2,1,22,36, They ,15835,518,112,127.0,107.0,492.0,537.0,No,7,fixation,0.04081632653061224,0.0008329862557267804
37,2,1,22,36, They ,15865,523,112,127.0,107.0,492.0,537.0,No,7,saccade,0.16666666666666666,0.004195011337868481
37,2,1,22,37, looked ,15928,572,115,127.0,107.0,537.0,595.0,No,7,saccade,0.7792341402307034,0.009723293231175186
37,2,1,22,38, around ,15989,622,122,127.0,107.0,595.0,656.0,No,7,saccade,0.8276659384501205,0.0007939639052363462
37,2,1,22,38, around ,16022,632,123,127.0,107.0,595.0,656.0,No,7,saccade,0.3045416854885118,-0.01585225008974572
37,2,1,22,38, around ,16089,632,123,127.0,107.0,595.0,656.0,No,7,fixation,0.0,-0.004545398290873311
37,2,1,22,38, around ,16142,632,123,127.0,107.0,595.0,656.0,No,7,fixation,0.0,0.0
37,2,1,22,38, around ,16168,632,123,127.0,107.0,595.0,656.0,No,7,fixation,0.0,0.0
37,2,1,22,38, around ,16237,632,123,127.0,107.0,595.0,656.0,No,7,fixation,0.0,0.0
37,2,1,22,38, around ,16289,632,123,127.0,107.0,595.0,656.0,No,7,fixation,0.0,0.0
37,2,1,22,38, around ,16324,634,123,127.0,107.0,595.0,656.0,No,7,fixation,0.05714285714285714,0.0016326530612244896
37,2,1,22,39, them ,16375,663,119,127.0,107.0,656.0,701.0,No,7,saccade,0.5740110262080176,0.010134669981669812
37,2,1,22,40, and ,16441,713,120,127.0,107.0,701.0,731.0,No,7,saccade,0.7577272575787871,0.002783579263193478
37,2,1,22,-1,,16476,733,123,,,,,No,7,saccade,0.5778213833187624,-0.0051401678360007055
37,2,1,22,-1,,16526,746,124,,,,,No,7,saccade,0.260768096208106,-0.0063410657422131285
37,2,1,22,-1,,16585,748,125,,,,,No,7,fixation,0.03789945724575915,-0.0037774345586838445
37,2,1,22,-1,,16618,748,125,,,,,No,7,fixation,0.0,-0.0011484684013866409
37,2,1,22,-1,,16687,748,125,,,,,No,7,fixation,0.0,0.0
37,2,1,22,40, and ,16738,731,125,127.0,107.0,701.0,731.0,No,7,saccade,0.3333333333333333,0.0065359477124183
37,2,1,22,-1,,16772,631,130,,,,,No,7,saccade,2.9448506462501154,0.07680933273284653
37,2,1,22,-1,,17339,73,169,,,,,No,7,saccade,0.9865277651632973,-0.003453832241775693
37,2,1,22,-1,,17372,73,163,,,,,No,7,saccade,0.18181818181818182,-0.024385138889245924
37,2,1,22,-1,,17425,73,160,,,,,No,7,fixation,0.05660377358490566,-0.0023625360044014373
37,2,1,22,-1,,17485,80,160,,,,,No,7,sliding,0.11666666666666667,0.00100104821802935
37,2,1,22,-1,,17522,89,163,,,,,No,7,saccade,0.2564008913650037,0.003776600667522623
37,2,1,22,41, noted ,17575,99,167,167.0,147.0,94.0,144.0,No,7,saccade,0.20321376630696242,-0.0010035306614724774
37,2,1,22,-1,,17638,117,171,,,,,No,7,saccade,0.29268395102517103,0.0014201616621937875
37,2,1,22,-1,,17668,118,171,,,,,No,7,fixation,0.03333333333333333,-0.008645020589727924
37,2,1,22,-1,,17732,120,171,,,,,No,7,fixation,0.03125,-3.2552083333333326e-05
37,2,1,22,-1,,17788,122,171,,,,,No,7,fixation,0.03571428571428571,7.971938775510201e-05
37,2,1,22,-1,,17821,125,171,,,,,No,7,fixation,0.09090909090909091,0.0016725698543880363
37,2,1,22,-1,,17878,141,170,,,,,No,7,saccade,0.28124946564704206,0.0033393048199640554
37,2,1,22,42, the ,17938,145,169,167.0,147.0,144.0,174.0,No,7,fixation,0.06871842709362767,-0.0035421839758902397
37,2,1,22,42, the ,17964,145,169,167.0,147.0,144.0,174.0,No,7,fixation,0.0,-0.0026430164266779874
37,2,1,22,42, the ,18029,146,167,167.0,147.0,144.0,174.0,No,7,fixation,0.034401045807689073,0.0005292468585798319
37,2,1,22,42, the ,18088,148,165,167.0,147.0,144.0,174.0,No,7,fixation,0.04793944279230831,0.00022946435567151245
37,2,1,22,42, the ,18115,148,165,167.0,147.0,144.0,174.0,No,7,fixation,0.0,-0.001775534918233641
37,2,1,22,42, the ,18179,157,163,167.0,147.0,144.0,174.0,No,7,sliding,0.14405538214520136,0.0022508653460187713
37,2,1,22,42, the ,18239,168,163,167.0,147.0,144.0,174.0,No,7,saccade,0.18333333333333332,0.0006546325198021994
37,2,1,22,43, holes ,18272,175,163,167.0,147.0,174.0,222.0,No,7,saccade,0.21212121212121213,0.0008723599632690548
37,2,1,22,43, holes ,18330,185,163,167.0,147.0,174.0,222.0,No,7,saccade,0.1724137931034483,-0.0006846106727200662
37,2,1,22,43, holes ,18387,187,163,167.0,147.0,174.0,222.0,No,7,fixation,0.03508771929824561,-0.0024092293650035557
37,2,1,22,43, holes ,18420,187,163,167.0,147.0,174.0,222.0,No,7,fixation,0.0,-0.0010632642211589579
37,2,1,22,43, holes ,18485,187,163,167.0,147.0,174.0,222.0,No,7,fixation,0.0,0.0
37,2,1,22,43, holes ,18537,187,163,167.0,147.0,174.0,222.0,No,7,fixation,0.0,0.0
37,2,1,22,43, holes ,18568,187,163,167.0,147.0,174.0,222.0,No,7,fixation,0.0,0.0
37,2,1,22,43, holes ,18629,189,163,167.0,147.0,174.0,222.0,No,7,fixation,0.03278688524590164,0.0005374899220639614
37,2,1,22,44, in ,18689,235,157,167.0,147.0,223.0,242.0,No,7,saccade,0.7731609003162134,0.012339566917838529
37,2,1,22,45, the ,18717,245,157,167.0,147.0,242.0,272.0,No,7,saccade,0.35714285714285715,-0.014857787256191296
37,2,1,22,46, seven ,18785,272,158,167.0,147.0,272.0,325.0,No,7,saccade,0.39733106135606755,0.0005910030031354471
37,2,1,22,46, seven ,18835,275,158,167.0,147.0,272.0,325.0,No,7,fixation,0.06,-0.006746621227121351
37,2,1,22,46, seven ,18865,275,158,167.0,147.0,272.0,325.0,No,7,fixation,0.0,-0.002
37,2,1,22,46, seven ,18932,278,158,167.0,147.0,272.0,325.0,No,7,fixation,0.04477611940298507,0.0006683002895967921
37,2,1,22,46, seven ,18987,283,158,167.0,147.0,272.0,325.0,No,7,fixation,0.09090909090909091,0.0008387813001110153
37,2,1,22,46, seven ,19019,291,158,167.0,147.0,272.0,325.0,No,7,saccade,0.25,0.004971590909090909
37,2,1,22,46, seven ,19074,304,159,167.0,147.0,272.0,325.0,No,7,saccade,0.2370619056437327,-0.0002352380792048601
37,2,1,22,46, seven ,19137,311,159,167.0,147.0,272.0,325.0,No,7,sliding,0.1111111111111111,-0.0019992189608352634
37,2,1,22,46, seven ,19169,315,159,167.0,147.0,272.0,325.0,No,7,sliding,0.125,0.00043402777777777797
37,2,1,22,47, trees. ,19225,327,160,167.0,147.0,325.0,370.0,No,7,saccade,0.215028474621291,0.0016076513325230535
37,2,1,22,47, trees. ,19286,336,162,167.0,147.0,325.0,370.0,No,7,saccade,0.1511400730703752,-0.0010473508450969803
37,2,1,22,47, trees. ,19318,341,163,167.0,147.0,325.0,370.0,No,7,saccade,0.15934435979977452,0.00025638396029372887
37,2,1,22,47, trees. ,19381,349,167,167.0,147.0,325.0,370.0,No,7,sliding,0.14197256999998664,-0.0002757426952347282
37,2,1,22,47, trees. ,19436,349,167,167.0,147.0,325.0,370.0,No,7,fixation,0.0,-0.0025813194545452117
37,2,1,22,47, trees. ,19469,349,167,167.0,147.0,325.0,370.0,No,7,fixation,0.0,0.0
37,2,1,22,47, trees. ,19531,349,167,167.0,147.0,325.0,370.0,No,7,fixation,0.0,0.0
37,2,1,22,47, trees. ,19586,349,167,167.0,147.0,325.0,370.0,No,7,fixation,0.0,0.0
37,2,1,22,47, trees. ,19619,349,167,167.0,147.0,325.0,370.0,No,7,fixation,0.0,0.0
37,2,1,22,47, trees. ,19683,349,167,167.0,147.0,325.0,370.0,No,7,fixation,0.0,0.0
37,2,1,22,-1,,19737,358,170,,,,,No,7,saccade,0.17568209223157663,0.00325337207836253
37,2,1,22,-1,,19767,371,176,,,,,No,7,saccade,0.4772607021092118,0.010052620329254506
37,2,1,23,0, When ,1855,98,28,47.0,27.0,94.0,146.0,No,4,fixation,0.0,0.0
37,2,1,23,0, When ,1916,104,32,47.0,27.0,94.0,146.0,No,4,sliding,0.1182147959168521,0.0019379474740467558
37,2,1,23,0, When ,1948,105,33,47.0,27.0,94.0,146.0,No,4,fixation,0.04419417382415922,-0.002313144440396653
37,2,1,23,0, When ,2005,112,37,47.0,27.0,94.0,146.0,No,4,sliding,0.1414431183912026,0.0017061218345095332
37,2,1,23,0, When ,2071,118,41,47.0,27.0,94.0,146.0,No,4,sliding,0.10925912955951482,-0.0004876361944195119
37,2,1,23,0, When ,2094,120,41,47.0,27.0,94.0,146.0,No,4,fixation,0.08695652173913043,-0.0009696786008862778
37,2,1,23,0, When ,2155,125,42,47.0,27.0,94.0,146.0,No,4,fixation,0.08359048382938991,-5.5180949340008545e-05
37,2,1,23,0, When ,2222,131,42,47.0,27.0,94.0,146.0,No,4,fixation,0.08955223880597014,8.8981417560899e-05
37,2,1,23,0, When ,2254,133,42,47.0,27.0,94.0,146.0,No,4,fixation,0.0625,-0.000845382462686567
37,2,1,23,0, When ,2304,137,42,47.0,27.0,94.0,146.0,No,4,fixation,0.08,0.00035000000000000005
37,2,1,23,0, When ,2371,139,42,47.0,27.0,94.0,146.0,No,4,fixation,0.029850746268656716,-0.0007484963243484072
37,2,1,23,0, When ,2396,140,42,47.0,27.0,94.0,146.0,No,4,fixation,0.04,0.0004059701492537314
37,2,1,23,1, a ,2454,155,39,47.0,27.0,146.0,161.0,No,4,saccade,0.2637423886341096,0.003857627390243269
37,2,1,23,2, nucleus ,2521,169,37,47.0,27.0,161.0,228.0,No,4,saccade,0.21107665110046195,-0.0007860557840842932
37,2,1,23,2, nucleus ,2551,172,37,47.0,27.0,161.0,228.0,No,4,sliding,0.1,-0.0037025550366820647
37,2,1,23,2, nucleus ,2604,197,38,47.0,27.0,161.0,228.0,No,4,saccade,0.4720753208753511,0.007020289073119832
37,2,1,23,2, nucleus ,2671,219,42,47.0,27.0,161.0,228.0,No,4,saccade,0.3337414891790731,-0.0020646840551683285
37,2,1,23,2, nucleus ,2702,220,42,47.0,27.0,161.0,228.0,No,4,fixation,0.03225806451612903,-0.009725271763320777
37,2,1,23,3, has ,2754,235,42,47.0,27.0,228.0,262.0,No,4,saccade,0.28846153846153844,0.004926989883565566
37,2,1,23,3, has ,2818,244,42,47.0,27.0,228.0,262.0,No,4,sliding,0.140625,-0.002309945913461538
37,2,1,23,3, has ,2851,247,42,47.0,27.0,228.0,262.0,No,4,fixation,0.09090909090909091,-0.0015065426997245177
37,2,1,23,3, has ,2905,253,40,47.0,27.0,228.0,262.0,No,4,sliding,0.11712139482105109,0.00048541303540667
37,2,1,23,3, has ,2967,256,38,47.0,27.0,228.0,262.0,No,4,fixation,0.05815405283006434,-0.0009510861611449476
37,2,1,23,3, has ,3004,260,37,47.0,27.0,228.0,262.0,No,4,sliding,0.11143528717885569,0.0014400333607781444
37,2,1,23,4, all ,3055,265,36,47.0,27.0,263.0,286.0,No,4,fixation,0.0999807747763291,-0.000224598282402482
37,2,1,23,4, all ,3117,272,36,47.0,27.0,263.0,286.0,No,4,sliding,0.11290322580645161,0.00020842662951810488
37,2,1,23,4, all ,3150,274,35,47.0,27.0,263.0,286.0,No,4,fixation,0.06775963568181181,-0.0013679875795345393
37,2,1,23,4, all ,3211,275,35,47.0,27.0,263.0,286.0,No,4,fixation,0.01639344262295082,-0.0008420687386698522
37,2,1,23,4, all ,3280,275,35,47.0,27.0,263.0,286.0,No,4,fixation,0.0,-0.00023758612497030174
37,2,1,23,4, all ,3298,275,35,47.0,27.0,263.0,286.0,No,4,fixation,0.0,0.0
37,2,1,23,4, all ,3358,275,35,47.0,27.0,263.0,286.0,No,4,fixation,0.0,0.0
37,2,1,23,4, all ,3428,275,35,47.0,27.0,263.0,286.0,No,4,fixation,0.0,0.0
37,2,1,23,4, all ,3446,275,35,47.0,27.0,263.0,286.0,No,4,fixation,0.0,0.0
37,2,1,23,4, all ,3506,275,35,47.0,27.0,263.0,286.0,No,4,fixation,0.0,0.0
37,2,1,23,4, all ,3571,284,35,47.0,27.0,263.0,286.0,No,4,sliding,0.13846153846153847,0.0021301775147928997
37,2,1,23,5, of ,3593,293,34,47.0,27.0,286.0,306.0,No,4,saccade,0.41160841536988263,0.012415767132197462
37,2,1,23,6, its ,3654,309,33,47.0,27.0,306.0,329.0,No,4,saccade,0.2628068777357606,-0.0024393694694118365
37,2,1,23,6, its ,3720,321,30,47.0,27.0,306.0,329.0,No,4,saccade,0.18741389207353001,-0.0011423179645792514
37,2,1,23,7, proton ,3758,333,28,47.0,27.0,329.0,385.0,No,4,saccade,0.32014539633148525,0.0034929343225777697
37,2,1,23,7, proton ,3809,344,27,47.0,27.0,329.0,385.0,No,4,saccade,0.21657570621935807,-0.00203077823749269
37,2,1,23,-1,,3870,357,25,,,,,No,4,saccade,0.21562207275353942,-1.5633335505223654e-05
37,2,1,23,-1,,3897,366,23,,,,,No,4,saccade,0.3414646095293662,0.004660834695400991
37,2,1,23,-1,,3956,394,21,,,,,No,4,saccade,0.4757853846650237,0.002276623307384025
37,2,1,23,-1,,4019,411,21,,,,,No,4,saccade,0.2698412698412698,-0.0032689542035516483
37,2,1,23,-1,,4049,424,22,,,,,No,4,saccade,0.4346134936801766,0.0054924074612968925
37,2,1,23,-1,,4104,435,24,,,,,No,4,saccade,0.20327890704543544,-0.00420608339335893
37,2,1,23,9, or ,4167,438,26,47.0,27.0,436.0,457.0,No,4,fixation,0.057230972626412524,-0.002318221181254332
37,2,1,23,9, or ,4198,439,26,47.0,27.0,436.0,457.0,No,4,fixation,0.03225806451612903,-0.0008055776809768869
37,2,1,23,9, or ,4253,440,32,47.0,27.0,436.0,457.0,No,4,sliding,0.11059568236905853,0.0014243203245987183
37,2,1,23,9, or ,4322,441,39,47.0,27.0,436.0,457.0,No,4,sliding,0.10247924365022429,-0.00011762954664977168
37,2,1,23,9, or ,4355,440,41,47.0,27.0,436.0,457.0,No,4,fixation,0.06775963568181181,-0.0010521093323761356
37,2,1,23,9, or ,4406,438,43,47.0,27.0,436.0,457.0,No,4,fixation,0.0554593553871802,-0.00024118196656140422
37,2,1,23,8, shells ,4473,426,42,47.0,27.0,385.0,436.0,No,4,saccade,0.17972529222078054,0.0018547154751283634
37,2,1,23,8, shells ,4506,420,40,47.0,27.0,385.0,436.0,No,4,saccade,0.19165319152535634,0.00036145149407805456
37,2,1,23,8, shells ,4554,416,38,47.0,27.0,385.0,436.0,No,4,fixation,0.09316949906249124,-0.0020517435929763564
37,2,1,23,8, shells ,4617,414,38,47.0,27.0,385.0,436.0,No,4,fixation,0.031746031746031744,-0.0009749756716898332
37,2,1,23,8, shells ,4649,414,38,47.0,27.0,385.0,436.0,No,4,fixation,0.0,-0.000992063492063492
37,2,1,23,8, shells ,4717,414,38,47.0,27.0,385.0,436.0,No,4,fixation,0.0,0.0
37,2,1,23,8, shells ,4775,431,38,47.0,27.0,385.0,436.0,No,4,saccade,0.29310344827586204,0.005053507728894173
37,2,1,23,9, or ,4795,446,38,47.0,27.0,436.0,457.0,No,4,saccade,0.75,0.022844827586206897
37,2,1,23,10, neutron ,4859,482,39,47.0,27.0,457.0,523.0,No,4,saccade,0.5627169720427846,-0.0029262973118314908
37,2,1,23,10, neutron ,4925,502,39,47.0,27.0,457.0,523.0,No,4,saccade,0.30303030303030304,-0.003934646500189114
37,2,1,23,10, neutron ,4946,505,39,47.0,27.0,457.0,523.0,No,4,sliding,0.14285714285714285,-0.007627293341579057
37,2,1,23,10, neutron ,5005,506,39,47.0,27.0,457.0,523.0,No,4,fixation,0.01694915254237288,-0.0021340337341486434
37,2,1,23,10, neutron ,5076,506,39,47.0,27.0,457.0,523.0,No,4,fixation,0.0,-0.00023872045834328001
37,2,1,23,10, neutron ,5101,506,39,47.0,27.0,457.0,523.0,No,4,fixation,0.0,0.0
37,2,1,23,10, neutron ,5162,506,39,47.0,27.0,457.0,523.0,No,4,fixation,0.0,0.0
37,2,1,23,10, neutron ,5223,506,39,47.0,27.0,457.0,523.0,No,4,fixation,0.0,0.0
37,2,1,23,10, neutron ,5249,506,39,47.0,27.0,457.0,523.0,No,4,fixation,0.0,0.0
37,2,1,23,10, neutron ,5309,509,39,47.0,27.0,457.0,523.0,No,4,fixation,0.05,0.0008333333333333334
37,2,1,23,11, shells ,5374,548,37,47.0,27.0,523.0,574.0,No,4,saccade,0.6007884366082041,0.008473668255510831
37,2,1,23,11, shells ,5408,562,36,47.0,27.0,523.0,574.0,No,4,saccade,0.4128137896358294,-0.005528666087422787
37,2,1,23,12, loaded ,5460,576,35,47.0,27.0,574.0,633.0,No,4,saccade,0.2699167086080423,-0.0027480207889959054
37,2,1,23,12, loaded ,5525,593,33,47.0,27.0,574.0,633.0,No,4,saccade,0.26334219644036444,-0.00010114634104119767
37,2,1,23,12, loaded ,5558,599,32,47.0,27.0,574.0,633.0,No,4,saccade,0.18432613728176422,-0.0023944260351090973
37,2,1,23,12, loaded ,5604,603,31,47.0,27.0,574.0,633.0,No,4,fixation,0.08963273099168827,-0.002058552310653825
37,2,1,23,12, loaded ,5663,612,31,47.0,27.0,574.0,633.0,No,4,saccade,0.15254237288135594,0.0010662651167740284
37,2,1,23,12, loaded ,5708,618,30,47.0,27.0,574.0,633.0,No,4,sliding,0.13517250067329376,-0.0003859971601791597
37,2,1,23,13, to ,5759,633,29,47.0,27.0,633.0,653.0,No,4,saccade,0.2947705172229982,0.0031293728735236163
37,2,1,23,13, to ,5820,647,29,47.0,27.0,633.0,653.0,No,4,saccade,0.22950819672131148,-0.0010698741065850279
37,2,1,23,14, full ,5853,658,30,47.0,27.0,653.0,681.0,No,4,saccade,0.3347079096117352,0.003187870087588597
37,2,1,23,14, full ,5906,673,32,47.0,27.0,653.0,681.0,No,4,saccade,0.28552350849851993,-0.0009280075681738729
37,2,1,23,15," capacity, ",5976,685,34,47.0,27.0,681.0,751.0,No,4,saccade,0.1737932151513777,-0.0015961470478163178
37,2,1,23,15," capacity, ",5999,688,34,47.0,27.0,681.0,751.0,No,4,sliding,0.13043478260869565,-0.0018851492409861757
37,2,1,23,15," capacity, ",6058,699,37,47.0,27.0,681.0,751.0,No,4,saccade,0.19325007205070135,0.0010646659227458593
37,2,1,23,15," capacity, ",6125,708,39,47.0,27.0,681.0,751.0,No,4,sliding,0.13760514115362518,-0.0008305213566727787
37,2,1,23,15," capacity, ",6158,711,39,47.0,27.0,681.0,751.0,No,4,fixation,0.09090909090909091,-0.0014150318255919476
37,2,1,23,15," capacity, ",6203,720,42,47.0,27.0,681.0,751.0,No,4,saccade,0.21081851067789195,0.002664653772640023
37,2,1,23,15," capacity, ",6265,726,45,47.0,27.0,681.0,751.0,No,4,sliding,0.10819683762095757,-0.001655188275111845
37,2,1,23,15," capacity, ",6296,729,45,47.0,27.0,681.0,751.0,No,4,fixation,0.0967741935483871,-0.0003684723894377572
37,2,1,23,15," capacity, ",6358,729,45,47.0,27.0,681.0,751.0,No,4,fixation,0.0,-0.0015608740894901144
37,2,1,23,15," capacity, ",6425,690,44,47.0,27.0,681.0,751.0,No,4,saccade,0.5822808717352584,0.008690759279630722
37,2,1,23,12, loaded ,6445,604,35,47.0,27.0,574.0,633.0,No,4,saccade,4.3234823927015125,0.1870600760483127
37,2,1,23,-1,,6515,211,10,,,,,No,4,saccade,5.625633751146693,0.01860216226350258
37,2,1,23,-1,,6566,109,9,,,,,No,4,saccade,2.0000961145686214,-0.0710889732662367
37,2,1,23,-1,,6598,83,12,,,,,No,4,saccade,0.8178907705189,-0.03694391700155379
37,2,1,23,-1,,6655,49,19,,,,,No,4,saccade,0.6090019283406941,-0.003664716529442209
37,2,1,23,-1,,6722,19,28,,,,,No,4,saccade,0.4674764108467411,-0.0021123211566261646
37,2,1,23,-1,,6744,15,30,,,,,No,4,saccade,0.20327890704543544,-0.012008977445513892
37,2,1,23,-1,,6804,12,31,,,,,No,4,fixation,0.052704627669472995,-0.002509571322932708
37,2,1,23,-1,,6868,12,31,,,,,No,4,fixation,0.0,-0.0008235098073355155
37,2,1,23,-1,,6902,12,31,,,,,No,4,fixation,0.0,0.0
37,2,1,23,-1,,6955,43,42,,,,,No,4,saccade,0.6206371397508877,0.011710134712280901
37,2,1,23,-1,,7022,82,58,,,,,No,4,saccade,0.6291713106972535,0.0001273756857666533
37,2,1,23,-1,,7048,88,59,,,,,No,4,saccade,0.23395240501146997,-0.015200727141760906
37,2,1,23,-1,,7105,95,63,,,,,No,4,sliding,0.1414431183912026,-0.001622969940706445
37,2,1,23,-1,,7164,97,65,,,,,No,4,fixation,0.04793944279230831,-0.0015848080609982085
37,2,1,23,16, the ,7198,97,66,87.0,67.0,94.0,124.0,No,4,fixation,0.029411764705882353,-0.0005449317084242928
37,2,1,23,16, the ,7255,97,67,87.0,67.0,94.0,124.0,No,4,fixation,0.017543859649122806,-0.0002082088606449043
37,2,1,23,16, the ,7321,98,67,87.0,67.0,94.0,124.0,No,4,fixation,0.015151515151515152,-3.624764390314628e-05
37,2,1,23,16, the ,7345,98,68,87.0,67.0,94.0,124.0,No,4,fixation,0.041666666666666664,0.0011047979797979798
37,2,1,23,16, the ,7406,104,78,87.0,67.0,94.0,124.0,No,4,saccade,0.19117875065066559,0.0024510177702294906
37,2,1,23,16, the ,7472,107,82,87.0,67.0,94.0,124.0,No,4,fixation,0.07575757575757576,-0.0017488056801983308
37,2,1,23,16, the ,7495,107,82,87.0,67.0,94.0,124.0,No,4,fixation,0.0,-0.0032938076416337285
37,2,1,23,16, the ,7554,107,83,87.0,67.0,94.0,124.0,No,4,fixation,0.01694915254237288,0.0002872737719046251
37,2,1,23,16, the ,7621,108,83,87.0,67.0,94.0,124.0,No,4,fixation,0.014925373134328358,-3.0205662806634677e-05
37,2,1,23,16, the ,7654,108,84,87.0,67.0,94.0,124.0,No,4,fixation,0.030303030303030304,0.00046598961117278625
37,2,1,23,16, the ,7718,108,84,87.0,67.0,94.0,124.0,No,4,fixation,0.0,-0.0004734848484848485
37,2,1,23,16, the ,7769,108,84,87.0,67.0,94.0,124.0,No,4,fixation,0.0,0.0
37,2,1,23,16, the ,7794,108,84,87.0,67.0,94.0,124.0,No,4,fixation,0.0,0.0
37,2,1,23,16, the ,7863,108,84,87.0,67.0,94.0,124.0,No,4,fixation,0.0,0.0
37,2,1,23,16, the ,7914,108,84,87.0,67.0,94.0,124.0,No,4,fixation,0.0,0.0
37,2,1,23,16, the ,7948,108,84,87.0,67.0,94.0,124.0,No,4,fixation,0.0,0.0
37,2,1,23,17, layers ,8012,128,87,87.0,67.0,124.0,177.0,No,4,saccade,0.3159960690024482,0.004937438578163253
37,2,1,23,17, layers ,8066,152,87,87.0,67.0,124.0,177.0,No,4,saccade,0.4444444444444444,0.0023786736192962263
37,2,1,23,17, layers ,8101,160,87,87.0,67.0,124.0,177.0,No,4,saccade,0.22857142857142856,-0.006167800453514739
37,2,1,23,17, layers ,8157,172,87,87.0,67.0,124.0,177.0,No,4,saccade,0.21428571428571427,-0.0002551020408163266
37,2,1,23,18, can ,8215,183,87,87.0,67.0,177.0,211.0,No,4,saccade,0.1896551724137931,-0.0004246645150331238
37,2,1,23,18, can ,8246,189,87,87.0,67.0,177.0,211.0,No,4,saccade,0.1935483870967742,0.00012558757041874498
37,2,1,23,18, can ,8307,204,86,87.0,67.0,177.0,211.0,No,4,saccade,0.24644748161267063,0.0008671982707524008
37,2,1,23,18, can ,8365,210,86,87.0,67.0,177.0,211.0,No,4,sliding,0.10344827586206896,-0.0024655035474241663
37,2,1,23,19, align ,8397,212,86,87.0,67.0,211.0,254.0,No,4,fixation,0.0625,-0.0012796336206896551
37,2,1,23,19, align ,8457,218,86,87.0,67.0,211.0,254.0,No,4,sliding,0.1,0.0006250000000000001
37,2,1,23,19, align ,8518,230,86,87.0,67.0,211.0,254.0,No,4,saccade,0.19672131147540983,0.0015855952700886858
37,2,1,23,19, align ,8548,241,86,87.0,67.0,211.0,254.0,No,4,saccade,0.36666666666666664,0.005664845173041893
37,2,1,23,20, so ,8607,257,85,87.0,67.0,254.0,278.0,No,4,saccade,0.2717155854556169,-0.0016093403595093174
37,2,1,23,20, so ,8668,262,85,87.0,67.0,254.0,278.0,No,4,fixation,0.08196721311475409,-0.003110629054768243
37,2,1,23,20, so ,8697,262,85,87.0,67.0,254.0,278.0,No,4,fixation,0.0,-0.0028264556246466927
37,2,1,23,20, so ,8755,262,85,87.0,67.0,254.0,278.0,No,4,fixation,0.0,0.0
37,2,1,23,20, so ,8821,262,85,87.0,67.0,254.0,278.0,No,4,fixation,0.0,0.0
37,2,1,23,20, so ,8856,262,85,87.0,67.0,254.0,278.0,No,4,fixation,0.0,0.0
37,2,1,23,20, so ,8915,262,85,87.0,67.0,254.0,278.0,No,4,fixation,0.0,0.0
37,2,1,23,20, so ,8975,273,85,87.0,67.0,254.0,278.0,No,4,saccade,0.18333333333333332,0.0030555555555555553
37,2,1,23,21, well ,8993,284,85,87.0,67.0,279.0,315.0,No,4,saccade,0.6111111111111112,0.023765432098765433
37,2,1,23,21, well ,9060,310,87,87.0,67.0,279.0,315.0,No,4,saccade,0.3892061137434417,-0.0033120148860846187
37,2,1,23,22, that ,9120,323,89,87.0,67.0,315.0,350.0,No,4,saccade,0.21921577396609843,-0.002833172329622388
37,2,1,23,22, that ,9147,329,89,87.0,67.0,315.0,350.0,No,4,saccade,0.2222222222222222,0.00011134993541199199
37,2,1,23,-1,,9206,335,90,,,,,No,4,sliding,0.10309767000505457,-0.002019060207070638
37,2,1,23,-1,,9271,343,90,,,,,No,4,sliding,0.12307692307692308,0.00030737312418259254
37,2,1,23,-1,,9296,347,91,,,,,No,4,saccade,0.1649242250247064,0.0016738920779113332
37,2,1,23,-1,,9354,362,91,,,,,No,4,saccade,0.25862068965517243,0.0016154562867321727
37,2,1,23,-1,,9421,398,91,,,,,No,4,saccade,0.5373134328358209,0.004159593181800723
37,2,1,23,24, shell ,9454,419,89,87.0,67.0,394.0,436.0,No,4,saccade,0.6392431245372421,0.003088778536406703
37,2,1,23,25, can ,9505,444,87,87.0,67.0,436.0,470.0,No,4,saccade,0.4917622040778217,-0.0028917827541062825
37,2,1,23,25, can ,9570,450,86,87.0,67.0,436.0,470.0,No,4,fixation,0.09358096200458799,-0.006125865262665134
37,2,1,23,25, can ,9603,450,86,87.0,67.0,436.0,470.0,No,4,fixation,0.0,-0.002835786727411757
37,2,1,23,25, can ,9653,450,86,87.0,67.0,436.0,470.0,No,4,fixation,0.0,0.0
37,2,1,23,25, can ,9719,450,86,87.0,67.0,436.0,470.0,No,4,fixation,0.0,0.0
37,2,1,23,25, can ,9753,450,86,87.0,67.0,436.0,470.0,No,4,fixation,0.0,0.0
37,2,1,23,25, can ,9803,450,86,87.0,67.0,436.0,470.0,No,4,fixation,0.0,0.0
37,2,1,23,25, can ,9871,458,83,87.0,67.0,436.0,470.0,No,4,sliding,0.1256471139017284,0.0018477516750254174
37,2,1,23,25, can ,9896,465,81,87.0,67.0,436.0,470.0,No,4,saccade,0.29120439557122074,0.0066222912667796945
37,2,1,23,26, spoon ,9954,486,79,87.0,67.0,470.0,524.0,No,4,saccade,0.3637072949953274,0.0012500499900708042
37,2,1,23,26, spoon ,10018,495,78,87.0,67.0,470.0,524.0,No,4,sliding,0.14149039278339715,-0.00347213909706141
37,2,1,23,26, spoon ,10043,503,77,87.0,67.0,470.0,524.0,No,4,saccade,0.32249030993194194,0.0072399966859417915
37,2,1,23,27, intimately ,10104,526,76,87.0,67.0,524.0,605.0,No,4,saccade,0.37740539125315864,0.0009002472347740442
37,2,1,23,27, intimately ,10168,538,76,87.0,67.0,524.0,605.0,No,4,saccade,0.1875,-0.0029672717383306037
37,2,1,23,27, intimately ,10205,565,76,87.0,67.0,524.0,605.0,No,4,saccade,0.7297297297297297,0.014654857560262965
37,2,1,23,27, intimately ,10253,588,79,87.0,67.0,524.0,605.0,No,4,saccade,0.4832255626976334,-0.00513550347983534
37,2,1,23,27, intimately ,10318,597,79,87.0,67.0,524.0,605.0,No,4,sliding,0.13846153846153847,-0.005304061911324537
37,2,1,23,27, intimately ,10352,597,79,87.0,67.0,524.0,605.0,No,4,fixation,0.0,-0.004072398190045249
37,2,1,23,27, intimately ,10404,597,79,87.0,67.0,524.0,605.0,No,4,fixation,0.0,0.0
37,2,1,23,27, intimately ,10473,597,79,87.0,67.0,524.0,605.0,No,4,fixation,0.0,0.0
37,2,1,23,27, intimately ,10508,597,79,87.0,67.0,524.0,605.0,No,4,fixation,0.0,0.0
37,2,1,23,27, intimately ,10561,597,79,87.0,67.0,524.0,605.0,No,4,fixation,0.0,0.0
37,2,1,23,27, intimately ,10625,602,79,87.0,67.0,524.0,605.0,No,4,fixation,0.078125,0.001220703125
37,2,1,23,28, with ,10644,608,79,87.0,67.0,605.0,642.0,No,4,saccade,0.3157894736842105,0.01250865650969529
37,2,1,23,28, with ,10709,639,78,87.0,67.0,605.0,642.0,No,4,saccade,0.4771711513621792,0.002482795041199518
37,2,1,23,29, its ,10775,663,78,87.0,67.0,642.0,665.0,No,4,saccade,0.36363636363636365,-0.0017202240564517506
37,2,1,23,30, attractive ,10793,667,78,87.0,67.0,665.0,738.0,No,4,saccade,0.2222222222222222,-0.007856341189674524
37,2,1,23,30, attractive ,10857,674,78,87.0,67.0,665.0,738.0,No,4,sliding,0.109375,-0.001763237847222222
37,2,1,23,30, attractive ,10924,675,78,87.0,67.0,665.0,738.0,No,4,fixation,0.014925373134328358,-0.0014096959233682335
37,2,1,23,30, attractive ,10943,676,78,87.0,67.0,665.0,738.0,No,4,fixation,0.05263157894736842,0.00198453714805474
37,2,1,23,30, attractive ,11006,680,78,87.0,67.0,665.0,738.0,No,4,fixation,0.06349206349206349,0.0001723886435665884
37,2,1,23,30, attractive ,11064,685,78,87.0,67.0,665.0,738.0,No,4,fixation,0.08620689655172414,0.0003916350527527699
37,2,1,23,30, attractive ,11097,685,78,87.0,67.0,665.0,738.0,No,4,fixation,0.0,-0.002612330198537095
37,2,1,23,30, attractive ,11159,688,79,87.0,67.0,665.0,738.0,No,4,fixation,0.05100447838981257,0.0008226528772550415
37,2,1,23,30, attractive ,11220,692,80,87.0,67.0,665.0,738.0,No,4,fixation,0.06759189550192886,0.00027192487069043094
37,2,1,23,30, attractive ,11244,695,80,87.0,67.0,665.0,738.0,No,4,sliding,0.125,0.0023920043540862977
37,2,1,23,30, attractive ,11304,700,81,87.0,67.0,665.0,738.0,No,4,fixation,0.08498365855987974,-0.0006669390240020042
37,2,1,23,30, attractive ,11364,704,81,87.0,67.0,665.0,738.0,No,4,fixation,0.06666666666666667,-0.00030528319822021796
37,2,1,23,30, attractive ,11402,705,81,87.0,67.0,665.0,738.0,No,4,fixation,0.02631578947368421,-0.001061865189289012
37,2,1,23,30, attractive ,11459,705,81,87.0,67.0,665.0,738.0,No,4,fixation,0.0,-0.0004616805170821791
37,2,1,23,-1,,11525,593,91,,,,,No,4,saccade,1.7037203390146178,0.02581394453052451
37,2,1,23,-1,,11544,506,98,,,,,No,4,saccade,4.593744994532483,0.15210656081672974
37,2,1,23,31," neighbors, ",11605,101,115,127.0,107.0,94.0,183.0,No,4,saccade,6.645190706594422,0.033630257574785875
37,2,1,23,-1,,11665,24,108,,,,,No,4,saccade,1.2886254520051805,-0.08927608757648735
37,2,1,23,-1,,11705,8,107,,,,,No,4,saccade,0.40078048854703496,-0.02219612408645364
37,2,1,23,-1,,11755,5,107,,,,,No,4,fixation,0.06,-0.0068156097709406996
37,2,1,23,-1,,11821,5,107,,,,,No,4,fixation,0.0,-0.0009090909090909091
37,2,1,23,-1,,11845,5,107,,,,,No,4,fixation,0.0,0.0
37,2,1,23,-1,,11906,18,108,,,,,No,4,saccade,0.21374434115418522,0.003504005592691561
37,2,1,23,-1,,11972,70,115,,,,,No,4,saccade,0.794985431657267,0.008806683189440634
37,2,1,23,-1,,12005,82,118,,,,,No,4,saccade,0.37482778414706003,-0.012732049924551726
37,2,1,23,31," neighbors, ",12057,96,123,127.0,107.0,94.0,183.0,No,4,saccade,0.2858859374484328,-0.001710420128819754
37,2,1,23,31," neighbors, ",12116,104,127,127.0,107.0,94.0,183.0,No,4,saccade,0.1515978289830366,-0.002276069635006716
37,2,1,23,31," neighbors, ",12150,105,127,127.0,107.0,94.0,183.0,No,4,fixation,0.029411764705882353,-0.0035937077728574775
37,2,1,23,31," neighbors, ",12205,112,128,127.0,107.0,94.0,183.0,No,4,sliding,0.128564869306645,0.0018027837200138665
37,2,1,23,31," neighbors, ",12266,127,129,127.0,107.0,94.0,183.0,No,4,saccade,0.24644748161267063,0.0019325018410823872
37,2,1,23,31," neighbors, ",12302,135,129,127.0,107.0,94.0,183.0,No,4,saccade,0.2222222222222222,-0.0006729238719569006
37,2,1,23,31," neighbors, ",12355,154,128,127.0,107.0,94.0,183.0,No,4,saccade,0.3589867469894424,0.0025804627314569843
37,2,1,23,32, forming ,12422,184,125,127.0,107.0,183.0,248.0,No,4,saccade,0.44999443079645773,0.0013583236389106768
37,2,1,23,32, forming ,12443,197,124,127.0,107.0,183.0,248.0,No,4,saccade,0.6208764195431095,0.008137237559364368
37,2,1,23,32, forming ,12505,232,124,127.0,107.0,183.0,248.0,No,4,saccade,0.5645161290322581,-0.0009090369437234088
37,2,1,23,32, forming ,12571,242,124,127.0,107.0,183.0,248.0,No,4,saccade,0.15151515151515152,-0.00625759056844101
37,2,1,23,32, forming ,12595,242,124,127.0,107.0,183.0,248.0,No,4,fixation,0.0,-0.006313131313131313
37,2,1,23,32, forming ,12654,242,124,127.0,107.0,183.0,248.0,No,4,fixation,0.0,0.0
37,2,1,23,32, forming ,12720,242,124,127.0,107.0,183.0,248.0,No,4,fixation,0.0,0.0
37,2,1,23,32, forming ,12746,242,124,127.0,107.0,183.0,248.0,No,4,fixation,0.0,0.0
37,2,1,23,32, forming ,12804,242,124,127.0,107.0,183.0,248.0,No,4,fixation,0.0,0.0
37,2,1,23,32, forming ,12870,242,124,127.0,107.0,183.0,248.0,No,4,fixation,0.0,0.0
37,2,1,23,32, forming ,12904,242,124,127.0,107.0,183.0,248.0,No,4,fixation,0.0,0.0
37,2,1,23,32, forming ,12955,245,123,127.0,107.0,183.0,248.0,No,4,fixation,0.06200544431702705,0.0012157930258240599
37,2,1,23,34, more ,13022,285,117,127.0,107.0,263.0,309.0,No,4,saccade,0.6036939825718414,0.008084903556042005
37,2,1,23,34, more ,13055,308,116,127.0,107.0,263.0,309.0,No,4,saccade,0.6976281474679599,0.0028464898453369244
37,2,1,23,35, compact ,13105,331,116,127.0,107.0,310.0,383.0,No,4,saccade,0.46,-0.004752562949359197
37,2,1,23,35, compact ,13170,343,116,127.0,107.0,310.0,383.0,No,4,saccade,0.18461538461538463,-0.004236686390532545
37,2,1,23,35, compact ,13202,343,116,127.0,107.0,310.0,383.0,No,4,fixation,0.0,-0.0057692307692307696
37,2,1,23,35, compact ,13270,343,116,127.0,107.0,310.0,383.0,No,4,fixation,0.0,0.0
37,2,1,23,35, compact ,13321,343,116,127.0,107.0,310.0,383.0,No,4,fixation,0.0,0.0
37,2,1,23,35, compact ,13354,343,116,127.0,107.0,310.0,383.0,No,4,fixation,0.0,0.0
37,2,1,23,35, compact ,13409,348,116,127.0,107.0,310.0,383.0,No,4,fixation,0.09090909090909091,0.001652892561983471
37,2,1,23,36, sphere ,13475,405,115,127.0,107.0,383.0,443.0,No,4,saccade,0.8637692614387409,0.011710002583782575
37,2,1,23,36, sphere ,13509,430,118,127.0,107.0,383.0,443.0,No,4,saccade,0.7405693124714219,-0.0036235279108035
37,2,1,23,36, sphere ,13568,436,119,127.0,107.0,383.0,443.0,No,4,saccade,0.10309767000505457,-0.010804604109599446
37,2,1,23,36, sphere ,13620,436,119,127.0,107.0,383.0,443.0,No,4,fixation,0.0,-0.0019826475000972034
37,2,1,23,36, sphere ,13657,436,119,127.0,107.0,383.0,443.0,No,4,fixation,0.0,0.0
37,2,1,23,36, sphere ,13708,436,119,127.0,107.0,383.0,443.0,No,4,fixation,0.0,0.0
37,2,1,23,36, sphere ,13774,439,119,127.0,107.0,383.0,443.0,No,4,fixation,0.045454545454545456,0.0006887052341597796
37,2,1,23,37, that ,13794,447,120,127.0,107.0,443.0,478.0,No,4,saccade,0.40311288741492746,0.017882917098019098
37,2,1,23,38, fits ,13859,494,123,127.0,107.0,478.0,506.0,No,4,saccade,0.7245484208810226,0.0049451620533245404
37,2,1,23,39, well ,13918,525,123,127.0,107.0,506.0,542.0,No,4,saccade,0.5254237288135594,-0.003374994780804461
37,2,1,23,39, well ,13949,526,123,127.0,107.0,506.0,542.0,No,4,saccade,0.03225806451612903,-0.01590856981604614
37,2,1,23,39, well ,14017,526,123,127.0,107.0,506.0,542.0,No,4,fixation,0.0,-0.0004743833017077799
37,2,1,23,39, well ,14068,526,123,127.0,107.0,506.0,542.0,No,4,fixation,0.0,0.0
37,2,1,23,39, well ,14103,526,123,127.0,107.0,506.0,542.0,No,4,fixation,0.0,0.0
37,2,1,23,39, well ,14157,537,122,127.0,107.0,506.0,542.0,No,4,saccade,0.20454372254050485,0.0037878467137130527
37,2,1,23,40, within ,14224,584,121,127.0,107.0,542.0,593.0,No,4,saccade,0.7016512999130244,0.00741951608018686
37,2,1,23,41, the ,14258,603,121,127.0,107.0,593.0,623.0,No,4,saccade,0.5588235294117647,-0.004200816779448815
37,2,1,23,42, strong ,14307,625,121,127.0,107.0,623.0,678.0,No,4,saccade,0.4489795918367347,-0.0022417130117353065
37,2,1,23,42, strong ,14365,631,121,127.0,107.0,623.0,678.0,No,4,sliding,0.10344827586206896,-0.005957436482321823
37,2,1,23,42, strong ,14397,633,121,127.0,107.0,623.0,678.0,No,4,fixation,0.0625,-0.0012796336206896551
37,2,1,23,42, strong ,14455,636,121,127.0,107.0,623.0,678.0,No,4,fixation,0.05172413793103448,-0.0001857907253269917
37,2,1,23,42, strong ,14515,647,121,127.0,107.0,623.0,678.0,No,4,saccade,0.18333333333333332,0.002193486590038314
37,2,1,23,42, strong ,14545,653,121,127.0,107.0,623.0,678.0,No,4,saccade,0.2,0.0005555555555555563
37,2,1,23,42, strong ,14611,676,118,127.0,107.0,623.0,678.0,No,4,saccade,0.3514367728710061,0.0022944965586516076
37,2,1,23,43, nuclear ,14664,688,116,127.0,107.0,678.0,737.0,No,4,saccade,0.22953820869049885,-0.0022999729090661747
37,2,1,23,43, nuclear ,14695,692,115,127.0,107.0,678.0,737.0,No,4,sliding,0.13300340727798904,-0.0031140258520164455
37,2,1,23,43, nuclear ,14754,696,114,127.0,107.0,678.0,737.0,No,4,fixation,0.0698831461969095,-0.0010698349335776193
37,2,1,23,43, nuclear ,14822,696,114,127.0,107.0,678.0,737.0,No,4,fixation,0.0,-0.0010276933264251396
37,2,1,23,43, nuclear ,14856,696,114,127.0,107.0,678.0,737.0,No,4,fixation,0.0,0.0
37,2,1,23,42, strong ,14904,667,120,127.0,107.0,623.0,678.0,No,4,saccade,0.616962203956702,0.012853379249097957
37,2,1,23,-1,,14971,405,160,,,,,No,4,saccade,3.9557589049568844,0.04983278658209228
37,2,1,23,-1,,14997,289,173,,,,,No,4,saccade,4.489468280741828,0.020527283684036276
37,2,1,23,-1,,15062,232,175,,,,,No,4,saccade,0.8774627219445661,-0.05556931628918864
37,2,1,23,-1,,15114,205,178,,,,,No,4,saccade,0.522426065661774,-0.00682762800543831
37,2,1,23,-1,,15146,183,182,,,,,No,4,saccade,0.6987712429686843,0.0055107867908409484
37,2,1,23,-1,,15205,157,185,,,,,No,4,saccade,0.44360177384075933,-0.004324906256405508
37,2,1,23,-1,,15265,146,185,,,,,No,4,saccade,0.18333333333333332,-0.004337807341790434
37,2,1,23,-1,,15297,135,182,,,,,No,4,saccade,0.3563048203434806,0.0054053589690671025
37,2,1,23,-1,,15356,122,176,,,,,No,4,saccade,0.2426749332758704,-0.001925930289281529
37,2,1,23,-1,,15419,119,176,,,,,No,4,fixation,0.047619047619047616,-0.003096125169155917
37,2,1,23,-1,,15453,117,176,,,,,No,4,fixation,0.058823529411764705,0.0003295435821387379
37,2,1,23,44, force's ,15505,109,169,167.0,147.0,94.0,151.0,No,4,saccade,0.2044258810141279,0.002800045223122369
37,2,1,23,44, force's ,15572,104,161,167.0,147.0,94.0,151.0,No,4,sliding,0.14080568853815825,-0.0009495551115816364
37,2,1,23,44, force's ,15604,104,161,167.0,147.0,94.0,151.0,No,4,fixation,0.0,-0.004400177766817445
37,2,1,23,44, force's ,15654,104,161,167.0,147.0,94.0,151.0,No,4,fixation,0.0,0.0
37,2,1,23,44, force's ,15721,104,161,167.0,147.0,94.0,151.0,No,4,fixation,0.0,0.0
37,2,1,23,44, force's ,15756,106,161,167.0,147.0,94.0,151.0,No,4,fixation,0.05714285714285714,0.0016326530612244896
37,2,1,23,44, force's ,15805,116,161,167.0,147.0,94.0,151.0,No,4,saccade,0.20408163265306123,0.00299875052061641
37,2,1,23,44, force's ,15872,128,161,167.0,147.0,94.0,151.0,No,4,saccade,0.1791044776119403,-0.0003727933588227006
37,2,1,23,44, force's ,15894,131,161,167.0,147.0,94.0,151.0,No,4,sliding,0.13636363636363635,-0.0019427655112865426
37,2,1,23,44, force's ,15955,150,161,167.0,147.0,94.0,151.0,No,4,saccade,0.3114754098360656,0.00287068481102343
37,2,1,23,45, area ,16013,170,161,167.0,147.0,152.0,193.0,No,4,saccade,0.3448275862068966,0.000575037523635017
37,2,1,23,45, area ,16046,180,161,167.0,147.0,152.0,193.0,No,4,saccade,0.30303030303030304,-0.0012665843386846527
37,2,1,23,46, of ,16104,199,160,167.0,147.0,193.0,213.0,No,4,saccade,0.32803961362828354,0.0004311950103100087
37,2,1,23,46, of ,16168,206,159,167.0,147.0,193.0,213.0,No,4,sliding,0.11048543456039805,-0.0033992840479357108
37,2,1,23,47, influence. ,16198,216,158,167.0,147.0,213.0,290.0,No,4,saccade,0.334995854037363,0.007483680649232164
37,2,1,23,47, influence. ,16255,239,158,167.0,147.0,213.0,290.0,No,4,saccade,0.40350877192982454,0.0012019810156572203
37,2,1,23,47, influence. ,16321,288,164,167.0,147.0,213.0,290.0,No,4,saccade,0.7479693967998475,0.00521910037681853
37,2,1,23,-1,,16348,306,172,,,,,No,4,saccade,0.729545022355267,-0.0006823842386881689
37,2,1,24,0, Hybrid ,1453,94,38,47.0,27.0,94.0,151.0,No,1,fixation,0.0,0.0
37,2,1,24,0, Hybrid ,1501,95,38,47.0,27.0,94.0,151.0,No,1,fixation,0.020833333333333332,0.00043402777777777775
37,2,1,24,0, Hybrid ,1549,96,38,47.0,27.0,94.0,151.0,No,1,fixation,0.020833333333333332,0.0
37,2,1,24,0, Hybrid ,1605,96,38,47.0,27.0,94.0,151.0,No,1,fixation,0.0,-0.0003720238095238095
37,2,1,24,0, Hybrid ,1656,97,38,47.0,27.0,94.0,151.0,No,1,fixation,0.0196078431372549,0.00038446751249519417
37,2,1,24,0, Hybrid ,1702,98,37,47.0,27.0,94.0,151.0,No,1,fixation,0.030743773095067286,0.00024208543386548663
37,2,1,24,0, Hybrid ,1757,102,37,47.0,27.0,94.0,151.0,No,1,fixation,0.07272727272727272,0.0007633363569491897
37,2,1,24,0, Hybrid ,1800,109,38,47.0,27.0,94.0,151.0,No,1,saccade,0.16444343748524362,0.0021329340641388582
37,2,1,24,0, Hybrid ,1860,128,48,47.0,27.0,94.0,151.0,No,1,saccade,0.35784850922639816,0.0032234178623525758
37,2,1,24,-1,,1906,132,50,,,,,No,1,fixation,0.09722034684781695,-0.005665829616925679
37,2,1,24,-1,,1945,133,50,,,,,No,1,fixation,0.02564102564102564,-0.0018353672104305463
37,2,1,24,-1,,1995,133,50,,,,,No,1,fixation,0.0,-0.0005128205128205128
37,2,1,24,-1,,2051,133,50,,,,,No,1,fixation,0.0,0.0
37,2,1,24,0, Hybrid ,2103,135,49,47.0,27.0,94.0,151.0,No,1,fixation,0.04300130725961134,0.0008269482165309874
37,2,1,24,0, Hybrid ,2153,140,39,47.0,27.0,94.0,151.0,No,1,saccade,0.223606797749979,0.0036121098098073528
37,2,1,24,0, Hybrid ,2199,142,36,47.0,27.0,94.0,151.0,No,1,fixation,0.07838154946660846,-0.0031570706148558807
37,2,1,24,0, Hybrid ,2251,142,36,47.0,27.0,94.0,151.0,No,1,fixation,0.0,-0.0015073374897424702
37,2,1,24,0, Hybrid ,2295,142,35,47.0,27.0,94.0,151.0,No,1,fixation,0.022727272727272728,0.0005165289256198347
37,2,1,24,0, Hybrid ,2352,146,34,47.0,27.0,94.0,151.0,No,1,fixation,0.07233518641434493,0.000870314275211793
37,2,1,24,1, vehicles ,2403,152,34,47.0,27.0,151.0,221.0,No,1,sliding,0.11764705882352941,0.0008884680864545977
37,2,1,24,1, vehicles ,2451,156,34,47.0,27.0,151.0,221.0,No,1,fixation,0.08333333333333333,-0.0007148692810457517
37,2,1,24,1, vehicles ,2502,159,34,47.0,27.0,151.0,221.0,No,1,fixation,0.058823529411764705,-0.0004805843906189926
37,2,1,24,1, vehicles ,2552,160,34,47.0,27.0,151.0,221.0,No,1,fixation,0.02,-0.000776470588235294
37,2,1,24,1, vehicles ,2597,161,34,47.0,27.0,151.0,221.0,No,1,fixation,0.022222222222222223,4.938271604938273e-05
37,2,1,24,1, vehicles ,2652,164,34,47.0,27.0,151.0,221.0,No,1,fixation,0.05454545454545454,0.0005876951331496786
37,2,1,24,1, vehicles ,2701,166,34,47.0,27.0,151.0,221.0,No,1,fixation,0.04081632653061224,-0.00028018628601718984
37,2,1,24,1, vehicles ,2750,172,34,47.0,27.0,151.0,221.0,No,1,sliding,0.12244897959183673,0.001665972511453561
37,2,1,24,1, vehicles ,2801,178,34,47.0,27.0,151.0,221.0,No,1,sliding,0.11764705882352941,-9.415530918249651e-05
37,2,1,24,1, vehicles ,2851,185,34,47.0,27.0,151.0,221.0,No,1,sliding,0.14,0.00044705882352941205
37,2,1,24,1, vehicles ,2901,191,36,47.0,27.0,151.0,221.0,No,1,sliding,0.1264911064067352,-0.0002701778718652964
37,2,1,24,1, vehicles ,2951,197,38,47.0,27.0,151.0,221.0,No,1,sliding,0.1264911064067352,0.0
37,2,1,24,1, vehicles ,3008,203,40,47.0,27.0,151.0,221.0,No,1,sliding,0.11095711088310103,-0.00027252623725673963
37,2,1,24,1, vehicles ,3067,208,40,47.0,27.0,151.0,221.0,No,1,fixation,0.0847457627118644,-0.00044426013849553614
37,2,1,24,1, vehicles ,3105,210,40,47.0,27.0,151.0,221.0,No,1,fixation,0.05263157894736842,-0.0008451100990656838
37,2,1,24,1, vehicles ,3159,216,40,47.0,27.0,151.0,221.0,No,1,sliding,0.1111111111111111,0.0010829542993285683
37,2,1,24,2, have ,3222,226,40,47.0,27.0,221.0,265.0,No,1,saccade,0.15873015873015872,0.0007558578987150415
37,2,1,24,2, have ,3256,229,40,47.0,27.0,221.0,265.0,No,1,fixation,0.08823529411764706,-0.0020733783709562252
37,2,1,24,2, have ,3309,237,40,47.0,27.0,221.0,265.0,No,1,saccade,0.1509433962264151,0.0011831717379012835
37,2,1,24,2, have ,3371,248,41,47.0,27.0,221.0,265.0,No,1,saccade,0.17815098414818162,0.0004388320632542989
37,2,1,24,2, have ,3405,253,42,47.0,27.0,221.0,265.0,No,1,sliding,0.14997116216449366,-0.0008288182936378811
37,2,1,24,2, have ,3459,258,43,47.0,27.0,221.0,265.0,No,1,fixation,0.09442628728875527,-0.0010286087939951555
37,2,1,24,2, have ,3526,260,43,47.0,27.0,221.0,265.0,No,1,fixation,0.029850746268656716,-0.0009638140450760977
37,2,1,24,2, have ,3558,260,43,47.0,27.0,221.0,265.0,No,1,fixation,0.0,-0.0009328358208955224
37,2,1,24,2, have ,3617,260,43,47.0,27.0,221.0,265.0,No,1,fixation,0.0,0.0
37,2,1,24,2, have ,3670,260,43,47.0,27.0,221.0,265.0,No,1,fixation,0.0,0.0
37,2,1,24,2, have ,3704,260,43,47.0,27.0,221.0,265.0,No,1,fixation,0.0,0.0
37,2,1,24,2, have ,3772,260,43,47.0,27.0,221.0,265.0,No,1,fixation,0.0,0.0
37,2,1,24,2, have ,3823,263,43,47.0,27.0,221.0,265.0,No,1,fixation,0.058823529411764705,0.0011534025374855825
37,2,1,24,3, a ,3854,271,43,47.0,27.0,265.0,280.0,No,1,saccade,0.25806451612903225,0.006427128603782824
37,2,1,24,4, halo ,3907,286,44,47.0,27.0,280.0,319.0,No,1,saccade,0.2836471014787341,0.00048269028961701643
37,2,1,24,4, halo ,3972,304,46,47.0,27.0,280.0,319.0,No,1,saccade,0.27862723501961284,-7.722871475571201e-05
37,2,1,24,4, halo ,4004,310,46,47.0,27.0,280.0,319.0,No,1,saccade,0.1875,-0.0028477260943629013
37,2,1,24,4, halo ,4072,318,43,47.0,27.0,280.0,319.0,No,1,sliding,0.1256471139017284,-0.000909601266151053
37,2,1,24,5, that ,4121,329,40,47.0,27.0,320.0,355.0,No,1,saccade,0.2326888622651302,0.0021845254768041184
37,2,1,24,5, that ,4154,333,39,47.0,27.0,320.0,355.0,No,1,sliding,0.12494259471568668,-0.0032650384105891972
37,2,1,24,5, that ,4215,338,38,47.0,27.0,320.0,355.0,No,1,fixation,0.08359048382938991,-0.0006779034571524061
37,2,1,24,5, that ,4268,344,37,47.0,27.0,320.0,355.0,No,1,sliding,0.11476910434524942,0.0005882758587898022
37,2,1,24,5, that ,4299,347,36,47.0,27.0,320.0,355.0,No,1,sliding,0.10200895677962514,-0.00041161766340723493
37,2,1,24,5, that ,4363,353,36,47.0,27.0,320.0,355.0,No,1,fixation,0.09375,-0.00012904619968164281
37,2,1,24,6, makes ,4420,372,36,47.0,27.0,355.0,413.0,No,1,saccade,0.3333333333333333,0.004203216374269006
37,2,1,24,6, makes ,4453,382,38,47.0,27.0,355.0,413.0,No,1,saccade,0.30903148567229,-0.0007364196260922218
37,2,1,24,6, makes ,4520,389,39,47.0,27.0,355.0,413.0,No,1,sliding,0.10553832555023097,-0.003037211345105359
37,2,1,24,6, makes ,4570,393,39,47.0,27.0,355.0,413.0,No,1,fixation,0.08,-0.0005107665110046194
37,2,1,24,6, makes ,4597,396,39,47.0,27.0,355.0,413.0,No,1,sliding,0.1111111111111111,0.0011522633744855963
37,2,1,24,6, makes ,4657,406,38,47.0,27.0,355.0,413.0,No,1,saccade,0.1674979270186815,0.0009397802651261732
37,2,1,24,7, owners ,4720,413,38,47.0,27.0,413.0,476.0,No,1,sliding,0.1111111111111111,-0.0008950288239296887
37,2,1,24,7, owners ,4754,416,37,47.0,27.0,413.0,476.0,No,1,fixation,0.09300816647554057,-0.0005324395481050158
37,2,1,24,7, owners ,4811,419,37,47.0,27.0,413.0,476.0,No,1,fixation,0.05263157894736842,-0.0007083611847047746
37,2,1,24,7, owners ,4877,419,37,47.0,27.0,413.0,476.0,No,1,fixation,0.0,-0.0007974481658692185
37,2,1,24,7, owners ,4912,419,37,47.0,27.0,413.0,476.0,No,1,fixation,0.0,0.0
37,2,1,24,7, owners ,4964,419,37,47.0,27.0,413.0,476.0,No,1,fixation,0.0,0.0
37,2,1,24,7, owners ,5026,419,37,47.0,27.0,413.0,476.0,No,1,fixation,0.0,0.0
37,2,1,24,7, owners ,5052,419,37,47.0,27.0,413.0,476.0,No,1,fixation,0.0,0.0
37,2,1,24,7, owners ,5123,419,37,47.0,27.0,413.0,476.0,No,1,fixation,0.0,0.0
37,2,1,24,7, owners ,5174,419,37,47.0,27.0,413.0,476.0,No,1,fixation,0.0,0.0
37,2,1,24,7, owners ,5199,420,37,47.0,27.0,413.0,476.0,No,1,fixation,0.04,0.0016
37,2,1,24,7, owners ,5257,430,37,47.0,27.0,413.0,476.0,No,1,saccade,0.1724137931034483,0.0022829964328180737
37,2,1,24,7, owners ,5321,442,36,47.0,27.0,413.0,476.0,No,1,saccade,0.18814991529362962,0.00024587690922158335
37,2,1,24,7, owners ,5355,447,37,47.0,27.0,413.0,476.0,No,1,sliding,0.14997116216449366,-0.0011229045037981166
37,2,1,24,7, owners ,5408,454,37,47.0,27.0,413.0,476.0,No,1,sliding,0.1320754716981132,-0.000337654537101518
37,2,1,24,7, owners ,5471,460,39,47.0,27.0,413.0,476.0,No,1,sliding,0.10038976698947237,-0.0005029476937879497
37,2,1,24,7, owners ,5505,462,39,47.0,27.0,413.0,476.0,No,1,fixation,0.058823529411764705,-0.0012225363993443432
37,2,1,24,7, owners ,5565,467,40,47.0,27.0,413.0,476.0,No,1,fixation,0.08498365855987974,0.000436002152468584
37,2,1,24,7, owners ,5620,474,41,47.0,27.0,413.0,476.0,No,1,sliding,0.128564869306645,0.0007923856499411868
37,2,1,24,8, feel ,5655,479,41,47.0,27.0,476.0,510.0,No,1,sliding,0.14285714285714285,0.00040835067287136673
37,2,1,24,8, feel ,5721,488,42,47.0,27.0,476.0,510.0,No,1,sliding,0.1372028051232942,-8.567178384619178e-05
37,2,1,24,8, feel ,5772,500,42,47.0,27.0,476.0,510.0,No,1,saccade,0.23529411764705882,0.001923359069093424
37,2,1,24,8, feel ,5804,505,42,47.0,27.0,476.0,510.0,No,1,saccade,0.15625,-0.002470128676470588
37,2,1,24,9, righteous ,5871,520,42,47.0,27.0,510.0,589.0,No,1,saccade,0.22388059701492538,0.001009411895745155
37,2,1,24,9, righteous ,5920,532,41,47.0,27.0,510.0,589.0,No,1,saccade,0.24574682813861828,0.0004462496147692429
37,2,1,24,9, righteous ,5955,537,40,47.0,27.0,510.0,589.0,No,1,sliding,0.1456862718169367,-0.002858873037762331
37,2,1,24,9, righteous ,6010,546,39,47.0,27.0,510.0,589.0,No,1,saccade,0.16464336614795305,0.00034467444238211564
37,2,1,24,9, righteous ,6069,553,39,47.0,27.0,510.0,589.0,No,1,sliding,0.11864406779661017,-0.0007796491245990318
37,2,1,24,9, righteous ,6099,561,39,47.0,27.0,510.0,589.0,No,1,saccade,0.26666666666666666,0.0049340866290018826
37,2,1,24,9, righteous ,6162,568,38,47.0,27.0,510.0,589.0,No,1,sliding,0.11223917161691231,-0.0024512300801548307
37,2,1,24,9, righteous ,6225,574,38,47.0,27.0,510.0,589.0,No,1,fixation,0.09523809523809523,-0.0002698583552193187
37,2,1,24,9, righteous ,6263,574,38,47.0,27.0,510.0,589.0,No,1,fixation,0.0,-0.002506265664160401
37,2,1,24,9, righteous ,6314,574,38,47.0,27.0,510.0,589.0,No,1,fixation,0.0,0.0
37,2,1,24,9, righteous ,6370,574,38,47.0,27.0,510.0,589.0,No,1,fixation,0.0,0.0
37,2,1,24,9, righteous ,6403,574,38,47.0,27.0,510.0,589.0,No,1,fixation,0.0,0.0
37,2,1,24,9, righteous ,6472,574,38,47.0,27.0,510.0,589.0,No,1,fixation,0.0,0.0
37,2,1,24,9, righteous ,6524,574,38,47.0,27.0,510.0,589.0,No,1,fixation,0.0,0.0
37,2,1,24,9, righteous ,6550,574,38,47.0,27.0,510.0,589.0,No,1,fixation,0.0,0.0
37,2,1,24,10, and ,6615,592,38,47.0,27.0,589.0,624.0,No,1,saccade,0.27692307692307694,0.0042603550295857995
37,2,1,24,11, their ,6668,631,38,47.0,27.0,624.0,664.0,No,1,saccade,0.7358490566037735,0.008658980748692388
37,2,1,24,11, their ,6699,650,38,47.0,27.0,624.0,664.0,No,1,saccade,0.6129032258064516,-0.003965994541849094
37,2,1,24,12, neighbors ,6766,671,38,47.0,27.0,664.0,743.0,No,1,saccade,0.31343283582089554,-0.004469707313217255
37,2,1,24,12, neighbors ,6817,680,39,47.0,27.0,664.0,743.0,No,1,saccade,0.17755657133602779,-0.002664240480095446
37,2,1,24,12, neighbors ,6850,696,40,47.0,27.0,664.0,743.0,No,1,saccade,0.48579453157216357,0.009340544249579873
37,2,1,24,12, neighbors ,6915,720,43,47.0,27.0,664.0,743.0,No,1,saccade,0.3721042037676253,-0.0017490819662236653
37,2,1,24,12, neighbors ,6980,727,44,47.0,27.0,664.0,743.0,No,1,sliding,0.10878565864408424,-0.00405105454036217
37,2,1,24,12, neighbors ,7005,727,44,47.0,27.0,664.0,743.0,No,1,fixation,0.0,-0.00435142634576337
37,2,1,24,12, neighbors ,7073,728,44,47.0,27.0,664.0,743.0,No,1,fixation,0.014705882352941176,0.00021626297577854672
37,2,1,24,12, neighbors ,7124,728,44,47.0,27.0,664.0,743.0,No,1,fixation,0.0,-0.0002883506343713956
37,2,1,24,12, neighbors ,7159,728,44,47.0,27.0,664.0,743.0,No,1,fixation,0.0,0.0
37,2,1,24,12, neighbors ,7208,689,36,47.0,27.0,664.0,743.0,No,1,saccade,0.8124909892814033,0.016581448760844966
37,2,1,24,-1,,7269,326,18,,,,,No,1,saccade,5.958131262199367,0.08435475857242564
37,2,1,24,-1,,7300,238,20,,,,,No,1,saccade,2.839442720601985,-0.1006028561805607
37,2,1,24,1, vehicles ,7357,187,27,47.0,27.0,151.0,221.0,No,1,saccade,0.903125450963772,-0.0339704784147055
37,2,1,24,1, vehicles ,7418,165,31,47.0,27.0,151.0,221.0,No,1,saccade,0.3665685209016049,-0.008796015246920773
37,2,1,24,1, vehicles ,7450,159,33,47.0,27.0,151.0,221.0,No,1,saccade,0.19764235376052372,-0.005278942723158787
37,2,1,24,1, vehicles ,7516,152,35,47.0,27.0,151.0,221.0,No,1,sliding,0.11030469529212907,-0.0013232978555817372
37,2,1,24,0, Hybrid ,7567,142,40,47.0,27.0,94.0,151.0,No,1,saccade,0.21922235073527352,0.002135640302806754
37,2,1,24,0, Hybrid ,7599,136,44,47.0,27.0,94.0,151.0,No,1,saccade,0.22534695471649932,0.0001913938744133063
37,2,1,24,-1,,7659,126,51,,,,,No,1,saccade,0.2034425935955617,-0.00036507268534896056
37,2,1,24,-1,,7717,124,52,,,,,No,1,fixation,0.03855289616378948,-0.002842925817789176
37,2,1,24,-1,,7749,124,52,,,,,No,1,fixation,0.0,-0.0012047780051184212
37,2,1,24,-1,,7813,125,53,,,,,No,1,fixation,0.02209708691207961,0.00034526698300124393
37,2,1,24,-1,,7867,127,57,,,,,No,1,fixation,0.08281733249999222,0.0011244489923687522
37,2,1,24,-1,,7900,128,60,,,,,No,1,fixation,0.09582659576267817,0.0003942200988692712
37,2,1,24,13, feel ,7967,122,73,87.0,67.0,94.0,128.0,No,1,saccade,0.21369882183994557,0.0017592869563771254
37,2,1,24,13, feel ,8018,115,80,87.0,67.0,94.0,128.0,No,1,saccade,0.1941077438551307,-0.0003841387840159781
37,2,1,24,13, feel ,8051,111,81,87.0,67.0,94.0,128.0,No,1,sliding,0.12494259471568668,-0.002095913610286182
37,2,1,24,13, feel ,8111,108,82,87.0,67.0,94.0,128.0,No,1,fixation,0.052704627669472995,-0.0012039661174368947
37,2,1,24,13, feel ,8169,108,83,87.0,67.0,94.0,128.0,No,1,fixation,0.017241379310344827,-0.0006114353165366925
37,2,1,24,13, feel ,8201,108,83,87.0,67.0,94.0,128.0,No,1,fixation,0.0,-0.0005387931034482759
37,2,1,24,13, feel ,8258,108,83,87.0,67.0,94.0,128.0,No,1,fixation,0.0,0.0
37,2,1,24,13, feel ,8330,108,83,87.0,67.0,94.0,128.0,No,1,fixation,0.0,0.0
37,2,1,24,13, feel ,8348,108,83,87.0,67.0,94.0,128.0,No,1,fixation,0.0,0.0
37,2,1,24,13, feel ,8411,108,83,87.0,67.0,94.0,128.0,No,1,fixation,0.0,0.0
37,2,1,24,13, feel ,8467,109,83,87.0,67.0,94.0,128.0,No,1,fixation,0.017857142857142856,0.00031887755102040814
37,2,1,24,13, feel ,8501,111,83,87.0,67.0,94.0,128.0,No,1,fixation,0.058823529411764705,0.0012048937221947602
37,2,1,24,13, feel ,8560,124,82,87.0,67.0,94.0,128.0,No,1,saccade,0.22098991204076776,0.0027485827564237807
37,2,1,24,14, guilty ,8620,132,83,87.0,67.0,128.0,175.0,No,1,sliding,0.13437096247164249,-0.0014436491594854212
37,2,1,24,14, guilty ,8648,133,83,87.0,67.0,128.0,175.0,No,1,fixation,0.03571428571428571,-0.0035234527413341705
37,2,1,24,14, guilty ,8710,134,83,87.0,67.0,128.0,175.0,No,1,fixation,0.016129032258064516,-0.00031589118477776124
37,2,1,24,14, guilty ,8769,137,83,87.0,67.0,128.0,175.0,No,1,fixation,0.05084745762711865,0.0005884478876110869
37,2,1,24,14, guilty ,8808,142,81,87.0,67.0,128.0,175.0,No,1,sliding,0.13808114890088471,0.0022367613147119504
37,2,1,24,14, guilty ,8865,148,78,87.0,67.0,128.0,175.0,No,1,sliding,0.11768778828946262,-0.00035777825634073846
37,2,1,24,14, guilty ,8917,157,74,87.0,67.0,128.0,175.0,No,1,saccade,0.189401111573002,0.0013791023708372954
37,2,1,24,14, guilty ,8950,159,73,87.0,67.0,128.0,175.0,No,1,fixation,0.06775963568181181,-0.003686105330036066
37,2,1,24,14, guilty ,9007,164,73,87.0,67.0,128.0,175.0,No,1,fixation,0.08771929824561403,0.00035016951866319676
37,2,1,24,14, guilty ,9068,169,72,87.0,67.0,128.0,175.0,No,1,fixation,0.08359048382938991,-6.768548223318229e-05
37,2,1,24,14, guilty ,9100,172,71,87.0,67.0,128.0,175.0,No,1,fixation,0.09882117688026186,0.0004759591578397484
37,2,1,24,15, for ,9167,179,71,87.0,67.0,175.0,201.0,No,1,sliding,0.1044776119402985,8.442440388114393e-05
37,2,1,24,15, for ,9217,184,71,87.0,67.0,175.0,201.0,No,1,sliding,0.1,-8.955223880596997e-05
37,2,1,24,15, for ,9249,188,71,87.0,67.0,175.0,201.0,No,1,sliding,0.125,0.0007812499999999998
37,2,1,24,15, for ,9316,200,72,87.0,67.0,175.0,201.0,No,1,saccade,0.17972529222078054,0.0008167954062803066
37,2,1,24,16, not ,9368,218,74,87.0,67.0,201.0,231.0,No,1,saccade,0.34828404377451605,0.003241514452956452
37,2,1,24,16, not ,9399,229,75,87.0,67.0,201.0,231.0,No,1,saccade,0.35630196829636324,0.00025864272651119957
37,2,1,24,17, doing ,9457,241,76,87.0,67.0,231.0,280.0,No,1,saccade,0.20761369963434992,-0.0025635908390002297
37,2,1,24,17, doing ,9520,253,77,87.0,67.0,231.0,280.0,No,1,saccade,0.191136421885592,-0.00026154409125012584
37,2,1,24,17, doing ,9549,257,77,87.0,67.0,231.0,280.0,No,1,sliding,0.13793103448275862,-0.0018346685311321851
37,2,1,24,17, doing ,9617,270,77,87.0,67.0,231.0,280.0,No,1,saccade,0.19117647058823528,0.0007830211191981862
37,2,1,24,17, doing ,9673,279,77,87.0,67.0,231.0,280.0,No,1,saccade,0.16071428571428573,-0.0005439675870348135
37,2,1,24,18, as ,9700,285,77,87.0,67.0,281.0,305.0,No,1,saccade,0.2222222222222222,0.0022780717225161663
37,2,1,24,18, as ,9759,294,76,87.0,67.0,281.0,305.0,No,1,saccade,0.15348110403622742,-0.0011651036980677083
37,2,1,24,19, much ,9824,309,75,87.0,67.0,305.0,354.0,No,1,saccade,0.23128148274419857,0.0011969289031995563
37,2,1,24,19, much ,9849,314,75,87.0,67.0,305.0,354.0,No,1,saccade,0.2,-0.0012512593097679424
37,2,1,24,19, much ,9910,317,75,87.0,67.0,305.0,354.0,No,1,fixation,0.04918032786885246,-0.002472453641494222
37,2,1,24,19, much ,9967,321,75,87.0,67.0,305.0,354.0,No,1,fixation,0.07017543859649122,0.00036833527592348715
37,2,1,24,19, much ,9997,322,75,87.0,67.0,305.0,354.0,No,1,fixation,0.03333333333333333,-0.0012280701754385963
37,2,1,24,19, much ,10059,324,75,87.0,67.0,305.0,354.0,No,1,fixation,0.03225806451612903,-1.7343045438779058e-05
37,2,1,24,19, much ,10120,326,75,87.0,67.0,305.0,354.0,No,1,fixation,0.03278688524590164,8.669192291354258e-06
37,2,1,24,19, much ,10148,326,75,87.0,67.0,305.0,354.0,No,1,fixation,0.0,-0.00117096018735363
37,2,1,24,19, much ,10211,326,75,87.0,67.0,305.0,354.0,No,1,fixation,0.0,0.0
37,2,1,24,19, much ,10274,326,75,87.0,67.0,305.0,354.0,No,1,fixation,0.0,0.0
37,2,1,24,19, much ,10311,326,75,87.0,67.0,305.0,354.0,No,1,fixation,0.0,0.0
37,2,1,24,19, much ,10364,326,75,87.0,67.0,305.0,354.0,No,1,fixation,0.0,0.0
37,2,1,24,19, much ,10421,334,76,87.0,67.0,305.0,354.0,No,1,sliding,0.1414431183912026,0.0024814582173895193
37,2,1,24,19, much ,10453,349,76,87.0,67.0,305.0,354.0,No,1,saccade,0.46875,0.010228340050274919
37,2,1,24,21, save ,10522,387,77,87.0,67.0,374.0,417.0,No,1,saccade,0.550915298804296,0.001190801431946319
37,2,1,24,21, save ,10572,404,80,87.0,67.0,374.0,417.0,No,1,saccade,0.34525353003264136,-0.004113235375433093
37,2,1,24,21, save ,10604,409,80,87.0,67.0,374.0,417.0,No,1,saccade,0.15625,-0.005906360313520043
37,2,1,24,22, the ,10671,427,80,87.0,67.0,417.0,447.0,No,1,saccade,0.26865671641791045,0.001677712185341947
37,2,1,24,22, the ,10721,433,80,87.0,67.0,417.0,447.0,No,1,sliding,0.12,-0.0029731343283582092
37,2,1,24,22, the ,10749,435,80,87.0,67.0,417.0,447.0,No,1,fixation,0.07142857142857142,-0.0017346938775510204
37,2,1,24,22, the ,10811,441,79,87.0,67.0,417.0,447.0,No,1,fixation,0.09810907306932612,0.00043033067162507574
37,2,1,24,23, planet. ,10871,448,79,87.0,67.0,447.0,506.0,No,1,sliding,0.11666666666666667,0.0003092932266223425
37,2,1,24,23, planet. ,10903,450,79,87.0,67.0,447.0,506.0,No,1,fixation,0.0625,-0.0016927083333333334
37,2,1,24,23, planet. ,10970,458,79,87.0,67.0,447.0,506.0,No,1,sliding,0.11940298507462686,0.0008492982846959234
37,2,1,24,23, planet. ,11021,464,79,87.0,67.0,447.0,506.0,No,1,sliding,0.11764705882352941,-3.442992649210693e-05
37,2,1,24,23, planet. ,11048,467,79,87.0,67.0,447.0,506.0,No,1,sliding,0.1111111111111111,-0.00024207213749697428
37,2,1,24,23, planet. ,11107,471,79,87.0,67.0,447.0,506.0,No,1,fixation,0.06779661016949153,-0.000734144083756264
37,2,1,24,23, planet. ,11180,471,79,87.0,67.0,447.0,506.0,No,1,fixation,0.0,-0.0009287206872533086
37,2,1,24,23, planet. ,11206,471,79,87.0,67.0,447.0,506.0,No,1,fixation,0.0,0.0
37,2,1,24,23, planet. ,11265,471,79,87.0,67.0,447.0,506.0,No,1,fixation,0.0,0.0
37,2,1,24,23, planet. ,11333,471,79,87.0,67.0,447.0,506.0,No,1,fixation,0.0,0.0
37,2,1,24,23, planet. ,11350,471,79,87.0,67.0,447.0,506.0,No,1,fixation,0.0,0.0
37,2,1,24,5, that ,11407,343,44,47.0,27.0,320.0,355.0,No,1,saccade,2.3280510053547787,0.04084300009394349
37,2,1,24,-1,,11650,54,-1,,,,,No,1,saccade,1.2036315971508795,-0.004627240362979009
37,2,1,24,-1,,11713,55,5,,,,,No,1,saccade,0.09655178619520983,-0.017572695411994757
37,2,1,24,-1,,11767,77,17,,,,,No,1,saccade,0.46407274393117287,0.006805943661777093
37,2,1,24,-1,,11800,91,24,,,,,No,1,saccade,0.4743174497726827,0.00031044563156090385
37,2,1,24,0, Hybrid ,11865,115,36,47.0,27.0,94.0,151.0,No,1,saccade,0.4128125496922689,-0.0009462292320063664
37,2,1,24,0, Hybrid ,11918,124,40,47.0,27.0,94.0,151.0,No,1,saccade,0.18582750569426612,-0.0042827366792075995
37,2,1,24,0, Hybrid ,11949,125,40,47.0,27.0,94.0,151.0,No,1,fixation,0.03225806451612903,-0.004953852941230229
37,2,1,24,0, Hybrid ,12015,126,40,47.0,27.0,94.0,151.0,No,1,fixation,0.015151515151515152,-0.0002591901418880891
37,2,1,24,0, Hybrid ,12067,126,40,47.0,27.0,94.0,151.0,No,1,fixation,0.0,-0.0002913752913752914
37,2,1,24,0, Hybrid ,12099,126,40,47.0,27.0,94.0,151.0,No,1,fixation,0.0,0.0
37,2,1,24,0, Hybrid ,12167,135,39,47.0,27.0,94.0,151.0,No,1,sliding,0.13316742850202085,0.0019583445367944243
37,2,1,24,1, vehicles ,12219,154,36,47.0,27.0,151.0,221.0,No,1,saccade,0.36991123195521813,0.004552765451023025
37,2,1,24,1, vehicles ,12250,164,34,47.0,27.0,151.0,221.0,No,1,saccade,0.32896900087695385,-0.0013207171315569122
37,2,1,24,1, vehicles ,12313,185,33,47.0,27.0,151.0,221.0,No,1,saccade,0.3337110482798197,7.527059369628291e-05
37,2,1,24,1, vehicles ,12371,213,30,47.0,27.0,151.0,221.0,No,1,saccade,0.4855216496665077,0.0026174241618394482
37,2,1,24,2, have ,12403,227,30,47.0,27.0,221.0,265.0,No,1,saccade,0.4375,-0.001500676552078365
37,2,1,24,2, have ,12457,245,29,47.0,27.0,221.0,265.0,No,1,saccade,0.33384734032073976,-0.0019194936977640785
37,2,1,24,2, have ,12522,249,29,47.0,27.0,221.0,265.0,No,1,fixation,0.06153846153846154,-0.004189367365881203
37,2,1,24,2, have ,12555,249,29,47.0,27.0,221.0,265.0,No,1,fixation,0.0,-0.0018648018648018648
37,2,1,24,2, have ,12607,249,29,47.0,27.0,221.0,265.0,No,1,fixation,0.0,0.0
37,2,1,24,2, have ,12677,249,29,47.0,27.0,221.0,265.0,No,1,fixation,0.0,0.0
37,2,1,24,2, have ,12703,249,29,47.0,27.0,221.0,265.0,No,1,fixation,0.0,0.0
37,2,1,24,2, have ,12763,249,29,47.0,27.0,221.0,265.0,No,1,fixation,0.0,0.0
37,2,1,24,2, have ,12832,249,29,47.0,27.0,221.0,265.0,No,1,fixation,0.0,0.0
37,2,1,24,2, have ,12850,249,29,47.0,27.0,221.0,265.0,No,1,fixation,0.0,0.0
37,2,1,24,2, have ,12920,249,29,47.0,27.0,221.0,265.0,No,1,fixation,0.0,0.0
37,2,1,24,2, have ,12972,249,29,47.0,27.0,221.0,265.0,No,1,fixation,0.0,0.0
37,2,1,24,2, have ,13000,249,29,47.0,27.0,221.0,265.0,No,1,fixation,0.0,0.0
37,2,1,24,2, have ,13067,249,29,47.0,27.0,221.0,265.0,No,1,fixation,0.0,0.0
37,2,1,24,2, have ,13120,249,29,47.0,27.0,221.0,265.0,No,1,fixation,0.0,0.0
37,2,1,24,2, have ,13154,249,29,47.0,27.0,221.0,265.0,No,1,fixation,0.0,0.0
37,2,1,24,2, have ,13214,249,29,47.0,27.0,221.0,265.0,No,1,fixation,0.0,0.0
37,2,1,24,2, have ,13284,249,29,47.0,27.0,221.0,265.0,No,1,fixation,0.0,0.0
37,2,1,24,2, have ,13301,249,29,47.0,27.0,221.0,265.0,No,1,fixation,0.0,0.0
37,2,1,24,2, have ,13362,249,29,47.0,27.0,221.0,265.0,No,1,fixation,0.0,0.0
37,2,1,24,2, have ,13431,249,29,47.0,27.0,221.0,265.0,No,1,fixation,0.0,0.0
37,2,1,24,2, have ,13456,249,29,47.0,27.0,221.0,265.0,No,1,fixation,0.0,0.0
37,2,1,24,2, have ,13515,249,29,47.0,27.0,221.0,265.0,No,1,fixation,0.0,0.0
37,2,1,24,2, have ,13583,249,29,47.0,27.0,221.0,265.0,No,1,fixation,0.0,0.0
37,2,1,24,2, have ,13603,249,29,47.0,27.0,221.0,265.0,No,1,fixation,0.0,0.0
37,2,1,24,2, have ,13662,249,29,47.0,27.0,221.0,265.0,No,1,fixation,0.0,0.0
37,2,1,24,2, have ,13723,249,29,47.0,27.0,221.0,265.0,No,1,fixation,0.0,0.0
37,2,1,24,2, have ,13756,249,29,47.0,27.0,221.0,265.0,No,1,fixation,0.0,0.0
37,2,1,24,2, have ,13812,249,29,47.0,27.0,221.0,265.0,No,1,fixation,0.0,0.0
37,2,1,24,2, have ,13875,249,29,47.0,27.0,221.0,265.0,No,1,fixation,0.0,0.0
37,2,1,24,2, have ,13901,249,29,47.0,27.0,221.0,265.0,No,1,fixation,0.0,0.0
37,2,1,24,2, have ,13971,242,33,47.0,27.0,221.0,265.0,No,1,sliding,0.11517511068997928,0.0016453587241425612
37,2,1,24,2, have ,14020,231,34,47.0,27.0,221.0,265.0,No,1,saccade,0.22541553096300532,0.0022498044953678784
37,2,1,24,1, vehicles ,14054,212,33,47.0,27.0,151.0,221.0,No,1,saccade,0.5595969879541308,0.009828866382091926
37,2,1,24,-1,,14107,163,21,,,,,No,1,saccade,0.9518489249531652,0.007400979943378007
37,2,1,24,-1,,14167,148,19,,,,,No,1,saccade,0.25221243250702596,-0.011660608207435653
37,2,1,24,-1,,14200,146,19,,,,,No,1,fixation,0.06060606060606061,-0.005806253693968647
37,2,1,24,-1,,14261,144,19,,,,,No,1,fixation,0.03278688524590164,-0.0004560520550845732
37,2,1,24,-1,,14317,141,20,,,,,No,1,fixation,0.056469243931578206,0.00042289926224422435
37,2,1,24,-1,,14351,137,25,,,,,No,1,saccade,0.1883271834539073,0.003878174691833209
37,2,1,24,0, Hybrid ,14412,134,29,47.0,27.0,94.0,151.0,No,1,fixation,0.08196721311475409,-0.0017436060711336593
37,2,1,24,0, Hybrid ,14468,134,33,47.0,27.0,94.0,151.0,No,1,fixation,0.07142857142857142,-0.00018819003011040478
37,2,1,24,0, Hybrid ,14499,138,37,47.0,27.0,94.0,151.0,No,1,saccade,0.1824791693384639,0.0035822773519320152
37,2,1,24,1, vehicles ,14564,159,43,47.0,27.0,151.0,221.0,No,1,saccade,0.336005071812947,0.0023619369611458936
37,2,1,24,1, vehicles ,14618,191,41,47.0,27.0,151.0,221.0,No,1,saccade,0.5937488719215332,0.00477303333534419
37,2,1,24,1, vehicles ,14650,210,38,47.0,27.0,151.0,221.0,No,1,saccade,0.6011057519272295,0.00022990250017800723
37,2,1,24,2, have ,14713,236,38,47.0,27.0,221.0,265.0,No,1,saccade,0.4126984126984127,-0.0029905926861716952
37,2,1,24,2, have ,14769,245,38,47.0,27.0,221.0,265.0,No,1,saccade,0.16071428571428573,-0.004499716553287981
37,2,1,24,2, have ,14799,249,38,47.0,27.0,221.0,265.0,No,1,sliding,0.13333333333333333,-0.0009126984126984132
37,2,1,24,2, have ,14864,257,38,47.0,27.0,221.0,265.0,No,1,sliding,0.12307692307692308,-0.0001577909270216961
37,2,1,24,3, a ,14917,267,37,47.0,27.0,265.0,280.0,No,1,saccade,0.18962029473813,0.0012555353143623945
37,2,1,24,3, a ,14949,270,37,47.0,27.0,265.0,280.0,No,1,fixation,0.09375,-0.0029959467105665624
37,2,1,24,3, a ,15008,277,37,47.0,27.0,265.0,280.0,No,1,sliding,0.11864406779661017,0.0004219333524849182
37,2,1,24,4, halo ,15073,284,37,47.0,27.0,280.0,319.0,No,1,sliding,0.1076923076923077,-0.00016848861698926884
37,2,1,24,4, halo ,15105,284,37,47.0,27.0,280.0,319.0,No,1,fixation,0.0,-0.0033653846153846156
37,2,1,24,4, halo ,15168,284,37,47.0,27.0,280.0,319.0,No,1,fixation,0.0,0.0
37,2,1,24,4, halo ,15228,284,37,47.0,27.0,280.0,319.0,No,1,fixation,0.0,0.0
37,2,1,24,4, halo ,15257,284,37,47.0,27.0,280.0,319.0,No,1,fixation,0.0,0.0
37,2,1,24,4, halo ,15317,284,37,47.0,27.0,280.0,319.0,No,1,fixation,0.0,0.0
37,2,1,24,4, halo ,15371,290,36,47.0,27.0,280.0,319.0,No,1,sliding,0.11264375056107813,0.002085995380760706
37,2,1,24,4, halo ,15404,308,35,47.0,27.0,280.0,319.0,No,1,saccade,0.5462956477975741,0.013140966582924121
37,2,1,24,5, that ,15470,343,36,47.0,27.0,320.0,355.0,No,1,saccade,0.5305194363639878,-0.00023903350656948966
37,2,1,24,6, makes ,15520,370,39,47.0,27.0,355.0,413.0,No,1,saccade,0.5433231082882449,0.0002560734384851426
37,2,1,24,6, makes ,15554,383,41,47.0,27.0,355.0,413.0,No,1,saccade,0.3868513658225266,-0.0046021100725211275
37,2,1,24,6, makes ,15614,389,41,47.0,27.0,355.0,413.0,No,1,sliding,0.1,-0.00478085609704211
37,2,1,24,6, makes ,15673,389,41,47.0,27.0,355.0,413.0,No,1,fixation,0.0,-0.0016949152542372883
37,2,1,24,6, makes ,15706,390,41,47.0,27.0,355.0,413.0,No,1,fixation,0.030303030303030304,0.0009182736455463728
37,2,1,24,6, makes ,15773,390,41,47.0,27.0,355.0,413.0,No,1,fixation,0.0,-0.0004522840343735866
37,2,1,24,6, makes ,15820,393,42,47.0,27.0,355.0,413.0,No,1,fixation,0.06728250340783787,0.001431542625698678
37,2,1,24,6, makes ,15848,394,42,47.0,27.0,355.0,413.0,No,1,fixation,0.03571428571428571,-0.0011274363461982913
37,2,1,24,6, makes ,15907,396,42,47.0,27.0,355.0,413.0,No,1,fixation,0.03389830508474576,-3.0779332704066945e-05
37,2,1,24,6, makes ,15970,400,42,47.0,27.0,355.0,413.0,No,1,fixation,0.06349206349206349,0.0004697421969415512
37,2,1,24,6, makes ,15998,402,42,47.0,27.0,355.0,413.0,No,1,fixation,0.07142857142857142,0.0002834467120181406
37,2,1,24,7, owners ,16071,433,38,47.0,27.0,413.0,476.0,No,1,saccade,0.42817807145445985,0.004886979452409431
37,2,1,24,7, owners ,16121,441,38,47.0,27.0,413.0,476.0,No,1,saccade,0.16,-0.005363561429089197
37,2,1,24,7, owners ,16148,444,38,47.0,27.0,413.0,476.0,No,1,sliding,0.1111111111111111,-0.0018106995884773667
37,2,1,24,7, owners ,16215,459,40,47.0,27.0,413.0,476.0,No,1,saccade,0.22586187985703815,0.0017126980409839856
37,2,1,24,7, owners ,16272,459,40,47.0,27.0,413.0,476.0,No,1,fixation,0.0,-0.0039624891202989145
37,2,1,24,7, owners ,16307,459,40,47.0,27.0,413.0,476.0,No,1,fixation,0.0,0.0
37,2,1,24,7, owners ,16358,459,40,47.0,27.0,413.0,476.0,No,1,fixation,0.0,0.0
37,2,1,24,7, owners ,16426,459,40,47.0,27.0,413.0,476.0,No,1,fixation,0.0,0.0
37,2,1,24,7, owners ,16461,459,40,47.0,27.0,413.0,476.0,No,1,fixation,0.0,0.0
37,2,1,24,7, owners ,16514,459,40,47.0,27.0,413.0,476.0,No,1,fixation,0.0,0.0
37,2,1,24,7, owners ,16567,460,40,47.0,27.0,413.0,476.0,No,1,fixation,0.018867924528301886,0.00035599857600569594
37,2,1,24,7, owners ,16606,463,40,47.0,27.0,413.0,476.0,No,1,fixation,0.07692307692307693,0.001488593651148078
37,2,1,24,8, feel ,16673,481,38,47.0,27.0,476.0,510.0,No,1,saccade,0.270310004123505,0.0028863720477675828
37,2,1,24,8, feel ,16722,498,37,47.0,27.0,476.0,510.0,No,1,saccade,0.34753849726380415,0.0015760916967407993
37,2,1,24,8, feel ,16751,507,37,47.0,27.0,476.0,510.0,No,1,saccade,0.3103448275862069,-0.0012825403337102497
37,2,1,24,9, righteous ,16817,517,37,47.0,27.0,510.0,589.0,No,1,saccade,0.15151515151515152,-0.002406510243500839
37,2,1,24,9, righteous ,16867,522,38,47.0,27.0,510.0,589.0,No,1,sliding,0.1019803902718557,-0.0009906952248659165
37,2,1,24,9, righteous ,16900,528,38,47.0,27.0,510.0,589.0,No,1,saccade,0.18181818181818182,0.002419327016555337
37,2,1,24,9, righteous ,16958,536,39,47.0,27.0,510.0,589.0,No,1,sliding,0.1390044439361819,-0.0007381678945172403
37,2,1,24,9, righteous ,17023,558,42,47.0,27.0,510.0,589.0,No,1,saccade,0.3415938970949926,0.003116760817827857
37,2,1,24,9, righteous ,17049,569,44,47.0,27.0,510.0,589.0,No,1,saccade,0.43001307259611343,0.003400737519273878
37,2,1,24,-1,,17110,595,51,,,,,No,1,saccade,0.4414069514044675,0.00018678489849760778
37,2,1,24,-1,,17170,610,53,,,,,No,1,saccade,0.25221243250702596,-0.0031532419816240258
37,2,1,24,-1,,17201,615,53,,,,,No,1,saccade,0.16129032258064516,-0.002932971287947768
37,2,1,24,-1,,17260,622,53,,,,,No,1,sliding,0.11864406779661017,-0.0007228178776955082
37,2,1,24,-1,,17319,629,51,,,,,No,1,sliding,0.12339169303865284,8.046822444140116e-05
37,2,1,24,-1,,17348,630,51,,,,,No,1,fixation,0.034482758620689655,-0.003065825324757351
37,2,1,24,-1,,17410,633,50,,,,,No,1,fixation,0.05100447838981257,0.0002664793511148857
37,2,1,24,11, their ,17467,633,49,47.0,27.0,624.0,664.0,No,1,fixation,0.017543859649122806,-0.0005870283989594696
37,2,1,24,11, their ,17498,633,48,47.0,27.0,624.0,664.0,No,1,fixation,0.03225806451612903,0.00047465176990342664
37,2,1,24,11, their ,17559,640,43,47.0,27.0,624.0,664.0,No,1,sliding,0.1410217256892234,0.001783010838903186
37,2,1,24,12, neighbors ,17620,664,39,47.0,27.0,664.0,743.0,No,1,saccade,0.398869674117916,0.004227015548011355
37,2,1,24,12, neighbors ,17652,670,39,47.0,27.0,664.0,743.0,No,1,saccade,0.1875,-0.0066053023161848756
37,2,1,24,12, neighbors ,17711,682,39,47.0,27.0,664.0,743.0,No,1,saccade,0.2033898305084746,0.00026931916116058625
37,2,1,24,12, neighbors ,17769,704,36,47.0,27.0,664.0,743.0,No,1,saccade,0.38282074674438826,0.003093636486826098
37,2,1,24,12, neighbors ,17802,708,35,47.0,27.0,664.0,743.0,No,1,sliding,0.12494259471568668,-0.0078144894554152
37,2,1,24,12, neighbors ,17859,711,35,47.0,27.0,664.0,743.0,No,1,fixation,0.05263157894736842,-0.0012686143117248817
37,2,1,24,12, neighbors ,17919,715,36,47.0,27.0,664.0,743.0,No,1,fixation,0.06871842709362767,0.00026811413577098757
37,2,1,24,12, neighbors ,17952,715,37,47.0,27.0,664.0,743.0,No,1,fixation,0.030303030303030304,-0.0011641029330484052
37,2,1,24,12, neighbors ,18010,716,37,47.0,27.0,664.0,743.0,No,1,fixation,0.017241379310344827,-0.00022520087918423236
37,2,1,24,12, neighbors ,18069,716,38,47.0,27.0,664.0,743.0,No,1,fixation,0.01694915254237288,-4.95299606732112e-06
37,2,1,24,11, their ,18103,653,38,47.0,27.0,624.0,664.0,No,1,saccade,1.8529411764705883,0.0539997654096534
37,2,1,24,2, have ,18167,245,38,47.0,27.0,221.0,265.0,No,1,saccade,6.375,0.07065716911764705
37,2,1,24,1, vehicles ,18217,189,38,47.0,27.0,151.0,221.0,No,1,saccade,1.12,-0.1051
37,2,1,24,1, vehicles ,18250,184,38,47.0,27.0,151.0,221.0,No,1,saccade,0.15151515151515152,-0.02934802571166208
37,2,1,24,1, vehicles ,18312,171,41,47.0,27.0,151.0,221.0,No,1,saccade,0.21518813006655377,0.001026983525022617
37,2,1,24,0, Hybrid ,18367,140,45,47.0,27.0,94.0,151.0,No,1,saccade,0.5683090766577376,0.006420380847112432
37,2,1,24,0, Hybrid ,18400,132,46,47.0,27.0,94.0,151.0,No,1,saccade,0.2443108408575318,-0.009818128357581992
37,2,1,24,0, Hybrid ,18461,127,48,47.0,27.0,94.0,151.0,No,1,fixation,0.0882813902808935,-0.0025578598455186607
37,2,1,24,-1,,18518,119,59,,,,,No,1,saccade,0.2386222896269376,0.0026375596376498967
37,2,1,24,-1,,18552,118,63,,,,,No,1,sliding,0.12126781251816648,-0.003451602267905033
37,2,1,24,13, feel ,18611,116,70,87.0,67.0,94.0,128.0,No,1,sliding,0.12339169303865284,3.599797492349758e-05
37,2,1,24,13, feel ,18668,115,72,87.0,67.0,94.0,128.0,No,1,fixation,0.03922926276315421,-0.0014765338644824322
37,2,1,24,13, feel ,18700,115,72,87.0,67.0,94.0,128.0,No,1,fixation,0.0,-0.001225914461348569
37,2,1,24,13, feel ,18761,114,73,87.0,67.0,94.0,128.0,No,1,fixation,0.023183828891362217,0.000380062768710856
37,2,1,24,13, feel ,18832,112,74,87.0,67.0,94.0,128.0,No,1,fixation,0.03149391517605338,0.00011704346879846706
37,2,1,24,13, feel ,18853,111,75,87.0,67.0,94.0,128.0,No,1,fixation,0.06734350297014739,0.0017071232282901913
37,2,1,24,13, feel ,18916,111,75,87.0,67.0,94.0,128.0,No,1,fixation,0.0,-0.0010689444915896412
37,2,1,24,13, feel ,18975,110,75,87.0,67.0,94.0,128.0,No,1,fixation,0.01694915254237288,0.0002872737719046251
37,2,1,24,13, feel ,19000,110,75,87.0,67.0,94.0,128.0,No,1,fixation,0.0,-0.0006779661016949153
37,2,1,24,13, feel ,19059,110,75,87.0,67.0,94.0,128.0,No,1,fixation,0.0,0.0
37,2,1,24,13, feel ,19125,110,76,87.0,67.0,94.0,128.0,No,1,fixation,0.015151515151515152,0.0002295684113865932
37,2,1,24,13, feel ,19149,112,77,87.0,67.0,94.0,128.0,No,1,fixation,0.09316949906249124,0.0032507493296240037
37,2,1,24,14, guilty ,19219,146,80,87.0,67.0,128.0,175.0,No,1,saccade,0.48760137616788607,0.00563474110150564
37,2,1,24,14, guilty ,19271,156,80,87.0,67.0,128.0,175.0,No,1,saccade,0.19230769230769232,-0.00567872468961911
37,2,1,24,14, guilty ,19302,158,80,87.0,67.0,128.0,175.0,No,1,fixation,0.06451612903225806,-0.0041223084927559436
37,2,1,24,14, guilty ,19363,161,81,87.0,67.0,128.0,175.0,No,1,fixation,0.0518406173798095,-0.00020779527299096
37,2,1,24,14, guilty ,19420,166,81,87.0,67.0,128.0,175.0,No,1,fixation,0.08771929824561403,0.0006294505415053426
37,2,1,24,15, for ,19454,184,86,87.0,67.0,175.0,201.0,No,1,saccade,0.549457108596159,0.013580523833839559
37,2,1,24,-1,,19509,210,91,,,,,No,1,saccade,0.4813891743590446,-0.0012375988043111716
37,2,1,24,-1,,19572,219,93,,,,,No,1,sliding,0.14634197551258551,-0.00531820950549935
37,2,1,24,-1,,19600,220,93,,,,,No,1,fixation,0.03571428571428571,-0.00395098892136785
37,2,1,24,-1,,19667,221,93,,,,,No,1,fixation,0.014925373134328358,-0.0003102822773127963
37,2,1,24,-1,,19721,222,93,,,,,No,1,fixation,0.018518518518518517,6.653972933685481e-05
37,2,1,24,16, not ,19755,225,89,87.0,67.0,201.0,231.0,No,1,sliding,0.14705882352941177,0.0037805972062027425
37,2,1,24,17, doing ,19816,234,80,87.0,67.0,231.0,280.0,No,1,saccade,0.20865446002225993,0.001009764532669642
37,2,1,24,17, doing ,19868,236,78,87.0,67.0,231.0,280.0,No,1,fixation,0.05439282932204212,-0.002966569821158035
37,2,1,24,17, doing ,19900,239,74,87.0,67.0,231.0,280.0,No,1,saccade,0.15625,0.003183036583686184
37,2,1,24,17, doing ,19964,243,70,87.0,67.0,231.0,280.0,No,1,fixation,0.08838834764831845,-0.0010603383179950243
37,2,1,24,-1,,20017,255,65,,,,,No,1,saccade,0.24528301886792453,0.002960276815464266
37,2,1,24,-1,,20048,258,65,,,,,No,1,fixation,0.0967741935483871,-0.004790607268372176
37,2,1,24,-1,,20115,260,65,,,,,No,1,fixation,0.029850746268656716,-0.000998857422085528
37,2,1,24,-1,,20181,260,65,,,,,No,1,fixation,0.0,-0.0004522840343735866
37,2,1,24,-1,,20198,260,65,,,,,No,1,fixation,0.0,0.0
37,2,1,24,-1,,20259,260,65,,,,,No,1,fixation,0.0,0.0
37,2,1,24,-1,,20331,260,65,,,,,No,1,fixation,0.0,0.0
37,2,1,24,-1,,20348,260,65,,,,,No,1,fixation,0.0,0.0
37,2,1,24,17, doing ,20416,280,78,87.0,67.0,231.0,280.0,No,1,saccade,0.3507900129963695,0.005158676661711317
37,2,1,24,18, as ,20472,281,79,87.0,67.0,281.0,305.0,No,1,fixation,0.02525381361380527,-0.00581314641754579
37,2,1,24,18, as ,20500,282,79,87.0,67.0,281.0,305.0,No,1,fixation,0.03571428571428571,0.00037358828930287295
37,2,1,24,18, as ,20565,282,79,87.0,67.0,281.0,305.0,No,1,fixation,0.0,-0.0005494505494505495
37,2,1,24,18, as ,20618,283,79,87.0,67.0,281.0,305.0,No,1,fixation,0.018867924528301886,0.00035599857600569594
37,2,1,24,18, as ,20649,283,79,87.0,67.0,281.0,305.0,No,1,fixation,0.0,-0.0006086427267194157
37,2,1,24,18, as ,20711,289,79,87.0,67.0,281.0,305.0,No,1,fixation,0.0967741935483871,0.0015608740894901144
37,2,1,24,19, much ,20768,312,79,87.0,67.0,305.0,354.0,No,1,saccade,0.40350877192982454,0.005381308392656798
37,2,1,24,19, much ,20800,326,82,87.0,67.0,305.0,354.0,No,1,saccade,0.44743190822738604,0.001372598009298797
37,2,1,24,19, much ,20864,349,89,87.0,67.0,305.0,354.0,No,1,saccade,0.37565047750535335,-0.0011215848550317608
37,2,1,24,-1,,20918,362,90,,,,,No,1,saccade,0.24145194093343145,-0.0024851580846652205
37,2,1,24,-1,,20949,368,90,,,,,No,1,saccade,0.1935483870967742,-0.0015452759302147503
37,2,1,24,-1,,21013,378,90,,,,,No,1,saccade,0.15625,-0.0005827872983870967
37,2,1,24,21, save ,21067,392,88,87.0,67.0,374.0,417.0,No,1,saccade,0.2618914004394621,0.0019563222303604086
37,2,1,24,21, save ,21100,397,87,87.0,67.0,374.0,417.0,No,1,saccade,0.154515742836145,-0.0032538078061611236
37,2,1,24,21, save ,21163,403,85,87.0,67.0,374.0,417.0,No,1,sliding,0.10038976698947237,-0.0008591424737567084
37,2,1,24,21, save ,21217,407,82,87.0,67.0,374.0,417.0,No,1,fixation,0.09259259259259259,-0.0001443921184607367
37,2,1,24,21, save ,21250,408,81,87.0,67.0,374.0,417.0,No,1,fixation,0.04285495643554834,-0.0015072010956680075
37,2,1,24,21, save ,21313,413,81,87.0,67.0,374.0,417.0,No,1,fixation,0.07936507936507936,0.0005795257607862067
37,2,1,24,22, the ,21367,432,80,87.0,67.0,417.0,447.0,No,1,saccade,0.3523388442674157,0.005055069720413636
37,2,1,24,22, the ,21399,440,80,87.0,67.0,417.0,447.0,No,1,saccade,0.25,-0.00319808888335674
37,2,1,24,22, the ,21465,440,80,87.0,67.0,417.0,447.0,No,1,fixation,0.0,-0.003787878787878788
37,2,1,24,22, the ,21531,440,80,87.0,67.0,417.0,447.0,No,1,fixation,0.0,0.0
37,2,1,24,22, the ,21547,440,80,87.0,67.0,417.0,447.0,No,1,fixation,0.0,0.0
37,2,1,24,22, the ,21614,440,80,87.0,67.0,417.0,447.0,No,1,fixation,0.0,0.0
37,2,1,24,22, the ,21685,440,80,87.0,67.0,417.0,447.0,No,1,fixation,0.0,0.0
37,2,1,24,22, the ,21702,440,80,87.0,67.0,417.0,447.0,No,1,fixation,0.0,0.0
37,2,1,24,23, planet. ,21772,449,80,87.0,67.0,447.0,506.0,No,1,sliding,0.12857142857142856,0.001836734693877551
37,2,1,24,23, planet. ,21821,458,80,87.0,67.0,447.0,506.0,No,1,saccade,0.1836734693877551,0.001124531445231154
37,2,1,24,23, planet. ,21848,460,80,87.0,67.0,447.0,506.0,No,1,fixation,0.07407407407407407,-0.004059236863469668
37,2,1,24,23, planet. ,21914,461,80,87.0,67.0,447.0,506.0,No,1,fixation,0.015151515151515152,-0.0008927660442811957
37,2,1,24,23, planet. ,21970,470,80,87.0,67.0,447.0,506.0,No,1,saccade,0.16071428571428573,0.0025993351886209027
37,2,1,24,23, planet. ,22004,489,80,87.0,67.0,447.0,506.0,No,1,saccade,0.5588235294117647,0.01170909540286703
37,2,1,24,24, They ,22065,514,80,87.0,67.0,505.0,550.0,No,1,saccade,0.4098360655737705,-0.0024424174399671184
37,2,1,24,24, They ,22120,530,80,87.0,67.0,505.0,550.0,No,1,saccade,0.2909090909090909,-0.002162308630266902
37,2,1,24,24, They ,22154,538,81,87.0,67.0,505.0,550.0,No,1,saccade,0.2371252278911338,-0.0015818783240575617
37,2,1,24,24, They ,22215,548,81,87.0,67.0,505.0,550.0,No,1,saccade,0.16393442622950818,-0.001199849207567633
37,2,1,24,25, also ,22269,554,81,87.0,67.0,550.0,588.0,No,1,sliding,0.1111111111111111,-0.0009782095392295756
37,2,1,24,25, also ,22300,554,81,87.0,67.0,550.0,588.0,No,1,fixation,0.0,-0.0035842293906810036
37,2,1,24,25, also ,22365,555,81,87.0,67.0,550.0,588.0,No,1,fixation,0.015384615384615385,0.0002366863905325444
37,2,1,24,25, also ,22427,555,81,87.0,67.0,550.0,588.0,No,1,fixation,0.0,-0.00024813895781637717
37,2,1,24,25, also ,22456,555,81,87.0,67.0,550.0,588.0,No,1,fixation,0.0,0.0
37,2,1,24,25, also ,22515,555,81,87.0,67.0,550.0,588.0,No,1,fixation,0.0,0.0
37,2,1,24,25, also ,22584,555,81,87.0,67.0,550.0,588.0,No,1,fixation,0.0,0.0
37,2,1,24,25, also ,22601,555,81,87.0,67.0,550.0,588.0,No,1,fixation,0.0,0.0
37,2,1,24,25, also ,22670,555,81,87.0,67.0,550.0,588.0,No,1,fixation,0.0,0.0
37,2,1,24,25, also ,22721,555,81,87.0,67.0,550.0,588.0,No,1,fixation,0.0,0.0
37,2,1,24,25, also ,22753,557,81,87.0,67.0,550.0,588.0,No,1,fixation,0.0625,0.001953125
37,2,1,24,25, also ,22809,572,80,87.0,67.0,550.0,588.0,No,1,saccade,0.26845172104237336,0.0036777093043280956
37,2,1,24,25, also ,22870,586,79,87.0,67.0,550.0,588.0,No,1,saccade,0.2300929319281672,-0.000628832608429609
37,2,1,24,26, cost ,22904,592,79,87.0,67.0,588.0,626.0,No,1,saccade,0.17647058823529413,-0.0015771277556727377
37,2,1,24,26, cost ,22970,601,79,87.0,67.0,588.0,626.0,No,1,sliding,0.13636363636363635,-0.0006076810889645118
37,2,1,24,26, cost ,23020,608,79,87.0,67.0,588.0,626.0,No,1,sliding,0.14,7.272727272727319e-05
37,2,1,24,26, cost ,23054,613,79,87.0,67.0,588.0,626.0,No,1,sliding,0.14705882352941177,0.0002076124567474046
37,2,1,24,26, cost ,23108,622,79,87.0,67.0,588.0,626.0,No,1,saccade,0.16666666666666666,0.0003631082062454609
37,2,1,24,27, more ,23170,634,79,87.0,67.0,626.0,672.0,No,1,saccade,0.1935483870967742,0.0004335761359694763
37,2,1,24,27, more ,23204,643,79,87.0,67.0,626.0,672.0,No,1,saccade,0.2647058823529412,0.002092867507534323
37,2,1,24,27, more ,23258,656,80,87.0,67.0,626.0,672.0,No,1,saccade,0.24145194093343145,-0.0004306285448057358
37,2,1,24,27, more ,23320,666,80,87.0,67.0,626.0,672.0,No,1,saccade,0.16129032258064516,-0.0012929293282707467
37,2,1,24,28, and ,23353,673,80,87.0,67.0,672.0,707.0,No,1,saccade,0.21212121212121213,0.001540329986077787
37,2,1,24,28, and ,23408,687,81,87.0,67.0,672.0,707.0,No,1,saccade,0.2551939790476036,0.0007831412168434814
37,2,1,24,-1,,23474,716,90,,,,,No,1,saccade,0.46006746820269623,0.003104143775077161
37,2,1,24,-1,,23502,725,95,,,,,No,1,saccade,0.36770107646382144,-0.003298799704959814
37,2,1,24,-1,,23565,732,95,,,,,No,1,sliding,0.1111111111111111,-0.004072856592900164
37,2,1,24,-1,,23618,734,92,,,,,No,1,fixation,0.06802926934837715,-0.0008128649389195086
37,2,1,24,-1,,23648,735,92,,,,,No,1,fixation,0.03333333333333333,-0.0011565312005014606
37,2,1,24,-1,,23715,735,91,,,,,No,1,fixation,0.014925373134328358,-0.00027474567461201454
37,2,1,24,27, more ,23768,629,83,87.0,67.0,626.0,672.0,No,1,saccade,2.005687889195217,0.03756155690680922
37,2,1,24,-1,,23799,444,90,,,,,No,1,saccade,5.972012421464207,0.12794595265383837
37,2,1,24,34, very ,23866,252,121,127.0,107.0,217.0,256.0,No,1,saccade,2.9027836326532426,-0.04580938490762634
37,2,1,24,34, very ,23918,218,124,127.0,107.0,217.0,256.0,No,1,saccade,0.6563864679183081,-0.04319994547567182
37,2,1,24,33, the ,23949,205,124,127.0,107.0,187.0,217.0,No,1,saccade,0.41935483870967744,-0.007646181587375183
37,2,1,24,32, from ,24016,182,124,127.0,107.0,146.0,187.0,No,1,saccade,0.34328358208955223,-0.001135391889852615
37,2,1,24,32, from ,24067,153,128,127.0,107.0,146.0,187.0,No,1,saccade,0.5740110262080176,0.004524067531734614
37,2,1,24,-1,,24100,139,132,,,,,No,1,saccade,0.44121878116851626,-0.004024007425439434
37,2,1,24,-1,,24166,122,140,,,,,No,1,saccade,0.28467112466751415,-0.002371934189409123
37,2,1,24,-1,,24218,114,142,,,,,No,1,saccade,0.15858098560067926,-0.002424810366669902
37,2,1,24,-1,,24250,108,142,,,,,No,1,saccade,0.1875,0.000903719199978773
37,2,1,24,-1,,24316,96,137,,,,,No,1,saccade,0.19696969696969696,0.0001434802571166206
37,2,1,24,-1,,24368,93,136,,,,,No,1,fixation,0.060813031926314993,-0.0026183974046804226
37,2,1,24,-1,,24398,93,136,,,,,No,1,fixation,0.0,-0.0020271010642104997
37,2,1,24,-1,,24465,93,136,,,,,No,1,fixation,0.0,0.0
37,2,1,24,-1,,24519,93,134,,,,,No,1,fixation,0.037037037037037035,0.0006858710562414266
37,2,1,24,31, report ,24549,95,129,127.0,107.0,94.0,146.0,No,1,saccade,0.17950549357115012,0.004748948551137102
37,2,1,24,31, report ,24607,99,124,127.0,107.0,94.0,146.0,No,1,sliding,0.11039869374884222,-0.001191496548660481
37,2,1,24,31, report ,24668,100,123,127.0,107.0,94.0,146.0,No,1,fixation,0.023183828891362217,-0.0014297518829095082
37,2,1,24,31, report ,24702,100,123,127.0,107.0,94.0,146.0,No,1,fixation,0.0,-0.0006818773203341828
37,2,1,24,31, report ,24762,101,122,127.0,107.0,94.0,146.0,No,1,fixation,0.023570226039551587,0.0003928371006591931
37,2,1,24,31, report ,24819,101,120,127.0,107.0,94.0,146.0,No,1,fixation,0.03508771929824561,0.00020206128524024604
37,2,1,24,31, report ,24850,101,119,127.0,107.0,94.0,146.0,No,1,fixation,0.03225806451612903,-9.127918651988971e-05
37,2,1,24,31, report ,24919,101,118,127.0,107.0,94.0,146.0,No,1,fixation,0.014492753623188406,-0.0002574682738107337
37,2,1,24,31, report ,24967,101,117,127.0,107.0,94.0,146.0,No,1,fixation,0.020833333333333332,0.0001320954106280193
37,2,1,24,31, report ,25003,101,116,127.0,107.0,94.0,146.0,No,1,fixation,0.027777777777777776,0.00019290123456790122
37,2,1,24,31, report ,25067,101,116,127.0,107.0,94.0,146.0,No,1,fixation,0.0,-0.00043402777777777775
37,2,1,24,31, report ,25119,102,116,127.0,107.0,94.0,146.0,No,1,fixation,0.019230769230769232,0.00036982248520710064
37,2,1,24,31, report ,25148,103,116,127.0,107.0,94.0,146.0,No,1,fixation,0.034482758620689655,0.0005259306686179456
37,2,1,24,31, report ,25220,113,114,127.0,107.0,94.0,146.0,No,1,sliding,0.14163943093313291,0.001488287115450601
37,2,1,24,31, report ,25270,131,114,127.0,107.0,94.0,146.0,No,1,saccade,0.36,0.004367211381337341
37,2,1,24,31, report ,25303,136,113,127.0,107.0,94.0,146.0,No,1,saccade,0.154515742836145,-0.006226795671631969
37,2,1,24,31, report ,25361,142,113,127.0,107.0,94.0,146.0,No,1,sliding,0.10344827586206896,-0.0008804735685185523
37,2,1,24,32, from ,25421,149,111,127.0,107.0,146.0,187.0,No,1,sliding,0.12133516482134196,0.0002981148159878833
37,2,1,24,32, from ,25453,154,110,127.0,107.0,146.0,187.0,No,1,saccade,0.15934435979977452,0.0011877873430760173
37,2,1,24,32, from ,25519,164,108,127.0,107.0,146.0,187.0,No,1,saccade,0.154515742836145,-7.316086308529572e-05
37,2,1,24,32, from ,25570,172,108,127.0,107.0,146.0,187.0,No,1,saccade,0.1568627450980392,4.601965219400423e-05
37,2,1,24,32, from ,25603,181,108,127.0,107.0,146.0,187.0,No,1,saccade,0.2727272727272727,0.0035110462917949544
37,2,1,24,33, the ,25669,214,109,127.0,107.0,187.0,217.0,No,1,saccade,0.5002295157339145,0.003447003681918815
37,2,1,24,34, very ,25719,225,110,127.0,107.0,217.0,256.0,No,1,saccade,0.22090722034374521,-0.005586445907803386
37,2,1,24,34, very ,25753,230,110,127.0,107.0,217.0,256.0,No,1,sliding,0.14705882352941177,-0.0021720116710098073
37,2,1,24,34, very ,25813,232,110,127.0,107.0,217.0,256.0,No,1,fixation,0.03333333333333333,-0.0018954248366013075
37,2,1,24,34, very ,25867,232,111,127.0,107.0,217.0,256.0,No,1,fixation,0.018518518518518517,-0.00027434842249657066
37,2,1,24,34, very ,25905,234,111,127.0,107.0,217.0,256.0,No,1,fixation,0.05263157894736842,0.0008977121165486816
37,2,1,24,34, very ,25958,234,111,127.0,107.0,217.0,256.0,No,1,fixation,0.0,-0.0009930486593843098
37,2,1,24,34, very ,26020,235,113,127.0,107.0,217.0,256.0,No,1,fixation,0.03606561254031919,0.0005817034280696644
37,2,1,24,34, very ,26051,236,115,127.0,107.0,217.0,256.0,No,1,fixation,0.07213122508063838,0.0011634068561393288
37,2,1,24,34, very ,26114,237,117,127.0,107.0,217.0,256.0,No,1,fixation,0.03549314249999666,-0.0005815568663593923
37,2,1,24,34, very ,26171,237,118,127.0,107.0,217.0,256.0,No,1,fixation,0.017543859649122806,-0.0003148996991381378
37,2,1,24,34, very ,26205,237,118,127.0,107.0,217.0,256.0,No,1,fixation,0.0,-0.0005159958720330237
37,2,1,24,34, very ,26273,237,118,127.0,107.0,217.0,256.0,No,1,fixation,0.0,0.0
37,2,1,24,34, very ,26324,237,118,127.0,107.0,217.0,256.0,No,1,fixation,0.0,0.0
37,2,1,24,34, very ,26350,237,118,127.0,107.0,217.0,256.0,No,1,fixation,0.0,0.0
37,2,1,24,34, very ,26418,237,118,127.0,107.0,217.0,256.0,No,1,fixation,0.0,0.0
37,2,1,24,34, very ,26470,240,118,127.0,107.0,217.0,256.0,No,1,fixation,0.057692307692307696,0.0011094674556213018
37,2,1,24,34, very ,26499,245,118,127.0,107.0,217.0,256.0,No,1,saccade,0.1724137931034483,0.00395591329003933
37,2,1,24,35, green ,26566,262,118,127.0,107.0,256.0,307.0,No,1,saccade,0.2537313432835821,0.0012136947788079673
37,2,1,24,35, green ,26625,264,118,127.0,107.0,256.0,307.0,No,1,fixation,0.03389830508474576,-0.003725983698285362
37,2,1,24,35, green ,26651,264,118,127.0,107.0,256.0,307.0,No,1,fixation,0.0,-0.001303780964797914
37,2,1,24,35, green ,26710,266,119,127.0,107.0,256.0,307.0,No,1,fixation,0.03789945724575915,0.000642363682131511
37,2,1,24,35, green ,26771,278,119,127.0,107.0,256.0,307.0,No,1,saccade,0.19672131147540983,0.0026036369545844374
37,2,1,24,35, green ,26803,297,120,127.0,107.0,256.0,307.0,No,1,saccade,0.594571799701264,0.012432827757057941
37,2,1,24,36, Union ,26870,324,119,127.0,107.0,308.0,360.0,No,1,saccade,0.4032613757046655,-0.002855379462635797
37,2,1,24,36, Union ,26921,331,119,127.0,107.0,308.0,360.0,No,1,sliding,0.13725490196078433,-0.005215813210664337
37,2,1,24,36, Union ,26954,335,119,127.0,107.0,308.0,360.0,No,1,sliding,0.12121212121212122,-0.0004861448711716094
37,2,1,24,36, Union ,27013,337,119,127.0,107.0,308.0,360.0,No,1,fixation,0.03389830508474576,-0.001479895188599584
37,2,1,24,36, Union ,27070,338,119,127.0,107.0,308.0,360.0,No,1,fixation,0.017543859649122806,-0.00028692009536180626
37,2,1,24,36, Union ,27102,339,119,127.0,107.0,308.0,360.0,No,1,fixation,0.03125,0.0004283168859649123
37,2,1,24,36, Union ,27163,339,119,127.0,107.0,308.0,360.0,No,1,fixation,0.0,-0.0005122950819672131
37,2,1,24,36, Union ,27221,341,119,127.0,107.0,308.0,360.0,No,1,fixation,0.034482758620689655,0.0005945303210463733
37,2,1,24,36, Union ,27252,343,119,127.0,107.0,308.0,360.0,No,1,fixation,0.06451612903225806,0.0009688184003731745
37,2,1,24,36, Union ,27310,355,119,127.0,107.0,308.0,360.0,No,1,saccade,0.20689655172413793,0.0024548348739979286
37,2,1,24,38, Concerned ,27368,380,120,127.0,107.0,380.0,473.0,No,1,saccade,0.43137917252402774,0.003870390013791204
37,2,1,24,38, Concerned ,27401,390,122,127.0,107.0,380.0,473.0,No,1,saccade,0.30903148567229,-0.003707505662173871
37,2,1,24,38, Concerned ,27464,399,122,127.0,107.0,380.0,473.0,No,1,sliding,0.14285714285714285,-0.002637687981192812
37,2,1,24,38, Concerned ,27527,400,123,127.0,107.0,380.0,473.0,No,1,fixation,0.022447834323382463,-0.0019112588656152443
37,2,1,24,38, Concerned ,27562,400,123,127.0,107.0,380.0,473.0,No,1,fixation,0.0,-0.0006413666949537846
37,2,1,24,38, Concerned ,27614,400,123,127.0,107.0,380.0,473.0,No,1,fixation,0.0,0.0
37,2,1,24,38, Concerned ,27670,400,123,127.0,107.0,380.0,473.0,No,1,fixation,0.0,0.0
37,2,1,24,38, Concerned ,27703,400,123,127.0,107.0,380.0,473.0,No,1,fixation,0.0,0.0
37,2,1,24,38, Concerned ,27764,400,123,127.0,107.0,380.0,473.0,No,1,fixation,0.0,0.0
37,2,1,24,38, Concerned ,27818,409,123,127.0,107.0,380.0,473.0,No,1,saccade,0.16666666666666666,0.0030864197530864196
37,2,1,24,38, Concerned ,27850,420,123,127.0,107.0,380.0,473.0,No,1,saccade,0.34375,0.005533854166666667
37,2,1,24,38, Concerned ,27911,426,123,127.0,107.0,380.0,473.0,No,1,fixation,0.09836065573770492,-0.00402277613544746
37,2,1,24,38, Concerned ,27968,432,123,127.0,107.0,380.0,473.0,No,1,sliding,0.10526315789473684,0.00012109652907073544
37,2,1,24,38, Concerned ,28001,440,123,127.0,107.0,380.0,473.0,No,1,saccade,0.24242424242424243,0.004156396500894109
37,2,1,24,38, Concerned ,28063,449,123,127.0,107.0,380.0,473.0,No,1,sliding,0.14516129032258066,-0.0015687572919622866
37,2,1,24,38, Concerned ,28118,464,124,127.0,107.0,380.0,473.0,No,1,saccade,0.273332661424962,0.002330388565497842
37,2,1,24,38, Concerned ,28152,470,125,127.0,107.0,380.0,473.0,No,1,saccade,0.1789047803028888,-0.0027772906212374464
37,2,1,24,39, Scientists ,28208,478,127,127.0,107.0,473.0,555.0,No,1,sliding,0.14725377234348788,-0.000565196570703588
37,2,1,24,-1,,28267,493,130,,,,,No,1,saccade,0.25927217865726027,0.0018986170561656336
37,2,1,24,-1,,28301,498,131,,,,,No,1,sliding,0.14997116216449366,-0.0032147357791990176
37,2,1,24,-1,,28358,500,131,,,,,No,1,fixation,0.03508771929824561,-0.0020154989976534747
37,2,1,24,39, Scientists ,28419,505,129,127.0,107.0,473.0,555.0,No,1,fixation,0.0882813902808935,0.0008720273931581622
37,2,1,24,39, Scientists ,28452,508,127,127.0,107.0,473.0,555.0,No,1,sliding,0.10925912955951482,0.0006356890690491308
37,2,1,24,39, Scientists ,28509,516,123,127.0,107.0,473.0,555.0,No,1,saccade,0.15691705105261683,0.0008361038858438949
37,2,1,24,39, Scientists ,28569,520,121,127.0,107.0,473.0,555.0,No,1,fixation,0.07453559924999299,-0.0013730241967103974
37,2,1,24,39, Scientists ,28604,520,121,127.0,107.0,473.0,555.0,No,1,fixation,0.0,-0.0021295885499997996
37,2,1,24,39, Scientists ,28659,522,120,127.0,107.0,473.0,555.0,No,1,fixation,0.040655781409087086,0.0007391960256197652
37,2,1,24,39, Scientists ,28720,522,120,127.0,107.0,473.0,555.0,No,1,fixation,0.0,-0.0006664882198210997
37,2,1,24,39, Scientists ,28754,522,120,127.0,107.0,473.0,555.0,No,1,fixation,0.0,0.0
37,2,1,24,39, Scientists ,28813,522,120,127.0,107.0,473.0,555.0,No,1,fixation,0.0,0.0
37,2,1,24,39, Scientists ,28869,522,120,127.0,107.0,473.0,555.0,No,1,fixation,0.0,0.0
37,2,1,24,39, Scientists ,28899,522,120,127.0,107.0,473.0,555.0,No,1,fixation,0.0,0.0
37,2,1,24,39, Scientists ,28960,522,120,127.0,107.0,473.0,555.0,No,1,fixation,0.0,0.0
37,2,1,24,39, Scientists ,29020,524,120,127.0,107.0,473.0,555.0,No,1,fixation,0.03333333333333333,0.0005555555555555556
37,2,1,24,39, Scientists ,29048,536,119,127.0,107.0,473.0,555.0,No,1,saccade,0.430056949242582,0.014168700568187451
37,2,1,24,40, says ,29116,557,115,127.0,107.0,555.0,597.0,No,1,saccade,0.3143758577416463,-0.0017011925220725838
37,2,1,24,40, says ,29172,561,113,127.0,107.0,555.0,597.0,No,1,fixation,0.07985957062499249,-0.004187790841368818
37,2,1,24,40, says ,29198,562,113,127.0,107.0,555.0,597.0,No,1,fixation,0.038461538461538464,-0.0015922320062866935
37,2,1,24,40, says ,29258,568,113,127.0,107.0,555.0,597.0,No,1,sliding,0.1,0.0010256410256410256
37,2,1,24,40, says ,29324,573,112,127.0,107.0,555.0,597.0,No,1,fixation,0.0772578714180725,-0.0003445777057867804
37,2,1,24,40, says ,29351,575,112,127.0,107.0,555.0,597.0,No,1,fixation,0.07407407407407407,-0.00011791842014808996
37,2,1,24,40, says ,29411,579,112,127.0,107.0,555.0,597.0,No,1,fixation,0.06666666666666667,-0.00012345679012345674
37,2,1,24,40, says ,29469,588,113,127.0,107.0,555.0,597.0,No,1,saccade,0.1561273299678865,0.0015424252293313764
37,2,1,24,40, says ,29498,592,113,127.0,107.0,555.0,597.0,No,1,sliding,0.13793103448275862,-0.0006274584650044098
37,2,1,24,41, buyers ,29561,608,114,127.0,107.0,597.0,656.0,No,1,saccade,0.2544638022520857,0.0018497264725290013
37,2,1,24,41, buyers ,29618,619,115,127.0,107.0,597.0,656.0,No,1,saccade,0.19377826345942564,-0.0010646585753098256
37,2,1,24,41, buyers ,29648,622,115,127.0,107.0,597.0,656.0,No,1,sliding,0.1,-0.003125942115314188
37,2,1,24,41, buyers ,29714,628,115,127.0,107.0,597.0,656.0,No,1,fixation,0.09090909090909091,-0.00013774104683195596
37,2,1,24,41, buyers ,29772,629,115,127.0,107.0,597.0,656.0,No,1,fixation,0.017241379310344827,-0.0012701329585990703
37,2,1,24,41, buyers ,29806,629,115,127.0,107.0,597.0,656.0,No,1,fixation,0.0,-0.0005070993914807302
37,2,1,24,41, buyers ,29860,629,115,127.0,107.0,597.0,656.0,No,1,fixation,0.0,0.0
37,2,1,24,41, buyers ,29927,629,115,127.0,107.0,597.0,656.0,No,1,fixation,0.0,0.0
37,2,1,24,41, buyers ,29954,629,115,127.0,107.0,597.0,656.0,No,1,fixation,0.0,0.0
37,2,1,24,41, buyers ,30018,634,115,127.0,107.0,597.0,656.0,No,1,fixation,0.078125,0.001220703125
37,2,1,24,41, buyers ,30070,654,115,127.0,107.0,597.0,656.0,No,1,saccade,0.38461538461538464,0.005894045857988166
37,2,1,24,42, aren't ,30103,668,116,127.0,107.0,656.0,705.0,No,1,saccade,0.4253232984126727,0.0012335731453723651
37,2,1,24,42, aren't ,30164,673,117,127.0,107.0,656.0,705.0,No,1,fixation,0.08359048382938991,-0.005602177288250537
37,2,1,24,42, aren't ,30220,685,119,127.0,107.0,656.0,705.0,No,1,saccade,0.2172415189392221,0.002386625626961289
37,2,1,24,42, aren't ,30248,696,121,127.0,107.0,656.0,705.0,No,1,saccade,0.39929785312496247,0.006502011935205013
37,2,1,24,43, always ,30315,728,126,127.0,107.0,705.0,760.0,No,1,saccade,0.48340700718512375,0.0012553605083606163
37,2,1,24,43, always ,30372,739,126,127.0,107.0,705.0,760.0,No,1,saccade,0.19298245614035087,-0.005095167562188998
37,2,1,24,43, always ,30400,748,128,127.0,107.0,705.0,760.0,No,1,saccade,0.3292694449033174,0.004867392455820233
37,2,1,24,43, always ,30466,754,128,127.0,107.0,705.0,760.0,No,1,fixation,0.09090909090909091,-0.0036115205150640374
37,2,1,24,43, always ,30522,757,128,127.0,107.0,705.0,760.0,No,1,fixation,0.05357142857142857,-0.000666743970315399
37,2,1,24,43, always ,30548,758,128,127.0,107.0,705.0,760.0,No,1,fixation,0.038461538461538464,-0.0005811496196111578
37,2,1,24,43, always ,30613,737,128,127.0,107.0,705.0,760.0,No,1,saccade,0.3230769230769231,0.0043786982248520704
37,2,1,24,-1,,30668,246,143,,,,,No,1,saccade,8.931437650927016,0.1565156495972744
37,2,1,24,45, their ,30699,172,146,167.0,147.0,153.0,193.0,No,1,saccade,2.3890576079078096,-0.2110445175167486
37,2,1,24,44, getting ,30764,145,147,167.0,147.0,94.0,153.0,No,1,saccade,0.4156694180340399,-0.030359818305750304
37,2,1,24,44, getting ,30818,135,148,167.0,147.0,94.0,153.0,No,1,saccade,0.186108807798535,-0.004251122411768609
37,2,1,24,44, getting ,30849,131,148,167.0,147.0,94.0,153.0,No,1,sliding,0.12903225806451613,-0.0018411790236780284
37,2,1,24,-1,,30916,122,144,,,,,No,1,sliding,0.14699787763874783,0.00026814357573480156
37,2,1,24,-1,,30968,118,145,,,,,No,1,fixation,0.07929049280033963,-0.0013020650930463116
37,2,1,24,44, getting ,31000,109,152,167.0,147.0,94.0,153.0,No,1,saccade,0.3563048203434806,0.008656697735723156
37,2,1,24,44, getting ,31063,96,162,167.0,147.0,94.0,153.0,No,1,saccade,0.2603368169342338,-0.0015233016414166163
37,2,1,24,-1,,31117,89,164,,,,,No,1,sliding,0.13481684980149108,-0.0023244438357915313
37,2,1,24,-1,,31148,88,165,,,,,No,1,fixation,0.04561979233461597,-0.0028773244344153263
37,2,1,24,-1,,31216,85,166,,,,,No,1,fixation,0.046504083237770284,1.30042779875634e-05
37,2,1,24,-1,,31276,85,166,,,,,No,1,fixation,0.0,-0.0007750680539628381
37,2,1,24,-1,,31298,85,166,,,,,No,1,fixation,0.0,0.0
37,2,1,24,-1,,31360,85,167,,,,,No,1,fixation,0.016129032258064516,0.0002601456815816857
37,2,1,24,-1,,31417,87,167,,,,,No,1,fixation,0.03508771929824561,0.00033260854456458063
37,2,1,24,-1,,31449,89,166,,,,,No,1,fixation,0.06987712429686843,0.001087168906206963
37,2,1,24,44, getting ,31511,102,160,167.0,147.0,94.0,153.0,No,1,saccade,0.2309325977947799,0.0025976689273856687
37,2,1,24,44, getting ,31568,111,156,167.0,147.0,94.0,153.0,No,1,saccade,0.172786978978879,-0.0010200985757175594
37,2,1,24,44, getting ,31599,115,155,167.0,147.0,94.0,153.0,No,1,sliding,0.13300340727798904,-0.001283341022609354
37,2,1,24,44, getting ,31657,122,154,167.0,147.0,94.0,153.0,No,1,sliding,0.12191496227354268,-0.00019118008628355796
37,2,1,24,44, getting ,31718,127,153,167.0,147.0,94.0,153.0,No,1,fixation,0.08359048382938991,-0.0006282701384287339
37,2,1,24,44, getting ,31749,129,153,167.0,147.0,94.0,153.0,No,1,fixation,0.06451612903225806,-0.0006153017676494145
37,2,1,24,44, getting ,31814,131,152,167.0,147.0,94.0,153.0,No,1,fixation,0.034401045807689073,-0.00046330897268567674
37,2,1,24,44, getting ,31867,139,152,167.0,147.0,94.0,153.0,No,1,saccade,0.1509433962264151,0.0021989122720514342
37,2,1,24,44, getting ,31899,143,151,167.0,147.0,94.0,153.0,No,1,sliding,0.1288470508005519,-0.0006905107945582249
37,2,1,24,44, getting ,31964,147,150,167.0,147.0,94.0,153.0,No,1,fixation,0.0634323942402717,-0.0010063793316966185
37,2,1,24,44, getting ,32017,149,150,167.0,147.0,94.0,153.0,No,1,fixation,0.03773584905660377,-0.0004848404751635457
37,2,1,24,44, getting ,32047,150,150,167.0,147.0,94.0,153.0,No,1,fixation,0.03333333333333333,-0.00014675052410901464
37,2,1,24,45, their ,32120,164,150,167.0,147.0,153.0,193.0,No,1,saccade,0.1917808219178082,0.0021705135422530808
37,2,1,24,45, their ,32170,175,150,167.0,147.0,153.0,193.0,No,1,saccade,0.22,0.0005643835616438358
37,2,1,24,45, their ,32198,178,151,167.0,147.0,153.0,193.0,No,1,sliding,0.11293848786315641,-0.0038236254334586997
37,2,1,24,46, money's ,32270,201,154,167.0,147.0,193.0,264.0,No,1,saccade,0.3221503751317556,0.002905720656508322
37,2,1,24,46, money's ,32318,205,154,167.0,147.0,193.0,264.0,No,1,fixation,0.08333333333333333,-0.004975355037467131
37,2,1,24,46, money's ,32347,207,154,167.0,147.0,193.0,264.0,No,1,fixation,0.06896551724137931,-0.000495441934205311
37,2,1,24,46, money's ,32420,221,153,167.0,147.0,193.0,264.0,No,1,saccade,0.19226943626874246,0.0016890947811967554
37,2,1,24,46, money's ,32470,229,152,167.0,147.0,193.0,264.0,No,1,saccade,0.16124515496597097,-0.0006204856260554298
37,2,1,24,46, money's ,32498,235,152,167.0,147.0,193.0,264.0,No,1,saccade,0.21428571428571427,0.0018943056899908323
37,2,1,24,46, money's ,32569,256,154,167.0,147.0,193.0,264.0,No,1,saccade,0.2971130015454787,0.0011665815107009074
37,2,1,24,47, worth. ,32620,275,157,167.0,147.0,265.0,314.0,No,1,saccade,0.3771643933661048,0.0015696351337377665
37,2,1,24,47, worth. ,32654,282,157,167.0,147.0,265.0,314.0,No,1,saccade,0.20588235294117646,-0.005037707071321422
37,2,1,24,47, worth. ,32710,286,158,167.0,147.0,265.0,314.0,No,1,fixation,0.07362688617174394,-0.002361704763739866
37,2,1,24,47, worth. ,32781,294,161,167.0,147.0,265.0,314.0,No,1,sliding,0.12033808091996522,0.0006579041513833982
37,2,1,24,47, worth. ,32799,301,164,167.0,147.0,265.0,314.0,No,1,saccade,0.42309850588132825,0.01682002360896461
37,2,1,24,-1,,32866,337,173,,,,,No,1,saccade,0.5538500094113276,0.0019515149780596913
37,2,1,24,-1,,32917,364,183,,,,,No,1,saccade,0.5645560803485478,0.0002099229595533373
37,2,1,25,0, The ,905,125,27,47.0,27.0,94.0,130.0,Yes,13,fixation,0.0,0.0
37,2,1,25,0, The ,954,111,36,47.0,27.0,94.0,130.0,Yes,13,saccade,0.33965953014475997,0.006931827145811428
37,2,1,25,0, The ,1004,102,41,47.0,27.0,94.0,130.0,Yes,13,saccade,0.20591260281974003,-0.0026749385465003987
37,2,1,25,0, The ,1050,100,42,47.0,27.0,94.0,130.0,Yes,13,fixation,0.04861017342390848,-0.0034196180303441644
37,2,1,25,0, The ,1100,100,42,47.0,27.0,94.0,130.0,Yes,13,fixation,0.0,-0.0009722034684781695
37,2,1,25,0, The ,1153,99,42,47.0,27.0,94.0,130.0,Yes,13,fixation,0.018867924528301886,0.00035599857600569594
37,2,1,25,0, The ,1201,99,42,47.0,27.0,94.0,130.0,Yes,13,fixation,0.0,-0.0003930817610062893
37,2,1,25,0, The ,1247,99,42,47.0,27.0,94.0,130.0,Yes,13,fixation,0.0,0.0
37,2,1,25,0, The ,1300,99,42,47.0,27.0,94.0,130.0,Yes,13,fixation,0.0,0.0
37,2,1,25,0, The ,1348,99,42,47.0,27.0,94.0,130.0,Yes,13,fixation,0.0,0.0
37,2,1,25,0, The ,1400,99,42,47.0,27.0,94.0,130.0,Yes,13,fixation,0.0,0.0
37,2,1,25,0, The ,1447,100,43,47.0,27.0,94.0,130.0,Yes,13,fixation,0.030089650263257342,0.0006402053247501563
37,2,1,25,0, The ,1497,102,44,47.0,27.0,94.0,130.0,Yes,13,fixation,0.044721359549995794,0.00029263418573476904
37,2,1,25,0, The ,1550,103,44,47.0,27.0,94.0,130.0,Yes,13,fixation,0.018867924528301886,-0.00048780066078667753
37,2,1,25,0, The ,1599,104,45,47.0,27.0,94.0,130.0,Yes,13,fixation,0.02886150127292031,0.00020395054580853926
37,2,1,25,0, The ,1656,105,45,47.0,27.0,94.0,130.0,Yes,13,fixation,0.017543859649122806,-0.00019855511620697373
37,2,1,25,0, The ,1698,106,45,47.0,27.0,94.0,130.0,Yes,13,fixation,0.023809523809523808,0.00014918248000954766
37,2,1,25,0, The ,1746,106,46,47.0,27.0,94.0,130.0,Yes,13,fixation,0.020833333333333332,-6.200396825396825e-05
37,2,1,25,0, The ,1805,106,46,47.0,27.0,94.0,130.0,Yes,13,fixation,0.0,-0.00035310734463276836
37,2,1,25,0, The ,1847,107,46,47.0,27.0,94.0,130.0,Yes,13,fixation,0.023809523809523808,0.0005668934240362812
37,2,1,25,0, The ,1904,107,46,47.0,27.0,94.0,130.0,Yes,13,fixation,0.0,-0.0004177109440267335
37,2,1,25,0, The ,1944,109,46,47.0,27.0,94.0,130.0,Yes,13,fixation,0.05,0.00125
37,2,1,25,0, The ,2000,117,48,47.0,27.0,94.0,130.0,Yes,13,sliding,0.14725377234348788,0.001736674506133712
37,2,1,25,-1,,2045,128,50,,,,,Yes,13,saccade,0.24845199749997665,0.0022488494479219728
37,2,1,25,-1,,2095,133,50,,,,,Yes,13,sliding,0.1,-0.0029690399499995327
37,2,1,25,1, girl's ,2144,141,47,47.0,27.0,130.0,171.0,Yes,13,saccade,0.17436742337382716,0.0015177025178332072
37,2,1,25,1, girl's ,2196,165,44,47.0,27.0,130.0,171.0,Yes,13,saccade,0.4651302547095317,0.00559159291030201
37,2,1,25,2, feet ,2245,193,43,47.0,27.0,172.0,207.0,Yes,13,saccade,0.5717928867804857,0.002176788409611306
37,2,1,25,3, were ,2294,214,46,47.0,27.0,207.0,251.0,Yes,13,saccade,0.43292251909380464,-0.0028340891364628785
37,2,1,25,3, were ,2346,224,46,47.0,27.0,207.0,251.0,Yes,13,saccade,0.19230769230769232,-0.0046272082074252366
37,2,1,25,3, were ,2394,229,46,47.0,27.0,207.0,251.0,Yes,13,sliding,0.10416666666666667,-0.0018362713675213677
37,2,1,25,3, were ,2445,234,46,47.0,27.0,207.0,251.0,Yes,13,fixation,0.09803921568627451,-0.00012014609765474829
37,2,1,25,3, were ,2495,238,46,47.0,27.0,207.0,251.0,Yes,13,fixation,0.08,-0.00036078431372549015
37,2,1,25,3, were ,2544,240,45,47.0,27.0,207.0,251.0,Yes,13,fixation,0.04563404035713857,-0.0007013461151604374
37,2,1,25,3, were ,2596,241,44,47.0,27.0,207.0,251.0,Yes,13,fixation,0.02719641466102106,-0.0003545697249253367
37,2,1,25,3, were ,2644,242,43,47.0,27.0,207.0,251.0,Yes,13,fixation,0.029462782549439483,4.721599767538383e-05
37,2,1,25,3, were ,2699,243,42,47.0,27.0,207.0,251.0,Yes,13,fixation,0.025712973861329,-6.817833978382695e-05
37,2,1,25,3, were ,2749,250,39,47.0,27.0,207.0,251.0,Yes,13,saccade,0.15231546211727817,0.002532049765118983
37,2,1,25,4, then ,2799,272,29,47.0,27.0,251.0,291.0,Yes,13,saccade,0.4833218389437829,0.006620127536530094
37,2,1,25,-1,,2853,298,23,,,,,Yes,13,saccade,0.4941357060787531,0.00020025679879574507
37,2,1,25,-1,,2895,309,22,,,,,Yes,13,saccade,0.26298478612350623,-0.005503593332267783
37,2,1,25,-1,,2945,315,22,,,,,Yes,13,sliding,0.12,-0.0028596957224701247
37,2,1,25,-1,,2995,323,22,,,,,Yes,13,saccade,0.16,0.0008000000000000001
37,2,1,25,-1,,3044,327,23,,,,,Yes,13,fixation,0.08414501276770736,-0.0015480609639243396
37,2,1,25,-1,,3094,332,25,,,,,Yes,13,sliding,0.10770329614269007,0.00047116566749965424
37,2,1,25,5, re-wrapped ,3145,342,35,47.0,27.0,291.0,387.0,Yes,13,saccade,0.277296776935901,0.0033253623684943315
37,2,1,25,5, re-wrapped ,3196,345,37,47.0,27.0,291.0,387.0,Yes,13,fixation,0.07069708383262724,-0.004050974374573995
37,2,1,25,5, re-wrapped ,3244,345,37,47.0,27.0,291.0,387.0,Yes,13,fixation,0.0,-0.0014728559131797342
37,2,1,25,5, re-wrapped ,3296,341,39,47.0,27.0,291.0,387.0,Yes,13,fixation,0.08600261451922268,0.0016538964330619747
37,2,1,25,5, re-wrapped ,3345,319,44,47.0,27.0,291.0,387.0,Yes,13,saccade,0.460429149905244,0.007641357865020842
37,2,1,25,5, re-wrapped ,3395,301,44,47.0,27.0,291.0,387.0,Yes,13,saccade,0.36,-0.0020085829981048796
37,2,1,25,5, re-wrapped ,3445,294,44,47.0,27.0,291.0,387.0,Yes,13,sliding,0.14,-0.004399999999999999
37,2,1,25,4, then ,3495,270,40,47.0,27.0,251.0,291.0,Yes,13,saccade,0.48662100242385753,0.00693242004847715
37,2,1,25,3, were ,3545,234,29,47.0,27.0,207.0,251.0,Yes,13,saccade,0.7528612089887484,0.005324804131297818
37,2,1,25,3, were ,3595,219,26,47.0,27.0,207.0,251.0,Yes,13,saccade,0.3059411708155671,-0.008938400763463627
37,2,1,25,-1,,3646,218,25,,,,,Yes,13,fixation,0.0277296776935901,-0.005455127316117196
37,2,1,25,-1,,3695,217,25,,,,,Yes,13,fixation,0.02040816326530612,-0.00014941866180171387
37,2,1,25,3, were ,3748,228,27,47.0,27.0,207.0,251.0,Yes,13,saccade,0.2109498091980934,0.0035951253949582504
37,2,1,25,4, then ,3798,272,32,47.0,27.0,251.0,291.0,Yes,13,saccade,0.8856635930193812,0.013494275676425757
37,2,1,25,5, re-wrapped ,3849,311,35,47.0,27.0,291.0,387.0,Yes,13,saccade,0.7669649888473704,-0.0023274236112158985
37,2,1,25,5, re-wrapped ,3898,340,39,47.0,27.0,291.0,387.0,Yes,13,saccade,0.5974400476858959,-0.0034596926767647865
37,2,1,25,5, re-wrapped ,3947,354,42,47.0,27.0,291.0,387.0,Yes,13,saccade,0.2922004298627827,-0.0062293799555737375
37,2,1,25,5, re-wrapped ,4000,356,42,47.0,27.0,291.0,387.0,Yes,13,fixation,0.03773584905660377,-0.0048012185057769614
37,2,1,25,5, re-wrapped ,4059,356,42,47.0,27.0,291.0,387.0,Yes,13,fixation,0.0,-0.0006395906619763351
37,2,1,25,5, re-wrapped ,4111,356,42,47.0,27.0,291.0,387.0,Yes,13,fixation,0.0,0.0
37,2,1,25,5, re-wrapped ,4145,356,42,47.0,27.0,291.0,387.0,Yes,13,fixation,0.0,0.0
37,2,1,25,5, re-wrapped ,4199,356,42,47.0,27.0,291.0,387.0,Yes,13,fixation,0.0,0.0
37,2,1,25,5, re-wrapped ,4250,356,42,47.0,27.0,291.0,387.0,Yes,13,fixation,0.0,0.0
37,2,1,25,5, re-wrapped ,4302,356,42,47.0,27.0,291.0,387.0,Yes,13,fixation,0.0,0.0
37,2,1,25,5, re-wrapped ,4356,356,42,47.0,27.0,291.0,387.0,Yes,13,fixation,0.0,0.0
37,2,1,25,5, re-wrapped ,4397,357,42,47.0,27.0,291.0,387.0,Yes,13,fixation,0.024390243902439025,0.000594883997620464
37,2,1,25,5, re-wrapped ,4450,358,42,47.0,27.0,291.0,387.0,Yes,13,fixation,0.018867924528301886,-0.00010419470517239885
37,2,1,25,5, re-wrapped ,4499,376,28,47.0,27.0,291.0,387.0,Yes,13,saccade,0.4653777245302604,0.009112444897999153
37,2,1,25,-1,,4550,406,9,,,,,Yes,13,saccade,0.6962855256692041,0.0045276039439008575
37,2,1,25,-1,,4594,420,4,,,,,Yes,13,saccade,0.33786519880269333,-0.008145916519693427
37,2,1,25,-1,,4645,421,4,,,,,Yes,13,fixation,0.0196078431372549,-0.006240340307165459
37,2,1,25,-1,,4694,421,4,,,,,Yes,13,fixation,0.0,-0.0004001600640256102
37,2,1,25,-1,,4744,421,4,,,,,Yes,13,fixation,0.0,0.0
37,2,1,25,-1,,4794,421,4,,,,,Yes,13,fixation,0.0,0.0
37,2,1,25,-1,,4845,421,4,,,,,Yes,13,fixation,0.0,0.0
37,2,1,25,-1,,4895,421,4,,,,,Yes,13,fixation,0.0,0.0
37,2,1,25,-1,,4969,426,20,,,,,Yes,13,saccade,0.22652776505730016,0.00306118601428784
37,2,1,25,6, even ,4997,429,36,47.0,27.0,387.0,431.0,Yes,13,saccade,0.5813864498607038,0.012673524457264414
37,2,1,25,-1,,5058,432,52,,,,,Yes,13,saccade,0.2668659114114706,-0.005156074400807101
37,2,1,25,-1,,5125,434,62,,,,,Yes,13,saccade,0.1522095377191876,-0.0017112891595863133
37,2,1,25,-1,,5150,434,63,,,,,Yes,13,fixation,0.04,-0.0044883815087675034
37,2,1,25,-1,,5216,434,63,,,,,Yes,13,fixation,0.0,-0.0006060606060606061
37,2,1,25,-1,,5270,434,63,,,,,Yes,13,fixation,0.0,0.0
37,2,1,25,-1,,5303,435,63,,,,,Yes,13,fixation,0.030303030303030304,0.0009182736455463728
37,2,1,25,7, tighter ,5365,444,43,47.0,27.0,431.0,486.0,Yes,13,saccade,0.3537372935396985,0.005216681665107552
37,2,1,25,-1,,5422,455,24,,,,,Yes,13,saccade,0.38516663859824823,0.0005513920185710476
37,2,1,25,-1,,5453,456,22,,,,,Yes,13,saccade,0.07213122508063838,-0.01009791656508419
37,2,1,25,-1,,5513,456,21,,,,,Yes,13,fixation,0.016666666666666666,-0.0009244093068995286
37,2,1,25,-1,,5579,456,21,,,,,Yes,13,fixation,0.0,-0.0002525252525252525
37,2,1,25,-1,,5604,456,21,,,,,Yes,13,fixation,0.0,0.0
37,2,1,25,-1,,5664,457,21,,,,,Yes,13,fixation,0.016666666666666666,0.0002777777777777778
37,2,1,25,-1,,5732,457,21,,,,,Yes,13,fixation,0.0,-0.00024509803921568627
37,2,1,25,-1,,5749,457,21,,,,,Yes,13,fixation,0.0,0.0
37,2,1,25,-1,,5818,457,21,,,,,Yes,13,fixation,0.0,0.0
37,2,1,25,-1,,5879,457,21,,,,,Yes,13,fixation,0.0,0.0
37,2,1,25,-1,,5904,457,21,,,,,Yes,13,fixation,0.0,0.0
37,2,1,25,-1,,5964,457,21,,,,,Yes,13,fixation,0.0,0.0
37,2,1,25,-1,,6024,457,21,,,,,Yes,13,fixation,0.0,0.0
37,2,1,25,-1,,6058,457,21,,,,,Yes,13,fixation,0.0,0.0
37,2,1,25,-1,,6110,457,21,,,,,Yes,13,fixation,0.0,0.0
37,2,1,25,-1,,6180,457,21,,,,,Yes,13,fixation,0.0,0.0
37,2,1,25,-1,,6199,457,21,,,,,Yes,13,fixation,0.0,0.0
37,2,1,25,-1,,6272,457,21,,,,,Yes,13,fixation,0.0,0.0
37,2,1,25,-1,,6317,457,22,,,,,Yes,13,fixation,0.022222222222222223,0.0004938271604938272
37,2,1,25,7, tighter ,6349,452,28,47.0,27.0,431.0,486.0,Yes,13,saccade,0.24407030237208294,0.006932752504683147
37,2,1,25,-1,,6411,428,55,,,,,Yes,13,saccade,0.5826578021996272,0.0054610887068958745
37,2,1,25,-1,,6474,424,60,,,,,Yes,13,sliding,0.10163689265766426,-0.007635252532412109
37,2,1,25,-1,,6506,424,60,,,,,Yes,13,fixation,0.0,-0.003176152895552008
37,2,1,25,-1,,6556,424,60,,,,,Yes,13,fixation,0.0,0.0
37,2,1,25,-1,,6618,424,60,,,,,Yes,13,fixation,0.0,0.0
37,2,1,25,-1,,6661,424,60,,,,,Yes,13,fixation,0.0,0.0
37,2,1,25,-1,,6711,424,58,,,,,Yes,13,fixation,0.04,0.0008
37,2,1,25,-1,,6766,423,54,,,,,Yes,13,fixation,0.07496555682941201,0.0006357373968984003
37,2,1,25,-1,,6799,419,52,,,,,Yes,13,sliding,0.13551927136362363,0.0018349610464912611
37,2,1,25,6, even ,6866,406,49,47.0,27.0,387.0,431.0,Yes,13,saccade,0.1991293143899453,0.0009494036272585325
37,2,1,25,6, even ,6915,393,48,47.0,27.0,387.0,431.0,Yes,13,saccade,0.266089894089904,0.0013665424428563003
37,2,1,25,5, re-wrapped ,6949,386,48,47.0,27.0,291.0,387.0,Yes,13,saccade,0.20588235294117646,-0.0017708100337861048
37,2,1,25,5, re-wrapped ,7017,377,44,47.0,27.0,291.0,387.0,Yes,13,sliding,0.14483614414406035,-0.0008977383646634723
37,2,1,25,5, re-wrapped ,7066,375,42,47.0,27.0,291.0,387.0,Yes,13,fixation,0.05772300254584062,-0.0017778192162901986
37,2,1,25,5, re-wrapped ,7100,375,41,47.0,27.0,291.0,387.0,Yes,13,fixation,0.029411764705882353,-0.0008326834658811254
37,2,1,25,5, re-wrapped ,7163,375,41,47.0,27.0,291.0,387.0,Yes,13,fixation,0.0,-0.0004668534080298786
37,2,1,25,5, re-wrapped ,7217,375,41,47.0,27.0,291.0,387.0,Yes,13,fixation,0.0,0.0
37,2,1,25,5, re-wrapped ,7247,375,41,47.0,27.0,291.0,387.0,Yes,13,fixation,0.0,0.0
37,2,1,25,6, even ,7311,405,35,47.0,27.0,387.0,431.0,Yes,13,saccade,0.4780330793993236,0.007469266865614431
37,2,1,25,7, tighter ,7373,445,38,47.0,27.0,431.0,486.0,Yes,13,saccade,0.6469732619397284,0.0027248416538774964
37,2,1,25,7, tighter ,7397,466,45,47.0,27.0,431.0,486.0,Yes,13,saccade,0.9223309842157773,0.011473238428168706
37,2,1,25,-1,,7461,497,55,,,,,Yes,13,saccade,0.5089530460906978,-0.006459030283204367
37,2,1,25,-1,,7526,501,56,,,,,Yes,13,fixation,0.0634323942402717,-0.00685416387462194
37,2,1,25,-1,,7548,501,56,,,,,Yes,13,fixation,0.0,-0.002883290647285077
37,2,1,25,-1,,7612,502,56,,,,,Yes,13,fixation,0.015625,0.000244140625
37,2,1,25,-1,,7666,503,56,,,,,Yes,13,fixation,0.018518518518518517,5.358367626886144e-05
37,2,1,25,-1,,7698,505,56,,,,,Yes,13,fixation,0.0625,0.0013744212962962963
37,2,1,25,9," before, ",7766,529,47,47.0,27.0,526.0,587.0,Yes,13,saccade,0.3769413417051852,0.004624137378017429
37,2,1,25,9," before, ",7816,551,44,47.0,27.0,526.0,587.0,Yes,13,saccade,0.4440720662234904,0.001342614490366104
37,2,1,25,9," before, ",7849,561,44,47.0,27.0,526.0,587.0,Yes,13,saccade,0.30303030303030304,-0.00427399282403598
37,2,1,25,9," before, ",7912,569,45,47.0,27.0,526.0,587.0,Yes,13,sliding,0.12797234521108808,-0.002778697743162142
37,2,1,25,9," before, ",7979,569,45,47.0,27.0,526.0,587.0,Yes,13,fixation,0.0,-0.0019100350031505684
37,2,1,25,9," before, ",7996,569,45,47.0,27.0,526.0,587.0,Yes,13,fixation,0.0,0.0
37,2,1,25,9," before, ",8062,569,45,47.0,27.0,526.0,587.0,Yes,13,fixation,0.0,0.0
37,2,1,25,9," before, ",8116,569,45,47.0,27.0,526.0,587.0,Yes,13,fixation,0.0,0.0
37,2,1,25,9," before, ",8146,569,45,47.0,27.0,526.0,587.0,Yes,13,fixation,0.0,0.0
37,2,1,25,9," before, ",8210,569,45,47.0,27.0,526.0,587.0,Yes,13,fixation,0.0,0.0
37,2,1,25,9," before, ",8289,569,45,47.0,27.0,526.0,587.0,Yes,13,fixation,0.0,0.0
37,2,1,25,9," before, ",8297,569,45,47.0,27.0,526.0,587.0,Yes,13,fixation,0.0,0.0
37,2,1,25,10, causing ,8362,590,47,47.0,27.0,587.0,654.0,Yes,13,saccade,0.32453881707275367,0.004992904878042364
37,2,1,25,-1,,8423,624,52,,,,,Yes,13,saccade,0.5633718123750683,0.0039152950049559775
37,2,1,25,-1,,8446,640,54,,,,,Yes,13,saccade,0.7010658911563956,0.005986699077449015
37,2,1,25,-1,,8512,652,56,,,,,Yes,13,saccade,0.18432613728176422,-0.00782939021022169
37,2,1,25,-1,,8565,658,58,,,,,Yes,13,sliding,0.11933123245918413,-0.0012263189589166055
37,2,1,25,-1,,8596,664,58,,,,,Yes,13,saccade,0.1935483870967742,0.002394101762502905
37,2,1,25,-1,,8661,677,56,,,,,Yes,13,saccade,0.20235302212255238,0.00013545592347351062
37,2,1,25,-1,,8717,697,51,,,,,Yes,13,saccade,0.3681344308587197,0.002960382298860131
37,2,1,25,12, footprint ,8746,709,47,47.0,27.0,685.0,750.0,Yes,13,saccade,0.436176228988742,0.00234626890103525
37,2,1,25,12, footprint ,8811,729,42,47.0,27.0,685.0,750.0,Yes,13,saccade,0.31716197120135853,-0.0018309885813443606
37,2,1,25,12, footprint ,8869,736,39,47.0,27.0,685.0,750.0,Yes,13,sliding,0.13130643285972257,-0.003204405833476482
37,2,1,25,12, footprint ,8896,739,38,47.0,27.0,685.0,750.0,Yes,13,sliding,0.11712139482105109,-0.0005253717792100548
37,2,1,25,12, footprint ,8960,740,36,47.0,27.0,685.0,750.0,Yes,13,fixation,0.034938562148434216,-0.0012841067605096387
37,2,1,25,12, footprint ,9027,741,36,47.0,27.0,685.0,750.0,Yes,13,fixation,0.014925373134328358,-0.000298704313643371
37,2,1,25,12, footprint ,9048,741,36,47.0,27.0,685.0,750.0,Yes,13,fixation,0.0,-0.0007107320540156361
37,2,1,25,12, footprint ,9109,741,36,47.0,27.0,685.0,750.0,Yes,13,fixation,0.0,0.0
37,2,1,25,12, footprint ,9166,693,38,47.0,27.0,685.0,750.0,Yes,13,saccade,0.8428359403132851,0.014786595444092722
37,2,1,25,-1,,9200,506,21,,,,,Yes,13,saccade,5.522680508593631,0.13764248730236311
37,2,1,25,-1,,9267,165,5,,,,,Yes,13,saccade,5.095151644741675,-0.006381027818685908
37,2,1,25,-1,,9318,98,3,,,,,Yes,13,saccade,1.314310668617168,-0.07413413678675504
37,2,1,25,-1,,9349,66,5,,,,,Yes,13,saccade,1.0342722285084773,-0.009033498068022278
37,2,1,25,-1,,9414,42,15,,,,,Yes,13,saccade,0.4,-0.009758034284745806
37,2,1,25,-1,,9468,33,25,,,,,Yes,13,saccade,0.24914118605692057,-0.0027936817396866567
37,2,1,25,-1,,9499,30,36,,,,,Yes,13,saccade,0.36779852422552833,0.0038276560699550895
37,2,1,25,-1,,9565,47,61,,,,,Yes,13,saccade,0.4580671653888174,0.001367706684292259
37,2,1,25,-1,,9617,74,78,,,,,Yes,13,saccade,0.6135790820593775,0.0029906137821261555
37,2,1,25,-1,,9649,93,90,,,,,Yes,13,saccade,0.7022564079451322,0.002771166433929835
37,2,1,25,-1,,9713,106,99,,,,,Yes,13,saccade,0.24705294220065463,-0.007112554152257462
37,2,1,25,-1,,9779,111,102,,,,,Yes,13,fixation,0.08834775598250455,-0.0024046240336083346
37,2,1,25,-1,,9797,112,103,,,,,Yes,13,fixation,0.07856742013183862,-0.0005433519917036626
37,2,1,25,-1,,9858,113,103,,,,,Yes,13,fixation,0.01639344262295082,-0.001019245532932587
37,2,1,25,-1,,9924,114,103,,,,,Yes,13,fixation,0.015151515151515152,-1.8817082900540432e-05
37,2,1,25,-1,,9957,114,103,,,,,Yes,13,fixation,0.0,-0.0004591368227731864
37,2,1,25,-1,,10017,116,97,,,,,Yes,13,sliding,0.10540925533894599,0.0017568209223157666
37,2,1,25,-1,,10066,116,90,,,,,Yes,13,sliding,0.14285714285714285,0.0007642426024121808
37,2,1,25,14, shrink ,10101,116,88,87.0,67.0,114.0,167.0,Yes,13,fixation,0.05714285714285714,-0.0024489795918367346
37,2,1,25,14, shrink ,10160,115,87,87.0,67.0,114.0,167.0,Yes,13,fixation,0.023969721396154154,-0.0005622565380797116
37,2,1,25,14, shrink ,10227,114,87,87.0,67.0,114.0,167.0,Yes,13,fixation,0.014925373134328358,-0.00013499027256456413
37,2,1,25,13, to ,10250,113,86,87.0,67.0,94.0,114.0,Yes,13,fixation,0.06148754619013457,0.0020244423067741833
37,2,1,25,13, to ,10311,110,84,87.0,67.0,94.0,114.0,Yes,13,fixation,0.05910739795842605,-3.901882347063146e-05
37,2,1,25,13, to ,10379,106,80,87.0,67.0,94.0,114.0,Yes,13,fixation,0.0831890330807703,0.00035414169297565075
37,2,1,25,13, to ,10397,106,80,87.0,67.0,94.0,114.0,Yes,13,fixation,0.0,-0.004621612948931684
37,2,1,25,13, to ,10460,106,79,87.0,67.0,94.0,114.0,Yes,13,fixation,0.015873015873015872,0.00025195263290501383
37,2,1,25,13, to ,10527,106,79,87.0,67.0,94.0,114.0,Yes,13,fixation,0.0,-0.0002369106846718787
37,2,1,25,13, to ,10548,107,78,87.0,67.0,94.0,114.0,Yes,13,fixation,0.06734350297014739,0.0032068334747689235
37,2,1,25,14, shrink ,10611,137,77,87.0,67.0,114.0,167.0,Yes,13,saccade,0.4764549530096392,0.006493832540309393
37,2,1,25,14, shrink ,10666,147,77,87.0,67.0,114.0,167.0,Yes,13,saccade,0.18181818181818182,-0.005357032203481043
37,2,1,25,14, shrink ,10696,150,77,87.0,67.0,114.0,167.0,Yes,13,sliding,0.1,-0.002727272727272727
37,2,1,25,14, shrink ,10760,156,77,87.0,67.0,114.0,167.0,Yes,13,fixation,0.09375,-9.765625000000009e-05
37,2,1,25,14, shrink ,10825,161,78,87.0,67.0,114.0,167.0,Yes,13,fixation,0.0784464540552736,-0.0002354391683804061
37,2,1,25,14, shrink ,10849,162,78,87.0,67.0,114.0,167.0,Yes,13,fixation,0.041666666666666664,-0.0015324911411919559
37,2,1,25,15, further ,10914,170,79,87.0,67.0,167.0,224.0,Yes,13,sliding,0.12403473458920845,0.0012672010449621812
37,2,1,25,15, further ,10969,185,77,87.0,67.0,167.0,224.0,Yes,13,saccade,0.27514083546221013,0.0027473836522363946
37,2,1,25,15, further ,10997,196,76,87.0,67.0,167.0,224.0,Yes,13,saccade,0.3944771791852593,0.004262012275823185
37,2,1,25,15, further ,11063,222,76,87.0,67.0,167.0,224.0,Yes,13,saccade,0.3939393939393939,-8.148261300990855e-06
37,2,1,25,16, as ,11125,229,76,87.0,67.0,224.0,248.0,Yes,13,sliding,0.11290322580645161,-0.004532841421499069
37,2,1,25,16, as ,11146,232,76,87.0,67.0,224.0,248.0,Yes,13,sliding,0.14285714285714285,0.0014263770024138685
37,2,1,25,16, as ,11219,232,76,87.0,67.0,224.0,248.0,Yes,13,fixation,0.0,-0.0019569471624266144
37,2,1,25,16, as ,11272,232,76,87.0,67.0,224.0,248.0,Yes,13,fixation,0.0,0.0
37,2,1,25,16, as ,11306,232,76,87.0,67.0,224.0,248.0,Yes,13,fixation,0.0,0.0
37,2,1,25,16, as ,11358,232,76,87.0,67.0,224.0,248.0,Yes,13,fixation,0.0,0.0
37,2,1,25,16, as ,11419,233,76,87.0,67.0,224.0,248.0,Yes,13,fixation,0.01639344262295082,0.0002687449610319807
37,2,1,25,16, as ,11448,246,76,87.0,67.0,224.0,248.0,Yes,13,saccade,0.4482758620689655,0.014892497222276369
37,2,1,25,18, bones ,11516,289,76,87.0,67.0,278.0,332.0,Yes,13,saccade,0.6323529411764706,0.002707015869228015
37,2,1,25,18, bones ,11566,302,77,87.0,67.0,278.0,332.0,Yes,13,saccade,0.260768096208106,-0.007431696899367291
37,2,1,25,18, bones ,11596,303,77,87.0,67.0,278.0,332.0,Yes,13,fixation,0.03333333333333333,-0.007581158762492422
37,2,1,25,18, bones ,11671,303,77,87.0,67.0,278.0,332.0,Yes,13,fixation,0.0,-0.0004444444444444444
37,2,1,25,18, bones ,11725,303,77,87.0,67.0,278.0,332.0,Yes,13,fixation,0.0,0.0
37,2,1,25,18, bones ,11752,303,77,87.0,67.0,278.0,332.0,Yes,13,fixation,0.0,0.0
37,2,1,25,18, bones ,11822,303,77,87.0,67.0,278.0,332.0,Yes,13,fixation,0.0,0.0
37,2,1,25,18, bones ,11867,304,77,87.0,67.0,278.0,332.0,Yes,13,fixation,0.022222222222222223,0.0004938271604938272
37,2,1,25,18, bones ,11901,315,79,87.0,67.0,278.0,332.0,Yes,13,saccade,0.3288335261029103,0.009017979525902591
37,2,1,25,19, slowly ,11970,355,84,87.0,67.0,333.0,387.0,Yes,13,saccade,0.584221575963663,0.003701276084938445
37,2,1,25,19, slowly ,12019,372,87,87.0,67.0,333.0,387.0,Yes,13,saccade,0.3522995204414708,-0.0047331031739222896
37,2,1,25,19, slowly ,12050,372,87,87.0,67.0,333.0,387.0,Yes,13,saccade,0.0,-0.011364500659402284
37,2,1,25,19, slowly ,12117,372,87,87.0,67.0,333.0,387.0,Yes,13,fixation,0.0,0.0
37,2,1,25,19, slowly ,12167,372,87,87.0,67.0,333.0,387.0,Yes,13,fixation,0.0,0.0
37,2,1,25,19, slowly ,12201,372,87,87.0,67.0,333.0,387.0,Yes,13,fixation,0.0,0.0
37,2,1,25,19, slowly ,12266,372,87,87.0,67.0,333.0,387.0,Yes,13,fixation,0.0,0.0
37,2,1,25,19, slowly ,12316,372,87,87.0,67.0,333.0,387.0,Yes,13,fixation,0.0,0.0
37,2,1,25,19, slowly ,12347,379,87,87.0,67.0,333.0,387.0,Yes,13,saccade,0.22580645161290322,0.0072840790842872
37,2,1,25,20, fused ,12414,414,84,87.0,67.0,387.0,436.0,Yes,13,saccade,0.5243035244850834,0.004455180192122092
37,2,1,25,21, into ,12470,440,84,87.0,67.0,436.0,470.0,Yes,13,saccade,0.4642857142857143,-0.0010717466107030202
37,2,1,25,21, into ,12504,441,84,87.0,67.0,436.0,470.0,Yes,13,saccade,0.029411764705882353,-0.012790410281759763
37,2,1,25,21, into ,12566,441,84,87.0,67.0,436.0,470.0,Yes,13,fixation,0.0,-0.0004743833017077799
37,2,1,25,21, into ,12616,441,84,87.0,67.0,436.0,470.0,Yes,13,fixation,0.0,0.0
37,2,1,25,21, into ,12650,441,84,87.0,67.0,436.0,470.0,Yes,13,fixation,0.0,0.0
37,2,1,25,21, into ,12710,441,84,87.0,67.0,436.0,470.0,Yes,13,fixation,0.0,0.0
37,2,1,25,21, into ,12767,441,84,87.0,67.0,436.0,470.0,Yes,13,fixation,0.0,0.0
37,2,1,25,21, into ,12803,445,84,87.0,67.0,436.0,470.0,Yes,13,sliding,0.1111111111111111,0.0030864197530864196
37,2,1,25,22, their ,12869,483,82,87.0,67.0,470.0,510.0,Yes,13,saccade,0.5765544724375893,0.007052172141310276
37,2,1,25,23, new ,12917,514,82,87.0,67.0,510.0,548.0,Yes,13,saccade,0.6458333333333334,0.0014433096019946686
37,2,1,25,23, new ,12950,519,83,87.0,67.0,510.0,548.0,Yes,13,saccade,0.154515742836145,-0.014888411833248133
37,2,1,25,23, new ,13008,519,83,87.0,67.0,510.0,548.0,Yes,13,fixation,0.0,-0.0026640645316576726
37,2,1,25,23, new ,13080,519,83,87.0,67.0,510.0,548.0,Yes,13,fixation,0.0,0.0
37,2,1,25,23, new ,13099,519,83,87.0,67.0,510.0,548.0,Yes,13,fixation,0.0,0.0
37,2,1,25,23, new ,13168,519,83,87.0,67.0,510.0,548.0,Yes,13,fixation,0.0,0.0
37,2,1,25,23, new ,13219,519,83,87.0,67.0,510.0,548.0,Yes,13,fixation,0.0,0.0
37,2,1,25,23, new ,13248,521,83,87.0,67.0,510.0,548.0,Yes,13,fixation,0.06896551724137931,0.0023781212841854932
37,2,1,25,24, configuration. ,13309,548,78,87.0,67.0,548.0,661.0,Yes,13,saccade,0.45014853172937647,0.006248901876852413
37,2,1,25,24, configuration. ,13367,583,77,87.0,67.0,548.0,661.0,Yes,13,saccade,0.6036945310348827,0.002647344815612176
37,2,1,25,24, configuration. ,13398,588,77,87.0,67.0,548.0,661.0,Yes,13,saccade,0.16129032258064516,-0.014271103498523792
37,2,1,25,24, configuration. ,13460,589,77,87.0,67.0,548.0,661.0,Yes,13,fixation,0.016129032258064516,-0.0023413111342351716
37,2,1,25,24, configuration. ,13520,589,77,87.0,67.0,548.0,661.0,Yes,13,fixation,0.0,-0.00026881720430107527
37,2,1,25,24, configuration. ,13555,589,77,87.0,67.0,548.0,661.0,Yes,13,fixation,0.0,0.0
37,2,1,25,24, configuration. ,13609,589,77,87.0,67.0,548.0,661.0,Yes,13,fixation,0.0,0.0
37,2,1,25,24, configuration. ,13667,589,77,87.0,67.0,548.0,661.0,Yes,13,fixation,0.0,0.0
37,2,1,25,24, configuration. ,13701,595,77,87.0,67.0,548.0,661.0,Yes,13,saccade,0.17647058823529413,0.005190311418685122
37,2,1,25,24, configuration. ,13768,635,77,87.0,67.0,548.0,661.0,Yes,13,saccade,0.5970149253731343,0.0062767811513110465
37,2,1,25,24, configuration. ,13818,660,79,87.0,67.0,548.0,661.0,Yes,13,saccade,0.5015974481593781,-0.001908349544275123
37,2,1,25,25, Occasionally ,13851,670,81,87.0,67.0,661.0,763.0,Yes,13,saccade,0.30903148567229,-0.005835332196578428
37,2,1,25,25, Occasionally ,13911,680,82,87.0,67.0,661.0,763.0,Yes,13,saccade,0.1674979270186815,-0.002358892644226808
37,2,1,25,25, Occasionally ,13976,683,82,87.0,67.0,661.0,763.0,Yes,13,fixation,0.046153846153846156,-0.001866832013305159
37,2,1,25,25, Occasionally ,13997,683,82,87.0,67.0,661.0,763.0,Yes,13,fixation,0.0,-0.002197802197802198
37,2,1,25,25, Occasionally ,14065,683,82,87.0,67.0,661.0,763.0,Yes,13,fixation,0.0,0.0
37,2,1,25,25, Occasionally ,14121,685,82,87.0,67.0,661.0,763.0,Yes,13,fixation,0.03571428571428571,0.0006377551020408163
37,2,1,25,25, Occasionally ,14149,693,81,87.0,67.0,661.0,763.0,Yes,13,saccade,0.2879377767249482,0.009007981821809374
37,2,1,25,25, Occasionally ,14210,723,75,87.0,67.0,661.0,763.0,Yes,13,saccade,0.5015429029763395,0.0035017233811703496
37,2,1,25,25, Occasionally ,14278,752,76,87.0,67.0,661.0,763.0,Yes,13,saccade,0.42672406260432083,-0.0011002770642943925
37,2,1,25,25, Occasionally ,14300,755,77,87.0,67.0,661.0,763.0,Yes,13,saccade,0.14373989364401726,-0.012862916770922888
37,2,1,25,25, Occasionally ,14359,758,78,87.0,67.0,661.0,763.0,Yes,13,fixation,0.053597926443531854,-0.0015278299525506001
37,2,1,25,25, Occasionally ,14419,758,79,87.0,67.0,661.0,763.0,Yes,13,fixation,0.016666666666666666,-0.0006155209962810865
37,2,1,25,25, Occasionally ,14448,758,79,87.0,67.0,661.0,763.0,Yes,13,fixation,0.0,-0.0005747126436781609
37,2,1,25,25, Occasionally ,14511,758,79,87.0,67.0,661.0,763.0,Yes,13,fixation,0.0,0.0
37,2,1,25,25, Occasionally ,14566,713,74,87.0,67.0,661.0,763.0,Yes,13,saccade,0.8232168307397653,0.014967578740723004
37,2,1,25,-1,,14600,590,62,,,,,Yes,13,saccade,3.63482292777282,0.08269429697156043
37,2,1,25,4, then ,14656,290,44,47.0,27.0,251.0,291.0,Yes,13,saccade,5.366777051300654,0.03092775220585418
37,2,1,25,1, girl's ,14721,130,40,47.0,27.0,130.0,171.0,Yes,13,saccade,2.46230757215293,-0.044684145833041915
37,2,1,25,0, The ,14754,94,47,47.0,27.0,94.0,130.0,Yes,13,saccade,1.1113406558116514,-0.04093839140428117
37,2,1,25,-1,,14806,64,57,,,,,Yes,13,saccade,0.6081303192631499,-0.009677121856701953
37,2,1,25,-1,,14875,54,65,,,,,Yes,13,saccade,0.18559780398356082,-0.0061236596417331745
37,2,1,25,-1,,14897,54,71,,,,,Yes,13,saccade,0.2727272727272727,0.00396043039744145
37,2,1,25,-1,,14962,66,87,,,,,Yes,13,saccade,0.3076923076923077,0.0005379236148466924
37,2,1,25,-1,,15025,89,103,,,,,Yes,13,saccade,0.44472780082926666,0.002175166557729507
37,2,1,25,26, girls' ,15047,98,111,127.0,107.0,94.0,135.0,Yes,13,saccade,0.5473452081269226,0.004664427604438904
37,2,1,25,26, girls' ,15111,103,117,127.0,107.0,94.0,135.0,Yes,13,sliding,0.12203515118604147,-0.006645469639701267
37,2,1,25,26, girls' ,15176,103,118,127.0,107.0,94.0,135.0,Yes,13,fixation,0.015384615384615385,-0.0016407774738680936
37,2,1,25,26, girls' ,15197,103,118,127.0,107.0,94.0,135.0,Yes,13,fixation,0.0,-0.0007326007326007326
37,2,1,25,26, girls' ,15261,105,119,127.0,107.0,94.0,135.0,Yes,13,fixation,0.034938562148434216,0.0005459150335692846
37,2,1,25,26, girls' ,15328,108,121,127.0,107.0,94.0,135.0,Yes,13,fixation,0.05381419814125357,0.0002817259103405874
37,2,1,25,26, girls' ,15347,109,121,127.0,107.0,94.0,135.0,Yes,13,fixation,0.05263157894736842,-6.224311546763967e-05
37,2,1,25,26, girls' ,15408,115,123,127.0,107.0,94.0,135.0,Yes,13,sliding,0.103681234759619,0.0008368796034795178
37,2,1,25,26, girls' ,15466,121,123,127.0,107.0,94.0,135.0,Yes,13,sliding,0.10344827586206896,-4.0165327163799935e-06
37,2,1,25,26, girls' ,15498,124,123,127.0,107.0,94.0,135.0,Yes,13,fixation,0.09375,-0.00030307112068965513
37,2,1,25,26, girls' ,15560,134,123,127.0,107.0,94.0,135.0,Yes,13,saccade,0.16129032258064516,0.001089360041623309
37,2,1,25,27, feet ,15616,167,120,127.0,107.0,136.0,171.0,Yes,13,saccade,0.591715768777889,0.00768616868209364
37,2,1,25,28, would ,15648,189,119,127.0,107.0,171.0,223.0,Yes,13,saccade,0.6882098607982887,0.003015440375637491
37,2,1,25,28, would ,15710,220,118,127.0,107.0,171.0,223.0,Yes,13,saccade,0.5002600780409943,-0.00303144810898862
37,2,1,25,29," fester, ",15766,225,118,127.0,107.0,223.0,277.0,Yes,13,fixation,0.08928571428571429,-0.007338827924201428
37,2,1,25,29," fester, ",15800,225,118,127.0,107.0,223.0,277.0,Yes,13,fixation,0.0,-0.0026260504201680674
37,2,1,25,29," fester, ",15860,225,118,127.0,107.0,223.0,277.0,Yes,13,fixation,0.0,0.0
37,2,1,25,29," fester, ",15930,225,118,127.0,107.0,223.0,277.0,Yes,13,fixation,0.0,0.0
37,2,1,25,29," fester, ",15949,225,118,127.0,107.0,223.0,277.0,Yes,13,fixation,0.0,0.0
37,2,1,25,29," fester, ",16017,225,118,127.0,107.0,223.0,277.0,Yes,13,fixation,0.0,0.0
37,2,1,25,29," fester, ",16068,238,115,127.0,107.0,223.0,277.0,Yes,13,saccade,0.2616012561593399,0.005129436395281174
37,2,1,25,29," fester, ",16099,261,115,127.0,107.0,223.0,277.0,Yes,13,saccade,0.7419354838709677,0.015494652506826705
37,2,1,25,30, and ,16158,291,117,127.0,107.0,277.0,312.0,Yes,13,saccade,0.5096032670634885,-0.003937834183177615
37,2,1,25,31, blood ,16224,312,122,127.0,107.0,312.0,361.0,Yes,13,saccade,0.32707625977155913,-0.002765560716544384
37,2,1,25,31, blood ,16247,312,122,127.0,107.0,312.0,361.0,Yes,13,saccade,0.0,-0.014220706946589527
37,2,1,25,31, blood ,16316,312,122,127.0,107.0,312.0,361.0,Yes,13,fixation,0.0,0.0
37,2,1,25,31, blood ,16373,312,122,127.0,107.0,312.0,361.0,Yes,13,fixation,0.0,0.0
37,2,1,25,31, blood ,16409,312,122,127.0,107.0,312.0,361.0,Yes,13,fixation,0.0,0.0
37,2,1,25,31, blood ,16460,312,122,127.0,107.0,312.0,361.0,Yes,13,fixation,0.0,0.0
37,2,1,25,31, blood ,16516,328,120,127.0,107.0,312.0,361.0,Yes,13,saccade,0.2879377767249482,0.005141746012945503
37,2,1,25,31, blood ,16549,350,120,127.0,107.0,312.0,361.0,Yes,13,saccade,0.6666666666666666,0.011476633028536923
37,2,1,25,32, poisoning ,16609,387,125,127.0,107.0,361.0,443.0,Yes,13,saccade,0.6222718234198157,-0.0007399140541141825
37,2,1,25,32, poisoning ,16666,396,127,127.0,107.0,361.0,443.0,Yes,13,saccade,0.16174639398759452,-0.008079393498810898
37,2,1,25,32, poisoning ,16696,396,127,127.0,107.0,361.0,443.0,Yes,13,fixation,0.0,-0.00539154646625315
37,2,1,25,32, poisoning ,16763,396,127,127.0,107.0,361.0,443.0,Yes,13,fixation,0.0,0.0
37,2,1,25,32, poisoning ,16816,396,127,127.0,107.0,361.0,443.0,Yes,13,fixation,0.0,0.0
37,2,1,25,32, poisoning ,16846,396,127,127.0,107.0,361.0,443.0,Yes,13,fixation,0.0,0.0
37,2,1,25,32, poisoning ,16910,396,127,127.0,107.0,361.0,443.0,Yes,13,fixation,0.0,0.0
37,2,1,25,32, poisoning ,16972,417,126,127.0,107.0,361.0,443.0,Yes,13,saccade,0.3390934845423974,0.005469249750683829
37,2,1,25,32, poisoning ,16996,441,125,127.0,107.0,361.0,443.0,Yes,13,saccade,1.0008676791220261,0.027573924774151198
37,2,1,25,33, from ,17056,470,125,127.0,107.0,443.0,484.0,Yes,13,saccade,0.48333333333333334,-0.008625572429811545
37,2,1,25,33, from ,17124,475,125,127.0,107.0,443.0,484.0,Yes,13,fixation,0.07352941176470588,-0.006026528258362168
37,2,1,25,33, from ,17156,475,125,127.0,107.0,443.0,484.0,Yes,13,fixation,0.0,-0.002297794117647059
37,2,1,25,33, from ,17209,475,125,127.0,107.0,443.0,484.0,Yes,13,fixation,0.0,0.0
37,2,1,25,33, from ,17266,475,125,127.0,107.0,443.0,484.0,Yes,13,fixation,0.0,0.0
37,2,1,25,33, from ,17297,475,125,127.0,107.0,443.0,484.0,Yes,13,fixation,0.0,0.0
37,2,1,25,33, from ,17359,481,122,127.0,107.0,443.0,484.0,Yes,13,sliding,0.10819683762095757,0.001745110284208993
37,2,1,25,34, gangrene ,17427,512,106,127.0,107.0,484.0,565.0,Yes,13,saccade,0.5130224571327179,0.005953317933996475
37,2,1,25,-1,,17447,521,105,,,,,Yes,13,saccade,0.45276925690687087,-0.0030126600112923506
37,2,1,25,-1,,17506,539,105,,,,,Yes,13,saccade,0.3050847457627119,-0.0025031273075281184
37,2,1,25,35, could ,17573,565,114,127.0,107.0,565.0,613.0,Yes,13,saccade,0.4106512385730628,0.0015756192956768791
37,2,1,25,35, could ,17596,572,116,127.0,107.0,565.0,613.0,Yes,13,saccade,0.3165265169252399,-0.004092379202079255
37,2,1,25,35, could ,17660,583,118,127.0,107.0,565.0,613.0,Yes,13,saccade,0.17469281074217108,-0.0022161516591104507
37,2,1,25,35, could ,17720,587,118,127.0,107.0,565.0,613.0,Yes,13,fixation,0.06666666666666667,-0.0018004357345917403
37,2,1,25,35, could ,17746,587,118,127.0,107.0,565.0,613.0,Yes,13,fixation,0.0,-0.002564102564102564
37,2,1,25,35, could ,17813,587,118,127.0,107.0,565.0,613.0,Yes,13,fixation,0.0,0.0
37,2,1,25,35, could ,17866,587,118,127.0,107.0,565.0,613.0,Yes,13,fixation,0.0,0.0
37,2,1,25,35, could ,17900,587,118,127.0,107.0,565.0,613.0,Yes,13,fixation,0.0,0.0
37,2,1,25,35, could ,17965,589,118,127.0,107.0,565.0,613.0,Yes,13,fixation,0.03076923076923077,0.0004733727810650888
37,2,1,25,36, be ,18018,616,112,127.0,107.0,613.0,638.0,Yes,13,saccade,0.5218610070165786,0.009265882570704676
37,2,1,25,37, a ,18049,639,110,127.0,107.0,638.0,653.0,Yes,13,saccade,0.7447352503622707,0.00718949172082878
37,2,1,25,38, cause ,18115,680,112,127.0,107.0,653.0,706.0,Yes,13,saccade,0.6219507803567816,-0.0018603707576589255
37,2,1,25,39, for ,18168,707,118,127.0,107.0,706.0,727.0,Yes,13,saccade,0.5218610070165786,-0.001888486289437794
37,2,1,25,39, for ,18197,715,120,127.0,107.0,706.0,727.0,Yes,13,saccade,0.2843521121115628,-0.008189961893276405
37,2,1,25,39, for ,18258,718,121,127.0,107.0,706.0,727.0,Yes,13,fixation,0.0518406173798095,-0.0038116638480615297
37,2,1,25,39, for ,18320,719,121,127.0,107.0,706.0,727.0,Yes,13,fixation,0.016129032258064516,-0.0005759933084152417
37,2,1,25,39, for ,18353,719,121,127.0,107.0,706.0,727.0,Yes,13,fixation,0.0,-0.0004887585532746823
37,2,1,25,38, cause ,18414,674,119,127.0,107.0,653.0,706.0,Yes,13,saccade,0.7384331560364071,0.01210546157436733
37,2,1,25,31, blood ,18466,353,107,127.0,107.0,312.0,361.0,Yes,13,saccade,6.177388860683346,0.10459530201244112
37,2,1,25,28, would ,18499,198,110,127.0,107.0,171.0,223.0,Yes,13,saccade,4.697849379988839,-0.04483452971801535
37,2,1,25,-1,,18560,59,132,,,,,Yes,13,saccade,2.307053088517552,-0.03919338182739815
37,2,1,25,-1,,18619,27,142,,,,,Yes,13,saccade,0.5682391394657699,-0.02947142286528445
37,2,1,25,-1,,18646,22,144,,,,,Yes,13,saccade,0.19945054841238902,-0.013658836705680773
37,2,1,25,-1,,18713,21,145,,,,,Yes,13,fixation,0.021107665110046196,-0.002661834079139445
37,2,1,25,-1,,18771,23,149,,,,,Yes,13,fixation,0.07710579232757896,0.0009654849520264269
37,2,1,25,-1,,18797,31,154,,,,,Yes,13,saccade,0.3628454281560232,0.010989985993401702
37,2,1,25,-1,,18858,52,160,,,,,Yes,13,saccade,0.35803819127609104,-7.880716196610124e-05
37,2,1,25,40," concern, ",18924,104,160,167.0,147.0,94.0,168.0,Yes,13,saccade,0.7878787878787878,0.006512736312162073
37,2,1,25,40," concern, ",18947,132,156,167.0,147.0,94.0,168.0,Yes,13,saccade,1.2297509238026914,0.019211831996691457
37,2,1,25,40," concern, ",19009,151,155,167.0,147.0,94.0,168.0,Yes,13,saccade,0.30687576758774915,-0.014885083164757132
37,2,1,25,40," concern, ",19073,165,156,167.0,147.0,94.0,168.0,Yes,13,saccade,0.21930732574403436,-0.0013682569038080436
37,2,1,25,41, but ,19097,169,157,167.0,147.0,168.0,198.0,Yes,13,saccade,0.1717960677340692,-0.001979635750415215
37,2,1,25,41, but ,19163,178,158,167.0,147.0,168.0,198.0,Yes,13,sliding,0.1372028051232942,-0.0005241403425875
37,2,1,25,41, but ,19222,185,158,167.0,147.0,168.0,198.0,Yes,13,sliding,0.11864406779661017,-0.00031455486994379694
37,2,1,25,41, but ,19246,190,158,167.0,147.0,168.0,198.0,Yes,13,saccade,0.20833333333333334,0.003737052730696799
37,2,1,25,42, an ,19314,199,160,167.0,147.0,198.0,223.0,Yes,13,sliding,0.1355815361366601,-0.0010698793705393123
37,2,1,25,42, an ,19381,207,160,167.0,147.0,198.0,223.0,Yes,13,sliding,0.11940298507462686,-0.00024147091137363043
37,2,1,25,42, an ,19396,208,160,167.0,147.0,198.0,223.0,Yes,13,fixation,0.06666666666666667,-0.00351575456053068
37,2,1,25,42, an ,19461,222,158,167.0,147.0,198.0,223.0,Yes,13,saccade,0.21757131728816848,0.0023216100095615664
37,2,1,25,43, estimated ,19525,228,157,167.0,147.0,223.0,306.0,Yes,13,fixation,0.09504316453590968,-0.0019145023867540437
37,2,1,25,43, estimated ,19547,231,156,167.0,147.0,223.0,306.0,Yes,13,sliding,0.14373989364401726,0.002213487686732163
37,2,1,25,43, estimated ,19612,244,156,167.0,147.0,223.0,306.0,Yes,13,saccade,0.2,0.00086554009778435
37,2,1,25,43, estimated ,19667,257,155,167.0,147.0,223.0,306.0,Yes,13,saccade,0.2370619056437327,0.0006738528298860488
37,2,1,25,43, estimated ,19700,263,154,167.0,147.0,223.0,306.0,Yes,13,saccade,0.18432613728176422,-0.0015980535867263174
37,2,1,25,43, estimated ,19756,271,154,167.0,147.0,223.0,306.0,Yes,13,sliding,0.14285714285714285,-0.0007405177575825246
37,2,1,25,43, estimated ,19818,279,154,167.0,147.0,223.0,306.0,Yes,13,sliding,0.12903225806451613,-0.000222982012784302
37,2,1,25,43, estimated ,19850,282,154,167.0,147.0,223.0,306.0,Yes,13,fixation,0.09375,-0.001102570564516129
37,2,1,25,43, estimated ,19911,295,154,167.0,147.0,223.0,306.0,Yes,13,saccade,0.21311475409836064,0.001956799247514109
37,2,1,25,44,90%,19972,307,154,167.0,147.0,307.0,348.0,Yes,13,saccade,0.19672131147540983,-0.0002687449610319805
37,2,1,25,44,90%,20001,320,154,167.0,147.0,307.0,348.0,Yes,13,saccade,0.4482758620689655,0.008674294848053644
37,2,1,25,44,90%,20061,333,154,167.0,147.0,307.0,348.0,Yes,13,saccade,0.21666666666666667,-0.003860153256704981
37,2,1,25,44,90%,20121,342,155,167.0,147.0,307.0,348.0,Yes,13,saccade,0.15092308563562362,-0.0010957263505173842
37,2,1,25,44,90%,20157,346,156,167.0,147.0,307.0,348.0,Yes,13,sliding,0.1145307118227128,-0.0010108992725808563
37,2,1,25,44,90%,20206,346,156,167.0,147.0,307.0,348.0,Yes,13,fixation,0.0,-0.002337361465769649
37,2,1,25,44,90%,20282,346,156,167.0,147.0,307.0,348.0,Yes,13,fixation,0.0,0.0
37,2,1,25,44,90%,20300,346,156,167.0,147.0,307.0,348.0,Yes,13,fixation,0.0,0.0
37,2,1,25,44,90%,20362,346,156,167.0,147.0,307.0,348.0,Yes,13,fixation,0.0,0.0
37,2,1,25,44,90%,20422,346,156,167.0,147.0,307.0,348.0,Yes,13,fixation,0.0,0.0
37,2,1,25,45, survived ,20465,348,156,167.0,147.0,348.0,420.0,Yes,13,fixation,0.046511627906976744,0.001081665765278529
37,2,1,25,45, survived ,20515,382,152,167.0,147.0,348.0,420.0,Yes,13,saccade,0.6846897107449476,0.012763561656759417
37,2,1,25,46, the ,20566,424,155,167.0,147.0,420.0,450.0,Yes,13,saccade,0.8256275792716588,0.0027634876181708077
37,2,1,25,46, the ,20598,433,157,167.0,147.0,420.0,450.0,Yes,13,saccade,0.2881107642904027,-0.01679740046816425
37,2,1,25,46, the ,20666,437,158,167.0,147.0,420.0,450.0,Yes,13,fixation,0.06063390625908324,-0.0033452479122252866
37,2,1,25,46, the ,20716,442,160,167.0,147.0,420.0,450.0,Yes,13,sliding,0.10770329614269007,0.0009413877976721366
37,2,1,25,46, the ,20748,447,161,167.0,147.0,420.0,450.0,Yes,13,saccade,0.15934435979977452,0.0016137832392838889
37,2,1,25,47, process. ,20809,453,162,167.0,147.0,450.0,518.0,Yes,13,fixation,0.099717418529479,-0.0009774908404966477
37,2,1,25,47, process. ,20867,454,163,167.0,147.0,450.0,518.0,Yes,13,fixation,0.024382992454708537,-0.0012988694150822494
37,2,1,25,47, process. ,20901,454,163,167.0,147.0,450.0,518.0,Yes,13,fixation,0.0,-0.0007171468369031922
37,2,1,25,47, process. ,20964,463,163,167.0,147.0,450.0,518.0,Yes,13,sliding,0.14285714285714285,0.0022675736961451248
37,2,1,25,47, process. ,21020,486,163,167.0,147.0,450.0,518.0,Yes,13,saccade,0.4107142857142857,0.0047831632653061226
37,2,1,25,47, process. ,21048,491,163,167.0,147.0,450.0,518.0,Yes,13,saccade,0.17857142857142858,-0.008290816326530611
37,2,1,25,47, process. ,21108,492,163,167.0,147.0,450.0,518.0,Yes,13,fixation,0.016666666666666666,-0.0026984126984126986
37,2,1,25,47, process. ,21168,455,162,167.0,147.0,450.0,518.0,Yes,13,saccade,0.6168918507773916,0.010003753068512082
37,2,1,25,45, survived ,21197,419,158,167.0,147.0,348.0,420.0,Yes,13,saccade,1.249018639743092,0.021797475481575877
37,2,1,25,45, survived ,21265,381,155,167.0,147.0,348.0,420.0,Yes,13,saccade,0.5605623103689976,-0.010124357784913152
37,2,1,25,45, survived ,21316,377,155,167.0,147.0,348.0,420.0,Yes,13,fixation,0.0784313725490196,-0.009453547800391726
37,2,1,25,45, survived ,21358,376,155,167.0,147.0,348.0,420.0,Yes,13,fixation,0.023809523809523808,-0.0013005202080832333
37,2,1,25,45, survived ,21406,375,155,167.0,147.0,348.0,420.0,Yes,13,fixation,0.020833333333333332,-6.200396825396825e-05
37,2,1,25,45, survived ,21466,372,155,167.0,147.0,348.0,420.0,Yes,13,fixation,0.05,0.00048611111111111115
37,2,1,25,45, survived ,21504,372,155,167.0,147.0,348.0,420.0,Yes,13,fixation,0.0,-0.0013157894736842105
37,2,1,25,45, survived ,21557,371,155,167.0,147.0,348.0,420.0,Yes,13,fixation,0.018867924528301886,0.00035599857600569594
37,2,1,25,45, survived ,21618,373,156,167.0,147.0,348.0,420.0,Yes,13,fixation,0.03665685209016049,0.0002916217633091574
37,2,1,25,45, survived ,21648,388,158,167.0,147.0,348.0,420.0,Yes,13,saccade,0.5044248650140519,0.015592267097463048
37,2,1,25,45, survived ,21710,414,161,167.0,147.0,348.0,420.0,Yes,13,saccade,0.4221371718807226,-0.001327220856989183
37,2,1,25,45, survived ,21767,416,161,167.0,147.0,348.0,420.0,Yes,13,fixation,0.03508771929824561,-0.006790341273376789
37,2,1,25,45, survived ,21796,416,161,167.0,147.0,348.0,420.0,Yes,13,fixation,0.0,-0.0012099213551119176
37,2,1,25,46, the ,21862,425,160,167.0,147.0,420.0,450.0,Yes,13,sliding,0.1372028051232942,0.0020788303806559727
37,2,1,25,47, process. ,21917,471,154,167.0,147.0,450.0,518.0,Yes,13,saccade,0.8434482548904146,0.01284082635940219
37,2,1,25,47, process. ,21951,495,154,167.0,147.0,450.0,518.0,Yes,13,saccade,0.7058823529411765,-0.004046055939683474
37,2,1,25,47, process. ,22012,516,156,167.0,147.0,450.0,518.0,Yes,13,saccade,0.34582005097916374,-0.005902660687901849
37,2,1,25,-1,,22066,521,157,,,,,Yes,13,fixation,0.09442628728875527,-0.0046554400683408974
37,2,1,25,-1,,22101,522,157,,,,,Yes,13,fixation,0.02857142857142857,-0.00188156739192362
37,2,1,25,-1,,22168,522,158,,,,,Yes,13,fixation,0.014925373134328358,-0.00020367246921045094
37,2,1,25,47, process. ,22219,513,167,167.0,147.0,450.0,518.0,Yes,13,saccade,0.24956709924231088,0.00460081815898005
37,2,1,25,-1,,22252,488,187,,,,,Yes,13,saccade,0.9701703390049771,0.021836461810989884
37,2,1,26,0, An ,995,95,27,47.0,27.0,94.0,121.0,No,8,fixation,0.0,0.0
37,2,1,26,-1,,1016,90,40,,,,,No,8,saccade,0.6632565846278152,0.03158364688703882
37,2,1,26,-1,,1078,85,53,,,,,No,8,saccade,0.2246514238255503,-0.007074276787133305
37,2,1,26,-1,,1136,84,58,,,,,No,8,fixation,0.08791412954470318,-0.00235753955656633
37,2,1,26,-1,,1169,85,60,,,,,No,8,fixation,0.06775963568181181,-0.0006107422382694353
37,2,1,26,-1,,1220,87,61,,,,,No,8,fixation,0.043844470147054705,-0.00046892481440700213
37,2,1,26,-1,,1280,95,59,,,,,No,8,sliding,0.13743685418725535,0.0015598730673366775
37,2,1,26,-1,,1318,104,55,,,,,No,8,saccade,0.25918046846831855,0.003203779323185874
37,2,1,26,-1,,1371,112,52,,,,,No,8,saccade,0.16120761783617982,-0.0018485443515497875
37,2,1,26,0, An ,1435,120,49,47.0,27.0,94.0,121.0,No,8,sliding,0.1335000585205864,-0.00043293061430614696
37,2,1,26,1, early ,1467,122,49,47.0,27.0,121.0,165.0,No,8,fixation,0.0625,-0.0022187518287683254
37,2,1,26,1, early ,1528,125,49,47.0,27.0,121.0,165.0,No,8,fixation,0.04918032786885246,-0.0002183552808384843
37,2,1,26,1, early ,1586,126,48,47.0,27.0,121.0,165.0,No,8,fixation,0.024382992454708537,-0.0004275402657611021
37,2,1,26,1, early ,1619,128,47,47.0,27.0,121.0,165.0,No,8,fixation,0.06775963568181181,0.0013144437341546446
37,2,1,26,1, early ,1673,130,46,47.0,27.0,121.0,165.0,No,8,fixation,0.04140866624999611,-0.0004879809154039945
37,2,1,26,1, early ,1731,135,44,47.0,27.0,121.0,165.0,No,8,fixation,0.09284766908852593,0.0008868793592849969
37,2,1,26,1, early ,1774,144,43,47.0,27.0,121.0,165.0,No,8,saccade,0.21059035204970739,0.0027382019293298015
37,2,1,26,1, early ,1821,149,42,47.0,27.0,121.0,165.0,No,8,sliding,0.10848977688495286,-0.0021723526630798838
37,2,1,26,1, early ,1882,153,41,47.0,27.0,121.0,165.0,No,8,fixation,0.06759189550192886,-0.0006704570718528524
37,2,1,26,1, early ,1911,156,40,47.0,27.0,121.0,165.0,No,8,sliding,0.1090440572471855,0.0014293848877674701
37,2,1,26,2, task ,1972,166,38,47.0,27.0,165.0,203.0,No,8,saccade,0.16718096765877982,0.0009530641051081037
37,2,1,26,2, task ,2033,178,35,47.0,27.0,165.0,203.0,No,8,saccade,0.20277568650578656,0.0005835199810984711
37,2,1,26,2, task ,2061,187,35,47.0,27.0,165.0,203.0,No,8,saccade,0.32142857142857145,0.004237603032956603
37,2,1,26,2, task ,2122,202,37,47.0,27.0,165.0,203.0,No,8,saccade,0.24807780246592714,-0.0012024716223384313
37,2,1,26,3, will ,2182,203,38,47.0,27.0,203.0,233.0,No,8,fixation,0.023570226039551587,-0.003741792940439593
37,2,1,26,3, will ,2213,203,38,47.0,27.0,203.0,233.0,No,8,fixation,0.0,-0.0007603298722435996
37,2,1,26,3, will ,2276,203,38,47.0,27.0,203.0,233.0,No,8,fixation,0.0,0.0
37,2,1,26,3, will ,2345,203,38,47.0,27.0,203.0,233.0,No,8,fixation,0.0,0.0
37,2,1,26,3, will ,2362,203,38,47.0,27.0,203.0,233.0,No,8,fixation,0.0,0.0
37,2,1,26,3, will ,2432,203,38,47.0,27.0,203.0,233.0,No,8,fixation,0.0,0.0
37,2,1,26,3, will ,2487,214,38,47.0,27.0,203.0,233.0,No,8,saccade,0.2,0.0036363636363636364
37,2,1,26,3, will ,2521,231,38,47.0,27.0,203.0,233.0,No,8,saccade,0.5,0.008823529411764706
37,2,1,26,4, be ,2570,251,39,47.0,27.0,233.0,258.0,No,8,saccade,0.40867315090817935,-0.00186381324677185
37,2,1,26,5, to ,2636,265,42,47.0,27.0,258.0,278.0,No,8,saccade,0.21693668277691444,-0.0029050980019888623
37,2,1,26,5, to ,2664,266,42,47.0,27.0,258.0,278.0,No,8,fixation,0.03571428571428571,-0.006472228466522454
37,2,1,26,5, to ,2721,271,43,47.0,27.0,258.0,278.0,No,8,fixation,0.08945648269461025,0.0009428455610583252
37,2,1,26,5, to ,2786,277,44,47.0,27.0,258.0,278.0,No,8,fixation,0.09358096200458799,6.345352784581136e-05
37,2,1,26,6, make ,2814,278,44,47.0,27.0,278.0,327.0,No,8,fixation,0.03571428571428571,-0.002066667010367938
37,2,1,26,6, make ,2872,281,45,47.0,27.0,278.0,327.0,No,8,fixation,0.05452202862359275,0.00032427142947081096
37,2,1,26,6, make ,2937,299,43,47.0,27.0,278.0,327.0,No,8,saccade,0.27862723501961284,0.003447772406092617
37,2,1,26,6, make ,2970,311,43,47.0,27.0,278.0,327.0,No,8,saccade,0.36363636363636365,0.0025760342005076
37,2,1,26,6, make ,3023,322,43,47.0,27.0,278.0,327.0,No,8,saccade,0.20754716981132076,-0.002945079128774394
37,2,1,26,7, sure ,3087,330,43,47.0,27.0,328.0,368.0,No,8,sliding,0.125,-0.001289799528301887
37,2,1,26,7, sure ,3116,331,43,47.0,27.0,328.0,368.0,No,8,fixation,0.034482758620689655,-0.00312128418549346
37,2,1,26,7, sure ,3178,331,43,47.0,27.0,328.0,368.0,No,8,fixation,0.0,-0.0005561735261401557
37,2,1,26,7, sure ,3230,331,43,47.0,27.0,328.0,368.0,No,8,fixation,0.0,0.0
37,2,1,26,7, sure ,3265,331,43,47.0,27.0,328.0,368.0,No,8,fixation,0.0,0.0
37,2,1,26,7, sure ,3326,331,43,47.0,27.0,328.0,368.0,No,8,fixation,0.0,0.0
37,2,1,26,7, sure ,3386,331,43,47.0,27.0,328.0,368.0,No,8,fixation,0.0,0.0
37,2,1,26,7, sure ,3420,331,43,47.0,27.0,328.0,368.0,No,8,fixation,0.0,0.0
37,2,1,26,7, sure ,3475,331,43,47.0,27.0,328.0,368.0,No,8,fixation,0.0,0.0
37,2,1,26,7, sure ,3539,331,43,47.0,27.0,328.0,368.0,No,8,fixation,0.0,0.0
37,2,1,26,7, sure ,3574,331,43,47.0,27.0,328.0,368.0,No,8,fixation,0.0,0.0
37,2,1,26,7, sure ,3624,332,43,47.0,27.0,328.0,368.0,No,8,fixation,0.02,0.0004
37,2,1,26,7, sure ,3681,333,43,47.0,27.0,328.0,368.0,No,8,fixation,0.017543859649122806,-4.3090181594336745e-05
37,2,1,26,7, sure ,3716,334,43,47.0,27.0,328.0,368.0,No,8,fixation,0.02857142857142857,0.0003150733977801647
37,2,1,26,7, sure ,3781,334,43,47.0,27.0,328.0,368.0,No,8,fixation,0.0,-0.00043956043956043956
37,2,1,26,7, sure ,3834,335,42,47.0,27.0,328.0,368.0,No,8,fixation,0.026683274761756512,0.0005034580143727644
37,2,1,26,7, sure ,3872,335,42,47.0,27.0,328.0,368.0,No,8,fixation,0.0,-0.0007021914410988556
37,2,1,26,7, sure ,3924,335,42,47.0,27.0,328.0,368.0,No,8,fixation,0.0,0.0
37,2,1,26,7, sure ,3991,335,42,47.0,27.0,328.0,368.0,No,8,fixation,0.0,0.0
37,2,1,26,7, sure ,4025,335,42,47.0,27.0,328.0,368.0,No,8,fixation,0.0,0.0
37,2,1,26,7, sure ,4074,335,42,47.0,27.0,328.0,368.0,No,8,fixation,0.0,0.0
37,2,1,26,7, sure ,4133,337,42,47.0,27.0,328.0,368.0,No,8,fixation,0.03389830508474576,0.0005745475438092502
37,2,1,26,7, sure ,4170,350,37,47.0,27.0,328.0,368.0,No,8,saccade,0.3764429264103816,0.009257962738530696
37,2,1,26,8, the ,4220,383,26,47.0,27.0,368.0,398.0,No,8,saccade,0.6957010852370434,0.006385163176533237
37,2,1,26,-1,,4290,419,18,,,,,No,8,saccade,0.5268311118453078,-0.0024124281913105085
37,2,1,26,-1,,4326,424,18,,,,,No,8,saccade,0.1388888888888889,-0.010776172859900526
37,2,1,26,-1,,4373,436,17,,,,,No,8,saccade,0.2562041399743042,0.002496069172030113
37,2,1,26,-1,,4433,473,17,,,,,No,8,saccade,0.6166666666666667,0.006007708778206042
37,2,1,26,-1,,4466,484,17,,,,,No,8,saccade,0.3333333333333333,-0.008585858585858587
37,2,1,26,-1,,4529,490,17,,,,,No,8,fixation,0.09523809523809523,-0.0037792894935752075
37,2,1,26,-1,,4582,491,23,,,,,No,8,sliding,0.11476910434524942,0.00036850960579536205
37,2,1,26,10, microbes ,4613,491,26,47.0,27.0,481.0,559.0,No,8,fixation,0.0967741935483871,-0.0005804809934471719
37,2,1,26,10, microbes ,4674,491,35,47.0,27.0,481.0,559.0,No,8,sliding,0.14754098360655737,0.0008322424599700045
37,2,1,26,9, newfound ,4733,477,37,47.0,27.0,398.0,481.0,No,8,saccade,0.23969721396154153,0.0015619700060166806
37,2,1,26,9, newfound ,4761,472,37,47.0,27.0,398.0,481.0,No,8,saccade,0.17857142857142858,-0.002183063763932606
37,2,1,26,9, newfound ,4826,449,37,47.0,27.0,398.0,481.0,No,8,saccade,0.35384615384615387,0.0026965342349957737
37,2,1,26,9, newfound ,4883,442,39,47.0,27.0,398.0,481.0,No,8,sliding,0.12772122612772838,-0.003967103995060096
37,2,1,26,9, newfound ,4913,441,39,47.0,27.0,398.0,481.0,No,8,fixation,0.03333333333333333,-0.0031462630931465016
37,2,1,26,9, newfound ,4980,439,39,47.0,27.0,398.0,481.0,No,8,fixation,0.029850746268656716,-5.1978911413083835e-05
37,2,1,26,9, newfound ,5032,439,39,47.0,27.0,398.0,481.0,No,8,fixation,0.0,-0.000574052812858783
37,2,1,26,9, newfound ,5064,439,39,47.0,27.0,398.0,481.0,No,8,fixation,0.0,0.0
37,2,1,26,10, microbes ,5135,497,39,47.0,27.0,481.0,559.0,No,8,saccade,0.8169014084507042,0.011505653640150763
37,2,1,26,10, microbes ,5181,516,40,47.0,27.0,481.0,559.0,No,8,saccade,0.4136151650095749,-0.008767092248720203
37,2,1,26,10, microbes ,5214,526,42,47.0,27.0,481.0,559.0,No,8,saccade,0.30903148567229,-0.003169202404160149
37,2,1,26,10, microbes ,5284,544,46,47.0,27.0,481.0,559.0,No,8,saccade,0.2634155559226539,-0.0006516561392805153
37,2,1,26,10, microbes ,5345,544,46,47.0,27.0,481.0,559.0,No,8,fixation,0.0,-0.00431828780201072
37,2,1,26,10, microbes ,5364,544,46,47.0,27.0,481.0,559.0,No,8,fixation,0.0,0.0
37,2,1,26,10, microbes ,5433,544,46,47.0,27.0,481.0,559.0,No,8,fixation,0.0,0.0
37,2,1,26,10, microbes ,5494,544,46,47.0,27.0,481.0,559.0,No,8,fixation,0.0,0.0
37,2,1,26,10, microbes ,5510,544,46,47.0,27.0,481.0,559.0,No,8,fixation,0.0,0.0
37,2,1,26,10, microbes ,5571,544,46,47.0,27.0,481.0,559.0,No,8,fixation,0.0,0.0
37,2,1,26,11, were ,5636,585,39,47.0,27.0,559.0,603.0,No,8,saccade,0.6398964413257053,0.009844560635780082
37,2,1,26,12, not ,5671,615,40,47.0,27.0,603.0,633.0,No,8,saccade,0.8576189154173506,0.00622064211690415
37,2,1,26,13, introduced ,5721,643,46,47.0,27.0,633.0,722.0,No,8,saccade,0.5727128425310541,-0.005698121457725929
37,2,1,26,13, introduced ,5787,653,49,47.0,27.0,633.0,722.0,No,8,saccade,0.15818646225622046,-0.006280702731436874
37,2,1,26,-1,,5822,657,51,,,,,No,8,sliding,0.12777531299998798,-0.0008688899787494994
37,2,1,26,-1,,5874,665,53,,,,,No,8,saccade,0.15858098560067926,0.0005924167807825246
37,2,1,26,-1,,5933,671,53,,,,,No,8,sliding,0.1016949152542373,-0.0009641706838379994
37,2,1,26,-1,,5966,675,52,,,,,No,8,sliding,0.12494259471568668,0.000704475135195436
37,2,1,26,13, introduced ,6028,683,49,47.0,27.0,633.0,722.0,No,8,sliding,0.1378065120212505,0.00020748253718651312
37,2,1,26,13, introduced ,6082,715,43,47.0,27.0,633.0,722.0,No,8,saccade,0.6029192813370261,0.008613199431773622
37,2,1,26,13, introduced ,6111,721,43,47.0,27.0,633.0,722.0,No,8,saccade,0.20689655172413793,-0.013655956193547869
37,2,1,26,14, while ,6183,745,43,47.0,27.0,722.0,763.0,No,8,saccade,0.3333333333333333,0.0017560664112388248
37,2,1,26,14, while ,6231,750,43,47.0,27.0,722.0,763.0,No,8,sliding,0.10416666666666667,-0.004774305555555555
37,2,1,26,14, while ,6261,755,43,47.0,27.0,722.0,763.0,No,8,saccade,0.16666666666666666,0.002083333333333333
37,2,1,26,14, while ,6331,760,42,47.0,27.0,722.0,763.0,No,8,fixation,0.07284313590846835,-0.0013403361536885473
37,2,1,26,14, while ,6383,760,42,47.0,27.0,722.0,763.0,No,8,fixation,0.0,-0.0014008295367013144
37,2,1,26,14, while ,6420,728,40,47.0,27.0,722.0,763.0,No,8,saccade,0.8665524076692648,0.02342033534241256
37,2,1,26,10, microbes ,6471,505,37,47.0,27.0,481.0,559.0,No,8,saccade,4.372944675671757,0.06875278956867632
37,2,1,26,15, drilling ,6535,111,72,87.0,67.0,94.0,151.0,No,8,saccade,6.180492401752873,0.028242933220017433
37,2,1,26,-1,,6568,42,75,,,,,No,8,saccade,2.0928844424038795,-0.1238669078590604
37,2,1,26,-1,,6626,32,75,,,,,No,8,saccade,0.1724137931034483,-0.03311156291897295
37,2,1,26,-1,,6681,32,75,,,,,No,8,fixation,0.0,-0.0031347962382445144
37,2,1,26,-1,,6712,32,76,,,,,No,8,fixation,0.03225806451612903,0.0010405827263267429
37,2,1,26,-1,,6779,35,79,,,,,No,8,fixation,0.06332299533013858,0.00046365568379118724
37,2,1,26,-1,,6832,45,81,,,,,No,8,saccade,0.1924158307016145,0.002435713874933508
37,2,1,26,-1,,6863,45,81,,,,,No,8,fixation,0.0,-0.006206962280697242
37,2,1,26,-1,,6927,45,81,,,,,No,8,fixation,0.0,0.0
37,2,1,26,15, drilling ,6982,115,78,87.0,67.0,94.0,151.0,No,8,saccade,1.2738955676802441,0.023161737594186257
37,2,1,26,15, drilling ,7014,116,78,87.0,67.0,94.0,151.0,No,8,saccade,0.03125,-0.03883267399000763
37,2,1,26,15, drilling ,7072,117,78,87.0,67.0,94.0,151.0,No,8,fixation,0.017241379310344827,-0.00024152794292508917
37,2,1,26,15, drilling ,7133,128,77,87.0,67.0,94.0,151.0,No,8,saccade,0.18107149208503706,0.002685739553683479
37,2,1,26,16, through ,7167,160,74,87.0,67.0,151.0,217.0,No,8,saccade,0.9453034517640115,0.022477410578793367
37,2,1,26,16, through ,7232,188,74,87.0,67.0,151.0,217.0,No,8,saccade,0.4307692307692308,-0.007915911092227395
37,2,1,26,16, through ,7283,193,74,87.0,67.0,151.0,217.0,No,8,fixation,0.09803921568627451,-0.006524117942803065
37,2,1,26,16, through ,7313,193,74,87.0,67.0,151.0,217.0,No,8,fixation,0.0,-0.0032679738562091504
37,2,1,26,16, through ,7380,193,74,87.0,67.0,151.0,217.0,No,8,fixation,0.0,0.0
37,2,1,26,16, through ,7431,193,74,87.0,67.0,151.0,217.0,No,8,fixation,0.0,0.0
37,2,1,26,16, through ,7464,193,74,87.0,67.0,151.0,217.0,No,8,fixation,0.0,0.0
37,2,1,26,16, through ,7530,193,74,87.0,67.0,151.0,217.0,No,8,fixation,0.0,0.0
37,2,1,26,16, through ,7587,211,74,87.0,67.0,151.0,217.0,No,8,saccade,0.3157894736842105,0.00554016620498615
37,2,1,26,17, the ,7616,221,74,87.0,67.0,217.0,247.0,No,8,saccade,0.3448275862068966,0.001001314224920209
37,2,1,26,17, the ,7671,238,78,87.0,67.0,217.0,247.0,No,8,saccade,0.31753180357405414,-0.0004962869569607716
37,2,1,26,17, the ,7731,244,81,87.0,67.0,217.0,247.0,No,8,sliding,0.1118033988749895,-0.003428806744984411
37,2,1,26,17, the ,7761,246,82,87.0,67.0,217.0,247.0,No,8,fixation,0.07453559924999299,-0.0012422599874998834
37,2,1,26,17, the ,7831,246,82,87.0,67.0,217.0,247.0,No,8,fixation,0.0,-0.0010647942749998998
37,2,1,26,17, the ,7881,247,82,87.0,67.0,217.0,247.0,No,8,fixation,0.02,0.0004
37,2,1,26,18, ice ,7920,252,82,87.0,67.0,248.0,276.0,No,8,sliding,0.1282051282051282,0.002774490466798159
37,2,1,26,19, into ,7972,293,82,87.0,67.0,276.0,310.0,No,8,saccade,0.7884615384615384,0.01269723865877712
37,2,1,26,20, the ,8031,331,86,87.0,67.0,310.0,340.0,No,8,saccade,0.6476262093065356,-0.0023870394772034383
37,2,1,26,20, the ,8066,336,87,87.0,67.0,310.0,340.0,No,8,saccade,0.1456862718169367,-0.014341141071131396
37,2,1,26,20, the ,8127,336,87,87.0,67.0,310.0,340.0,No,8,fixation,0.0,-0.0023882995379825686
37,2,1,26,20, the ,8181,336,87,87.0,67.0,310.0,340.0,No,8,fixation,0.0,0.0
37,2,1,26,20, the ,8215,336,87,87.0,67.0,310.0,340.0,No,8,fixation,0.0,0.0
37,2,1,26,20, the ,8281,336,87,87.0,67.0,310.0,340.0,No,8,fixation,0.0,0.0
37,2,1,26,20, the ,8331,336,87,87.0,67.0,310.0,340.0,No,8,fixation,0.0,0.0
37,2,1,26,20, the ,8365,337,87,87.0,67.0,310.0,340.0,No,8,fixation,0.029411764705882353,0.0008650519031141869
37,2,1,26,21," lake, ",8430,350,86,87.0,67.0,340.0,383.0,No,8,saccade,0.2005908432370046,0.002633524285094188
37,2,1,26,22, which ,8483,390,82,87.0,67.0,383.0,434.0,No,8,saccade,0.75848117895252,0.010526232749349346
37,2,1,26,22, which ,8514,394,82,87.0,67.0,383.0,434.0,No,8,saccade,0.12903225806451613,-0.020304803899613026
37,2,1,26,22, which ,8582,404,82,87.0,67.0,383.0,434.0,No,8,sliding,0.14705882352941177,0.0002650965509543477
37,2,1,26,22, which ,8632,406,82,87.0,67.0,383.0,434.0,No,8,fixation,0.04,-0.0021411764705882353
37,2,1,26,22, which ,8664,407,82,87.0,67.0,383.0,434.0,No,8,fixation,0.03125,-0.0002734375
37,2,1,26,22, which ,8733,421,81,87.0,67.0,383.0,434.0,No,8,saccade,0.20341549054519129,0.00249515203688683
37,2,1,26,22, which ,8783,430,81,87.0,67.0,383.0,434.0,No,8,saccade,0.18,-0.00046830981090382584
37,2,1,26,22, which ,8814,433,82,87.0,67.0,383.0,434.0,No,8,sliding,0.10200895677962514,-0.00251584010388306
37,2,1,26,23, involved ,8872,437,82,87.0,67.0,434.0,505.0,No,8,fixation,0.06896551724137931,-0.0005697144747973419
37,2,1,26,23, involved ,8938,437,82,87.0,67.0,434.0,505.0,No,8,fixation,0.0,-0.001044932079414838
37,2,1,26,23, involved ,8971,437,82,87.0,67.0,434.0,505.0,No,8,fixation,0.0,0.0
37,2,1,26,23, involved ,9023,437,82,87.0,67.0,434.0,505.0,No,8,fixation,0.0,0.0
37,2,1,26,23, involved ,9090,437,82,87.0,67.0,434.0,505.0,No,8,fixation,0.0,0.0
37,2,1,26,23, involved ,9116,437,82,87.0,67.0,434.0,505.0,No,8,fixation,0.0,0.0
37,2,1,26,23, involved ,9171,461,77,87.0,67.0,434.0,505.0,No,8,saccade,0.4457327517138641,0.008104231849342985
37,2,1,26,24, a ,9236,505,71,87.0,67.0,505.0,520.0,No,8,saccade,0.6831877941899852,0.003653154499632632
37,2,1,26,24, a ,9260,510,70,87.0,67.0,505.0,520.0,No,8,saccade,0.21245914639969934,-0.019613693657928578
37,2,1,26,24, a ,9334,512,70,87.0,67.0,505.0,520.0,No,8,fixation,0.02702702702702703,-0.0025058394509820583
37,2,1,26,24, a ,9387,512,70,87.0,67.0,505.0,520.0,No,8,fixation,0.0,-0.0005099439061703213
37,2,1,26,24, a ,9421,512,70,87.0,67.0,505.0,520.0,No,8,fixation,0.0,0.0
37,2,1,26,24, a ,9481,512,70,87.0,67.0,505.0,520.0,No,8,fixation,0.0,0.0
37,2,1,26,24, a ,9542,512,70,87.0,67.0,505.0,520.0,No,8,fixation,0.0,0.0
37,2,1,26,24, a ,9568,513,70,87.0,67.0,505.0,520.0,No,8,fixation,0.038461538461538464,0.0014792899408284025
37,2,1,26,25, hot-water ,9621,520,72,87.0,67.0,520.0,600.0,No,8,sliding,0.137360563948689,0.0018660193488141612
37,2,1,26,25, hot-water ,9682,530,77,87.0,67.0,520.0,600.0,No,8,saccade,0.18328426045080246,0.0007528474836412041
37,2,1,26,25, hot-water ,9715,533,79,87.0,67.0,520.0,600.0,No,8,sliding,0.10925912955951482,-0.0022431857845844737
37,2,1,26,25, hot-water ,9773,538,81,87.0,67.0,520.0,600.0,No,8,fixation,0.09284766908852593,-0.0002829562150170498
37,2,1,26,25, hot-water ,9834,538,81,87.0,67.0,520.0,600.0,No,8,fixation,0.0,-0.0015220929358774743
37,2,1,26,25, hot-water ,9864,538,82,87.0,67.0,520.0,600.0,No,8,fixation,0.03333333333333333,0.0011111111111111111
37,2,1,26,25, hot-water ,9934,538,82,87.0,67.0,520.0,600.0,No,8,fixation,0.0,-0.0004761904761904762
37,2,1,26,25, hot-water ,9988,538,82,87.0,67.0,520.0,600.0,No,8,fixation,0.0,0.0
37,2,1,26,25, hot-water ,10013,539,82,87.0,67.0,520.0,600.0,No,8,fixation,0.04,0.0016
37,2,1,26,25, hot-water ,10073,562,82,87.0,67.0,520.0,600.0,No,8,saccade,0.38333333333333336,0.005722222222222223
37,2,1,26,25, hot-water ,10131,597,81,87.0,67.0,520.0,600.0,No,8,saccade,0.6036945310348827,0.003799330994854299
37,2,1,26,26, drilling ,10165,608,81,87.0,67.0,600.0,657.0,No,8,saccade,0.3235294117647059,-0.008240150566769905
37,2,1,26,26, drilling ,10222,634,85,87.0,67.0,600.0,657.0,No,8,saccade,0.4615068925602072,0.0024206575578158127
37,2,1,26,-1,,10282,648,90,,,,,No,8,saccade,0.24776781245530843,-0.003562318001748313
37,2,1,26,-1,,10312,650,91,,,,,No,8,fixation,0.07453559924999299,-0.0057744071068438485
37,2,1,26,-1,,10379,655,92,,,,,No,8,fixation,0.0761047688595938,2.342044193434044e-05
37,2,1,26,-1,,10432,661,92,,,,,No,8,sliding,0.11320754716981132,0.0007000524209475004
37,2,1,26,-1,,10462,662,92,,,,,No,8,fixation,0.03333333333333333,-0.0026624737945492665
37,2,1,26,-1,,10524,672,91,,,,,No,8,saccade,0.162094768082595,0.0020767973346655106
37,2,1,26,-1,,10582,679,90,,,,,No,8,sliding,0.12191496227354268,-0.0006927552725698674
37,2,1,26,27, technique ,10611,681,89,87.0,67.0,657.0,735.0,No,8,fixation,0.07710579232757896,-0.0015451437912401282
37,2,1,26,27, technique ,10678,686,87,87.0,67.0,657.0,735.0,No,8,fixation,0.08037559413633588,4.8803012070998884e-05
37,2,1,26,27, technique ,10731,688,86,87.0,67.0,657.0,735.0,No,8,fixation,0.04218996183961868,-0.0007204836282399472
37,2,1,26,27, technique ,10764,688,86,87.0,67.0,657.0,735.0,No,8,fixation,0.0,-0.0012784836921096569
37,2,1,26,24, a ,10833,507,68,87.0,67.0,505.0,520.0,No,8,saccade,2.636127907057063,0.038204752276189316
37,2,1,26,16, through ,10883,213,78,87.0,67.0,151.0,217.0,No,8,saccade,5.883400377332823,0.0649454494055152
37,2,1,26,16, through ,10911,185,80,87.0,67.0,151.0,217.0,No,8,saccade,1.0025477748298715,-0.17431616437510541
37,2,1,26,15, drilling ,10979,114,89,87.0,67.0,94.0,151.0,No,8,saccade,1.0524727844166406,0.0007341913174524875
37,2,1,26,-1,,11032,108,90,,,,,No,8,saccade,0.11476910434524942,-0.017692522265497945
37,2,1,26,-1,,11060,107,91,,,,,No,8,fixation,0.05050762722761054,-0.0022950527542013885
37,2,1,26,-1,,11120,102,93,,,,,No,8,fixation,0.08975274678557506,0.0006540853259660753
37,2,1,26,-1,,11183,95,99,,,,,No,8,sliding,0.14634197551258551,0.0008982417258255628
37,2,1,26,-1,,11215,94,101,,,,,No,8,fixation,0.06987712429686843,-0.002389526600491159
37,2,1,26,-1,,11280,95,104,,,,,No,8,fixation,0.04865042554105199,-0.00032656459624332983
37,2,1,26,28, designed ,11333,106,109,127.0,107.0,94.0,172.0,No,8,saccade,0.22798199950178438,0.003383614603032687
37,2,1,26,28, designed ,11365,108,110,127.0,107.0,94.0,172.0,No,8,fixation,0.06987712429686843,-0.0049407773501536235
37,2,1,26,28, designed ,11431,109,111,127.0,107.0,94.0,172.0,No,8,fixation,0.02142747821777417,-0.0007340855466529433
37,2,1,26,28, designed ,11482,111,112,127.0,107.0,94.0,172.0,No,8,fixation,0.043844470147054705,0.0004395488613584419
37,2,1,26,28, designed ,11516,113,113,127.0,107.0,94.0,172.0,No,8,fixation,0.06576670522058205,0.0006447716198096277
37,2,1,26,28, designed ,11571,118,116,127.0,107.0,94.0,172.0,No,8,sliding,0.10601730717900547,0.0007318291265167895
37,2,1,26,28, designed ,11631,120,117,127.0,107.0,94.0,172.0,No,8,fixation,0.037267799624996496,-0.0011458251259001495
37,2,1,26,28, designed ,11664,120,117,127.0,107.0,94.0,172.0,No,8,fixation,0.0,-0.0011293272613635303
37,2,1,26,28, designed ,11731,121,118,127.0,107.0,94.0,172.0,No,8,fixation,0.021107665110046196,0.0003150397777618835
37,2,1,26,28, designed ,11782,122,119,127.0,107.0,94.0,172.0,No,8,fixation,0.0277296776935901,0.00012984338399105695
37,2,1,26,28, designed ,11813,122,120,127.0,107.0,94.0,172.0,No,8,fixation,0.03225806451612903,0.0001460769942754494
37,2,1,26,28, designed ,11872,124,121,127.0,107.0,94.0,172.0,No,8,fixation,0.03789945724575915,9.561682592593416e-05
37,2,1,26,28, designed ,11939,153,122,127.0,107.0,94.0,172.0,No,8,saccade,0.43309307846408684,0.005898412256989965
37,2,1,26,28, designed ,11973,168,124,127.0,107.0,94.0,172.0,No,8,saccade,0.44508076324769286,0.00035257896422370623
37,2,1,26,-1,,12024,192,130,,,,,No,8,saccade,0.48507125007266594,0.000784127192646531
37,2,1,26,-1,,12081,214,135,,,,,No,8,saccade,0.39580751483082377,-0.0015660304428393363
37,2,1,26,-1,,12116,224,138,,,,,No,8,saccade,0.2982944716831586,-0.002786086947076148
37,2,1,26,-1,,12181,224,138,,,,,No,8,fixation,0.0,-0.0045891457182024396
37,2,1,26,-1,,12235,224,138,,,,,No,8,fixation,0.0,0.0
37,2,1,26,-1,,12269,224,138,,,,,No,8,fixation,0.0,0.0
37,2,1,26,-1,,12320,224,138,,,,,No,8,fixation,0.0,0.0
37,2,1,26,-1,,12382,224,138,,,,,No,8,fixation,0.0,0.0
37,2,1,26,-1,,12424,226,134,,,,,No,8,sliding,0.10647942749999,0.002535224464285476
37,2,1,26,-1,,12472,228,132,,,,,No,8,fixation,0.05892556509887897,-0.000990705466689813
37,2,1,26,-1,,12531,229,131,,,,,No,8,fixation,0.023969721396154154,-0.0005924719271648272
37,2,1,26,-1,,12563,229,131,,,,,No,8,fixation,0.0,-0.0007490537936298173
37,2,1,26,30, greatly ,12622,231,129,127.0,107.0,192.0,251.0,No,8,fixation,0.04793944279230831,0.0008125329286831917
37,2,1,26,30, greatly ,12681,235,127,127.0,107.0,192.0,251.0,No,8,fixation,0.0757989144915183,0.00047219443557983023
37,2,1,26,30, greatly ,12715,245,125,127.0,107.0,192.0,251.0,No,8,saccade,0.2999423243289873,0.0065924532305137945
37,2,1,26,31, reduce ,12773,261,122,127.0,107.0,252.0,312.0,No,8,saccade,0.28066932062240874,-0.0003322931673548032
37,2,1,26,31, reduce ,12832,272,120,127.0,107.0,252.0,312.0,No,8,saccade,0.18949728622879575,-0.0015452887185358134
37,2,1,26,31, reduce ,12866,282,119,127.0,107.0,252.0,312.0,No,8,saccade,0.29558457709179087,0.0031202144371469155
37,2,1,26,31, reduce ,12922,293,119,127.0,107.0,252.0,312.0,No,8,saccade,0.19642857142857142,-0.0017706429582717757
37,2,1,26,31, reduce ,12983,303,119,127.0,107.0,252.0,312.0,No,8,saccade,0.16393442622950818,-0.0005326909049026761
37,2,1,26,31, reduce ,13014,303,118,127.0,107.0,252.0,312.0,No,8,fixation,0.03225806451612903,-0.004247624571399327
37,2,1,26,31, reduce ,13081,303,118,127.0,107.0,252.0,312.0,No,8,fixation,0.0,-0.00048146364949446316
37,2,1,26,31, reduce ,13133,303,118,127.0,107.0,252.0,312.0,No,8,fixation,0.0,0.0
37,2,1,26,31, reduce ,13166,303,118,127.0,107.0,252.0,312.0,No,8,fixation,0.0,0.0
37,2,1,26,31, reduce ,13223,304,118,127.0,107.0,252.0,312.0,No,8,fixation,0.017543859649122806,0.0003077870113881194
37,2,1,26,32, or ,13287,324,117,127.0,107.0,312.0,333.0,No,8,saccade,0.3128903811640748,0.004614789398671125
37,2,1,26,33, eliminate ,13321,354,116,127.0,107.0,333.0,410.0,No,8,saccade,0.8828430011649196,0.016763312352966027
37,2,1,26,33, eliminate ,13370,375,118,127.0,107.0,333.0,410.0,No,8,saccade,0.43051067570875484,-0.009231271948084997
37,2,1,26,33, eliminate ,13440,377,118,127.0,107.0,333.0,410.0,No,8,fixation,0.02857142857142857,-0.005741989244818947
37,2,1,26,33, eliminate ,13474,377,118,127.0,107.0,333.0,410.0,No,8,fixation,0.0,-0.0008403361344537815
37,2,1,26,33, eliminate ,13533,377,118,127.0,107.0,333.0,410.0,No,8,fixation,0.0,0.0
37,2,1,26,33, eliminate ,13594,377,118,127.0,107.0,333.0,410.0,No,8,fixation,0.0,0.0
37,2,1,26,33, eliminate ,13619,380,118,127.0,107.0,333.0,410.0,No,8,sliding,0.12,0.0048
37,2,1,26,34, any ,13672,416,114,127.0,107.0,410.0,444.0,No,8,saccade,0.6834252934443333,0.010630665914044025
37,2,1,26,35, contamination ,13737,451,114,127.0,107.0,444.0,561.0,No,8,saccade,0.5384615384615384,-0.0022302116151199218
37,2,1,26,35, contamination ,13764,453,114,127.0,107.0,444.0,561.0,No,8,saccade,0.07407407407407407,-0.017199535718054236
37,2,1,26,35, contamination ,13830,453,114,127.0,107.0,444.0,561.0,No,8,fixation,0.0,-0.0011223344556677889
37,2,1,26,35, contamination ,13894,453,114,127.0,107.0,444.0,561.0,No,8,fixation,0.0,0.0
37,2,1,26,35, contamination ,13919,453,114,127.0,107.0,444.0,561.0,No,8,fixation,0.0,0.0
37,2,1,26,35, contamination ,13979,453,114,127.0,107.0,444.0,561.0,No,8,fixation,0.0,0.0
37,2,1,26,35, contamination ,14036,465,114,127.0,107.0,444.0,561.0,No,8,saccade,0.21052631578947367,0.003693444136657433
37,2,1,26,35, contamination ,14070,486,115,127.0,107.0,444.0,561.0,No,8,saccade,0.6183469424008423,0.011994724312099077
37,2,1,26,35, contamination ,14124,515,119,127.0,107.0,444.0,561.0,No,8,saccade,0.5421215247520166,-0.0014115818083115877
37,2,1,26,35, contamination ,14193,515,119,127.0,107.0,444.0,561.0,No,8,fixation,0.0,-0.007856833692058212
37,2,1,26,35, contamination ,14219,515,119,127.0,107.0,444.0,561.0,No,8,fixation,0.0,0.0
37,2,1,26,35, contamination ,14279,515,119,127.0,107.0,444.0,561.0,No,8,fixation,0.0,0.0
37,2,1,26,35, contamination ,14334,515,119,127.0,107.0,444.0,561.0,No,8,fixation,0.0,0.0
37,2,1,26,35, contamination ,14376,515,119,127.0,107.0,444.0,561.0,No,8,fixation,0.0,0.0
37,2,1,26,35, contamination ,14420,528,122,127.0,107.0,444.0,561.0,No,8,saccade,0.30321963782105305,0.006891355405023933
37,2,1,26,-1,,14487,565,130,,,,,No,8,saccade,0.5649997979327672,0.003907166568831555
37,2,1,26,-1,,14517,565,130,,,,,No,8,saccade,0.0,-0.018833326597758906
37,2,1,26,-1,,14571,565,130,,,,,No,8,fixation,0.0,0.0
37,2,1,26,-1,,14634,565,130,,,,,No,8,fixation,0.0,0.0
37,2,1,26,-1,,14667,565,130,,,,,No,8,fixation,0.0,0.0
37,2,1,26,-1,,14727,565,130,,,,,No,8,fixation,0.0,0.0
37,2,1,26,-1,,14788,585,130,,,,,No,8,saccade,0.32786885245901637,0.005374899220639612
37,2,1,26,-1,,14814,592,130,,,,,No,8,saccade,0.2692307692307692,-0.0022553108933941212
37,2,1,26,37, might ,14873,632,129,127.0,107.0,596.0,645.0,No,8,saccade,0.6781779330082222,0.0069313078606347955
37,2,1,26,37, might ,14933,634,129,127.0,107.0,596.0,645.0,No,8,saccade,0.03333333333333333,-0.01074740999458148
37,2,1,26,37, might ,14963,634,129,127.0,107.0,596.0,645.0,No,8,fixation,0.0,-0.0011111111111111111
37,2,1,26,37, might ,15029,634,129,127.0,107.0,596.0,645.0,No,8,fixation,0.0,0.0
37,2,1,26,37, might ,15088,634,129,127.0,107.0,596.0,645.0,No,8,fixation,0.0,0.0
37,2,1,26,37, might ,15113,635,129,127.0,107.0,596.0,645.0,No,8,fixation,0.04,0.0016
37,2,1,26,38, come ,15172,669,120,127.0,107.0,645.0,694.0,No,8,saccade,0.5961188269514907,0.009425742829686282
37,2,1,26,39, from ,15231,697,118,127.0,107.0,694.0,730.0,No,8,saccade,0.4757853846650237,-0.002039549869262152
37,2,1,26,39, from ,15270,704,118,127.0,107.0,694.0,730.0,No,8,saccade,0.1794871794871795,-0.00759738987635498
37,2,1,26,39, from ,15322,707,118,127.0,107.0,694.0,730.0,No,8,fixation,0.057692307692307696,-0.0023422090729783036
37,2,1,26,39, from ,15382,711,118,127.0,107.0,694.0,730.0,No,8,fixation,0.06666666666666667,0.0001495726495726495
37,2,1,26,39, from ,15415,714,118,127.0,107.0,694.0,730.0,No,8,fixation,0.09090909090909091,0.0007346189164370983
37,2,1,26,39, from ,15471,717,118,127.0,107.0,694.0,730.0,No,8,fixation,0.05357142857142857,-0.000666743970315399
37,2,1,26,39, from ,15537,697,118,127.0,107.0,694.0,730.0,No,8,saccade,0.30303030303030304,0.0037796799160435524
37,2,1,26,35, contamination ,15570,491,122,127.0,107.0,444.0,561.0,No,8,saccade,6.243600948229684,0.18001729227876911
37,2,1,26,-1,,15621,85,154,,,,,No,8,saccade,7.985473162089577,0.03415435713450771
37,2,1,26,-1,,15681,24,171,,,,,No,8,saccade,1.055409346599171,-0.11550106359150678
37,2,1,26,-1,,15720,22,174,,,,,No,8,saccade,0.09245003270420485,-0.024691264458845286
37,2,1,26,-1,,15771,25,177,,,,,No,8,fixation,0.08318903308077029,-0.00018158822791048155
37,2,1,26,-1,,15831,31,179,,,,,No,8,sliding,0.10540925533894599,0.00037033703763626166
37,2,1,26,-1,,15864,35,181,,,,,No,8,sliding,0.13551927136362363,0.0009124247280205345
37,2,1,26,-1,,15921,36,181,,,,,No,8,fixation,0.017543859649122806,-0.002069744065166681
37,2,1,26,-1,,15980,48,172,,,,,No,8,saccade,0.2542372881355932,0.004011753025194413
37,2,1,26,-1,,16016,65,160,,,,,No,8,saccade,0.5780181124079115,0.008993911785342174
37,2,1,26,-1,,16076,85,154,,,,,No,8,saccade,0.348010216963685,-0.003833464924070441
37,2,1,26,40, other ,16132,102,155,167.0,147.0,94.0,140.0,No,8,saccade,0.30409618510582864,-0.0007841791403188636
37,2,1,26,40, other ,16166,108,157,167.0,147.0,94.0,140.0,No,8,saccade,0.18601633295108114,-0.003472936828080809
37,2,1,26,40, other ,16221,119,160,167.0,147.0,94.0,140.0,No,8,saccade,0.2073046227452978,0.0003870598144403028
37,2,1,26,41, kerosene-based ,16282,142,163,167.0,147.0,140.0,274.0,No,8,saccade,0.3802430657292853,0.0028350564423604506
37,2,1,26,41, kerosene-based ,16310,154,163,167.0,147.0,140.0,274.0,No,8,saccade,0.42857142857142855,0.0017260129586479736
37,2,1,26,41, kerosene-based ,16371,184,157,167.0,147.0,140.0,274.0,No,8,saccade,0.5015429029763395,0.0011962536787690323
37,2,1,26,41, kerosene-based ,16432,201,155,167.0,147.0,140.0,274.0,No,8,saccade,0.2806105371905523,-0.0036218420620620856
37,2,1,26,41, kerosene-based ,16465,213,154,167.0,147.0,140.0,274.0,No,8,saccade,0.36489680541794833,0.0025541293402241223
37,2,1,26,41, kerosene-based ,16523,238,154,167.0,147.0,140.0,274.0,No,8,saccade,0.43103448275862066,0.0011403047817357297
37,2,1,26,41, kerosene-based ,16581,246,155,167.0,147.0,140.0,274.0,No,8,sliding,0.1390044439361819,-0.0050350006693523925
37,2,1,26,41, kerosene-based ,16612,246,155,167.0,147.0,140.0,274.0,No,8,fixation,0.0,-0.004484014320521997
37,2,1,26,41, kerosene-based ,16674,246,155,167.0,147.0,140.0,274.0,No,8,fixation,0.0,0.0
37,2,1,26,41, kerosene-based ,16743,246,155,167.0,147.0,140.0,274.0,No,8,fixation,0.0,0.0
37,2,1,26,41, kerosene-based ,16769,246,155,167.0,147.0,140.0,274.0,No,8,fixation,0.0,0.0
37,2,1,26,41, kerosene-based ,16829,246,155,167.0,147.0,140.0,274.0,No,8,fixation,0.0,0.0
37,2,1,26,41, kerosene-based ,16886,257,154,167.0,147.0,140.0,274.0,No,8,saccade,0.19377826345942564,0.003399618657182906
37,2,1,26,42, drilling ,16919,281,152,167.0,147.0,275.0,332.0,No,8,saccade,0.7297936108358967,0.016242889314438517
37,2,1,26,42, drilling ,16971,322,154,167.0,147.0,275.0,332.0,No,8,saccade,0.7893990673759151,0.0011462587796157398
37,2,1,26,42, drilling ,17045,331,156,167.0,147.0,275.0,332.0,No,8,sliding,0.12458843861206605,-0.008983927415727691
37,2,1,26,42, drilling ,17063,331,156,167.0,147.0,275.0,332.0,No,8,fixation,0.0,-0.006921579922892558
37,2,1,26,42, drilling ,17131,331,156,167.0,147.0,275.0,332.0,No,8,fixation,0.0,0.0
37,2,1,26,42, drilling ,17190,331,156,167.0,147.0,275.0,332.0,No,8,fixation,0.0,0.0
37,2,1,26,42, drilling ,17224,331,156,167.0,147.0,275.0,332.0,No,8,fixation,0.0,0.0
37,2,1,26,43," technology, ",17271,346,157,167.0,147.0,332.0,428.0,No,8,saccade,0.3198573697526151,0.006805475952183299
37,2,1,26,43," technology, ",17340,405,168,167.0,147.0,332.0,428.0,No,8,saccade,0.869806729746299,0.007970280579618608
37,2,1,26,43," technology, ",17365,411,169,167.0,147.0,332.0,428.0,No,8,saccade,0.24331050121192876,-0.02505984914137481
37,2,1,26,43," technology, ",17430,411,169,167.0,147.0,332.0,428.0,No,8,fixation,0.0,-0.0037432384801835195
37,2,1,26,43," technology, ",17483,411,169,167.0,147.0,332.0,428.0,No,8,fixation,0.0,0.0
37,2,1,26,43," technology, ",17515,411,169,167.0,147.0,332.0,428.0,No,8,fixation,0.0,0.0
37,2,1,26,43," technology, ",17572,411,169,167.0,147.0,332.0,428.0,No,8,fixation,0.0,0.0
37,2,1,26,44, Christner ,17638,441,165,167.0,147.0,427.0,505.0,No,8,saccade,0.45856805910368353,0.006948000895510356
37,2,1,26,44, Christner ,17671,465,165,167.0,147.0,427.0,505.0,No,8,saccade,0.7272727272727273,0.008142565702092236
37,2,1,26,44, Christner ,17724,489,166,167.0,147.0,427.0,505.0,No,8,saccade,0.45322309997978544,-0.005170747684772488
37,2,1,26,44, Christner ,17785,494,167,167.0,147.0,427.0,505.0,No,8,fixation,0.08359048382938991,-0.006059551084432714
37,2,1,26,44, Christner ,17818,494,167,167.0,147.0,427.0,505.0,No,8,fixation,0.0,-0.002533044964526967
37,2,1,26,44, Christner ,17874,494,167,167.0,147.0,427.0,505.0,No,8,fixation,0.0,0.0
37,2,1,26,44, Christner ,17932,496,167,167.0,147.0,427.0,505.0,No,8,fixation,0.034482758620689655,0.0005945303210463733
37,2,1,26,44, Christner ,17971,498,167,167.0,147.0,427.0,505.0,No,8,fixation,0.05128205128205128,0.0004307510938810673
37,2,1,26,44, Christner ,18022,500,167,167.0,147.0,427.0,505.0,No,8,fixation,0.0392156862745098,-0.00023659539230473485
37,2,1,26,-1,,18082,504,180,,,,,No,8,saccade,0.22669117514559073,0.0031245914811846823
37,2,1,27,0, Very ,1119,94,29,47.0,27.0,94.0,135.0,Yes,3,fixation,0.0,0.0
37,2,1,27,0, Very ,1168,95,32,47.0,27.0,94.0,135.0,Yes,3,fixation,0.06453627877894652,0.0013170669138560514
37,2,1,27,0, Very ,1219,95,36,47.0,27.0,94.0,135.0,Yes,3,fixation,0.0784313725490196,0.0002724528190210409
37,2,1,27,0, Very ,1268,95,37,47.0,27.0,94.0,135.0,Yes,3,fixation,0.02040816326530612,-0.0011841471282390509
37,2,1,27,0, Very ,1318,98,38,47.0,27.0,94.0,135.0,Yes,3,fixation,0.0632455532033676,0.0008567477987612296
37,2,1,27,0, Very ,1369,107,38,47.0,27.0,94.0,135.0,Yes,3,saccade,0.17647058823529413,0.0022200987261162064
37,2,1,27,0, Very ,1419,108,38,47.0,27.0,94.0,135.0,Yes,3,fixation,0.02,-0.0031294117647058827
37,2,1,27,0, Very ,1469,108,38,47.0,27.0,94.0,135.0,Yes,3,fixation,0.0,-0.0004
37,2,1,27,0, Very ,1519,108,38,47.0,27.0,94.0,135.0,Yes,3,fixation,0.0,0.0
37,2,1,27,0, Very ,1570,108,39,47.0,27.0,94.0,135.0,Yes,3,fixation,0.0196078431372549,0.00038446751249519417
37,2,1,27,0, Very ,1623,111,41,47.0,27.0,94.0,135.0,Yes,3,fixation,0.06802926934837715,0.0009136118153041933
37,2,1,27,0, Very ,1672,116,43,47.0,27.0,94.0,135.0,Yes,3,sliding,0.10990132259458171,0.0008545316989021339
37,2,1,27,0, Very ,1719,118,44,47.0,27.0,94.0,135.0,Yes,3,fixation,0.04757591441488915,-0.0013260725144615439
37,2,1,27,0, Very ,1778,118,44,47.0,27.0,94.0,135.0,Yes,3,fixation,0.0,-0.000806371430760833
37,2,1,27,0, Very ,1821,118,44,47.0,27.0,94.0,135.0,Yes,3,fixation,0.0,0.0
37,2,1,27,0, Very ,1874,118,44,47.0,27.0,94.0,135.0,Yes,3,fixation,0.0,0.0
37,2,1,27,0, Very ,1925,118,44,47.0,27.0,94.0,135.0,Yes,3,fixation,0.0,0.0
37,2,1,27,0, Very ,1970,118,44,47.0,27.0,94.0,135.0,Yes,3,fixation,0.0,0.0
37,2,1,27,0, Very ,2023,118,44,47.0,27.0,94.0,135.0,Yes,3,fixation,0.0,0.0
37,2,1,27,0, Very ,2083,118,44,47.0,27.0,94.0,135.0,Yes,3,fixation,0.0,0.0
37,2,1,27,0, Very ,2122,120,44,47.0,27.0,94.0,135.0,Yes,3,fixation,0.05128205128205128,0.0013149243918474686
37,2,1,27,0, Very ,2173,130,45,47.0,27.0,94.0,135.0,Yes,3,saccade,0.19705638472786058,0.00285832026364332
37,2,1,27,-1,,2226,153,50,,,,,Yes,3,saccade,0.44409819984678567,0.004661166322998587
37,2,1,27,-1,,2270,173,54,,,,,Yes,3,saccade,0.46354722850843494,0.00044202337867384705
37,2,1,27,-1,,2319,186,56,,,,,Yes,3,saccade,0.2684274783258348,-0.003982035718012248
37,2,1,27,-1,,2369,190,56,,,,,Yes,3,fixation,0.08,-0.003768549566516696
37,2,1,27,-1,,2419,191,56,,,,,Yes,3,fixation,0.02,-0.0012
37,2,1,27,-1,,2468,193,56,,,,,Yes,3,fixation,0.04081632653061224,0.00042482299042065797
37,2,1,27,-1,,2519,194,55,,,,,Yes,3,fixation,0.0277296776935901,-0.00025660095758866944
37,2,1,27,-1,,2569,201,50,,,,,Yes,3,saccade,0.17204650534085253,0.0028863365529452484
37,2,1,27,2, but ,2619,212,41,47.0,27.0,196.0,226.0,Yes,3,saccade,0.2842534080710379,0.002244138054603707
37,2,1,27,2, but ,2669,220,31,47.0,27.0,196.0,226.0,Yes,3,saccade,0.25612496949731395,-0.0005625687714744788
37,2,1,27,2, but ,2718,222,26,47.0,27.0,196.0,226.0,Yes,3,sliding,0.10990132259458171,-0.002984156059239433
37,2,1,27,2, but ,2768,222,26,47.0,27.0,196.0,226.0,Yes,3,fixation,0.0,-0.0021980264518916344
37,2,1,27,2, but ,2819,222,26,47.0,27.0,196.0,226.0,Yes,3,fixation,0.0,0.0
37,2,1,27,2, but ,2868,224,26,47.0,27.0,196.0,226.0,Yes,3,fixation,0.04081632653061224,0.0008329862557267804
37,2,1,27,3, even ,2919,235,30,47.0,27.0,226.0,270.0,Yes,3,saccade,0.22950391981803187,0.003699756731125875
37,2,1,27,3, even ,2969,255,36,47.0,27.0,226.0,270.0,Yes,3,saccade,0.417612260356422,0.003762166810767803
37,2,1,27,4, more ,3019,278,42,47.0,27.0,271.0,317.0,Yes,3,saccade,0.4753945729601885,0.0011556462520753298
37,2,1,27,4, more ,3069,285,43,47.0,27.0,271.0,317.0,Yes,3,sliding,0.1414213562373095,-0.00667946433445758
37,2,1,27,4, more ,3122,287,43,47.0,27.0,271.0,317.0,Yes,3,fixation,0.03773584905660377,-0.0019563303241642593
37,2,1,27,4, more ,3179,287,43,47.0,27.0,271.0,317.0,Yes,3,fixation,0.0,-0.0006620324395895399
37,2,1,27,4, more ,3230,287,43,47.0,27.0,271.0,317.0,Yes,3,fixation,0.0,0.0
37,2,1,27,4, more ,3283,287,43,47.0,27.0,271.0,317.0,Yes,3,fixation,0.0,0.0
37,2,1,27,4, more ,3334,287,43,47.0,27.0,271.0,317.0,Yes,3,fixation,0.0,0.0
37,2,1,27,4, more ,3370,287,43,47.0,27.0,271.0,317.0,Yes,3,fixation,0.0,0.0
37,2,1,27,4, more ,3421,287,43,47.0,27.0,271.0,317.0,Yes,3,fixation,0.0,0.0
37,2,1,27,4, more ,3473,287,43,47.0,27.0,271.0,317.0,Yes,3,fixation,0.0,0.0
37,2,1,27,4, more ,3518,288,43,47.0,27.0,271.0,317.0,Yes,3,fixation,0.022222222222222223,0.0004938271604938272
37,2,1,27,4, more ,3570,289,43,47.0,27.0,271.0,317.0,Yes,3,fixation,0.019230769230769232,-5.7527942143326753e-05
37,2,1,27,4, more ,3620,290,42,47.0,27.0,271.0,317.0,Yes,3,fixation,0.0282842712474619,0.0001810700403338534
37,2,1,27,4, more ,3671,291,42,47.0,27.0,271.0,317.0,Yes,3,fixation,0.0196078431372549,-0.00017012604137660783
37,2,1,27,4, more ,3719,291,42,47.0,27.0,271.0,317.0,Yes,3,fixation,0.0,-0.0004084967320261438
37,2,1,27,4, more ,3771,296,40,47.0,27.0,271.0,317.0,Yes,3,sliding,0.10356086167566353,0.0019915550322242986
37,2,1,27,4, more ,3823,315,37,47.0,27.0,271.0,317.0,Yes,3,saccade,0.36991123195521813,0.00512212250537605
37,2,1,27,5," striking, ",3872,324,36,47.0,27.0,317.0,384.0,Yes,3,saccade,0.18480377832933503,-0.0037777031352221042
37,2,1,27,5," striking, ",3921,330,35,47.0,27.0,317.0,384.0,Yes,3,sliding,0.12413801082241264,-0.0012380768878963752
37,2,1,27,5," striking, ",3973,338,35,47.0,27.0,317.0,384.0,Yes,3,saccade,0.15384615384615385,0.0005713104427642541
37,2,1,27,5," striking, ",4023,350,35,47.0,27.0,317.0,384.0,Yes,3,saccade,0.24,0.0017230769230769227
37,2,1,27,5," striking, ",4072,370,35,47.0,27.0,317.0,384.0,Yes,3,saccade,0.40816326530612246,0.003431903373594336
37,2,1,27,5," striking, ",4122,377,35,47.0,27.0,317.0,384.0,Yes,3,sliding,0.14,-0.005363265306122449
37,2,1,27,5," striking, ",4173,383,35,47.0,27.0,317.0,384.0,Yes,3,sliding,0.11764705882352941,-0.00043829296424452164
37,2,1,27,6, is ,4223,394,35,47.0,27.0,384.0,402.0,Yes,3,saccade,0.22,0.002047058823529412
37,2,1,27,6, is ,4276,399,35,47.0,27.0,384.0,402.0,Yes,3,fixation,0.09433962264150944,-0.0023709505161979352
37,2,1,27,6, is ,4325,401,35,47.0,27.0,384.0,402.0,Yes,3,fixation,0.04081632653061224,-0.0010923121655285143
37,2,1,27,7, the ,4375,402,35,47.0,27.0,402.0,432.0,Yes,3,fixation,0.02,-0.0004163265306122448
37,2,1,27,7, the ,4434,402,35,47.0,27.0,402.0,432.0,Yes,3,fixation,0.0,-0.00033898305084745765
37,2,1,27,7, the ,4477,402,35,47.0,27.0,402.0,432.0,Yes,3,fixation,0.0,0.0
37,2,1,27,7, the ,4528,402,35,47.0,27.0,402.0,432.0,Yes,3,fixation,0.0,0.0
37,2,1,27,7, the ,4580,402,35,47.0,27.0,402.0,432.0,Yes,3,fixation,0.0,0.0
37,2,1,27,7, the ,4633,402,35,47.0,27.0,402.0,432.0,Yes,3,fixation,0.0,0.0
37,2,1,27,7, the ,4676,402,35,47.0,27.0,402.0,432.0,Yes,3,fixation,0.0,0.0
37,2,1,27,7, the ,4723,408,35,47.0,27.0,402.0,432.0,Yes,3,sliding,0.1276595744680851,0.0027161611588954276
37,2,1,27,7, the ,4772,424,35,47.0,27.0,402.0,432.0,Yes,3,saccade,0.32653061224489793,0.004058592607690058
37,2,1,27,8, evidence ,4822,432,35,47.0,27.0,432.0,509.0,Yes,3,saccade,0.16,-0.0033306122448979584
37,2,1,27,8, evidence ,4869,438,35,47.0,27.0,432.0,509.0,Yes,3,sliding,0.1276595744680851,-0.0006880941602535087
37,2,1,27,8, evidence ,4920,440,35,47.0,27.0,432.0,509.0,Yes,3,fixation,0.0392156862745098,-0.0017341938861485352
37,2,1,27,8, evidence ,4986,440,35,47.0,27.0,432.0,509.0,Yes,3,fixation,0.0,-0.0005941770647653001
37,2,1,27,8, evidence ,5047,440,35,47.0,27.0,432.0,509.0,Yes,3,fixation,0.0,0.0
37,2,1,27,8, evidence ,5082,441,35,47.0,27.0,432.0,509.0,Yes,3,fixation,0.02857142857142857,0.0008163265306122448
37,2,1,27,8, evidence ,5139,446,35,47.0,27.0,432.0,509.0,Yes,3,fixation,0.08771929824561403,0.0010376819241085169
37,2,1,27,8, evidence ,5201,477,36,47.0,27.0,432.0,509.0,Yes,3,saccade,0.5002600780409943,0.006653883545086778
37,2,1,27,8, evidence ,5223,490,36,47.0,27.0,432.0,509.0,Yes,3,saccade,0.5909090909090909,0.004120409675822576
37,2,1,27,8, evidence ,5280,504,36,47.0,27.0,432.0,509.0,Yes,3,saccade,0.24561403508771928,-0.00605780799686617
37,2,1,27,8, evidence ,5340,508,36,47.0,27.0,432.0,509.0,Yes,3,fixation,0.06666666666666667,-0.0029824561403508773
37,2,1,27,9, from ,5372,511,36,47.0,27.0,509.0,550.0,Yes,3,fixation,0.09375,0.0008463541666666667
37,2,1,27,9, from ,5438,520,37,47.0,27.0,509.0,550.0,Yes,3,sliding,0.1372028051232942,0.0006583758352014271
37,2,1,27,9, from ,5491,527,37,47.0,27.0,509.0,550.0,Yes,3,sliding,0.1320754716981132,-9.674214009775445e-05
37,2,1,27,9, from ,5521,529,37,47.0,27.0,509.0,550.0,Yes,3,fixation,0.06666666666666667,-0.002180293501048218
37,2,1,27,9, from ,5583,533,37,47.0,27.0,509.0,550.0,Yes,3,fixation,0.06451612903225806,-3.4686090877558116e-05
37,2,1,27,9, from ,5642,534,35,47.0,27.0,509.0,550.0,Yes,3,fixation,0.03789945724575915,-0.00045113003027964267
37,2,1,27,9, from ,5670,537,35,47.0,27.0,509.0,550.0,Yes,3,sliding,0.10714285714285714,0.0024729785677535
37,2,1,27,10, athletic ,5738,564,35,47.0,27.0,550.0,612.0,Yes,3,saccade,0.39705882352941174,0.0042634700939199206
37,2,1,27,10, athletic ,5793,586,35,47.0,27.0,550.0,612.0,Yes,3,saccade,0.4,5.347593582887782e-05
37,2,1,27,10, athletic ,5823,588,35,47.0,27.0,550.0,612.0,Yes,3,saccade,0.06666666666666667,-0.011111111111111112
37,2,1,27,10, athletic ,5893,588,35,47.0,27.0,550.0,612.0,Yes,3,fixation,0.0,-0.0009523809523809524
37,2,1,27,10, athletic ,5953,588,35,47.0,27.0,550.0,612.0,Yes,3,fixation,0.0,0.0
37,2,1,27,10, athletic ,5987,588,35,47.0,27.0,550.0,612.0,Yes,3,fixation,0.0,0.0
37,2,1,27,10, athletic ,6038,588,35,47.0,27.0,550.0,612.0,Yes,3,fixation,0.0,0.0
37,2,1,27,10, athletic ,6107,588,35,47.0,27.0,550.0,612.0,Yes,3,fixation,0.0,0.0
37,2,1,27,10, athletic ,6124,588,35,47.0,27.0,550.0,612.0,Yes,3,fixation,0.0,0.0
37,2,1,27,10, athletic ,6184,593,34,47.0,27.0,550.0,612.0,Yes,3,fixation,0.08498365855987974,0.001416394309331329
37,2,1,27,11, training. ,6244,616,31,47.0,27.0,612.0,680.0,Yes,3,saccade,0.3865804501581067,0.005026613193303783
37,2,1,27,11, training. ,6278,623,31,47.0,27.0,612.0,680.0,Yes,3,saccade,0.20588235294117646,-0.005314649918145007
37,2,1,27,11, training. ,6331,634,31,47.0,27.0,612.0,680.0,Yes,3,saccade,0.20754716981132076,3.141163905932648e-05
37,2,1,27,11, training. ,6396,642,33,47.0,27.0,612.0,680.0,Yes,3,sliding,0.1268647884805434,-0.0012412674050888827
37,2,1,27,11, training. ,6430,647,34,47.0,27.0,612.0,680.0,Yes,3,sliding,0.14997116216449366,0.0006795992259985374
37,2,1,27,11, training. ,6483,654,34,47.0,27.0,612.0,680.0,Yes,3,sliding,0.1320754716981132,-0.000337654537101518
37,2,1,27,11, training. ,6541,667,34,47.0,27.0,612.0,680.0,Yes,3,saccade,0.22413793103448276,0.0015872837816615442
37,2,1,27,11, training. ,6573,671,34,47.0,27.0,612.0,680.0,Yes,3,sliding,0.125,-0.0030980603448275863
37,2,1,27,12, As ,6632,686,36,47.0,27.0,680.0,706.0,Yes,3,saccade,0.2564872194986704,0.002228596940655431
37,2,1,27,13, with ,6701,708,37,47.0,27.0,706.0,738.0,Yes,3,saccade,0.3191697905151484,0.0009084430582098254
37,2,1,27,13, with ,6723,708,38,47.0,27.0,706.0,738.0,Yes,3,saccade,0.045454545454545456,-0.012441602048209223
37,2,1,27,13, with ,6784,714,38,47.0,27.0,706.0,738.0,Yes,3,fixation,0.09836065573770492,0.000867313283330483
37,2,1,27,13, with ,6843,715,38,47.0,27.0,706.0,738.0,Yes,3,fixation,0.01694915254237288,-0.00137985598636156
37,2,1,27,13, with ,6874,715,38,47.0,27.0,706.0,738.0,Yes,3,fixation,0.0,-0.0005467468562055768
37,2,1,27,13, with ,6933,715,38,47.0,27.0,706.0,738.0,Yes,3,fixation,0.0,0.0
37,2,1,27,13, with ,6991,716,38,47.0,27.0,706.0,738.0,Yes,3,fixation,0.017241379310344827,0.00029726516052318666
37,2,1,27,13, with ,7024,716,38,47.0,27.0,706.0,738.0,Yes,3,fixation,0.0,-0.000522466039707419
37,2,1,27,13, with ,7087,716,38,47.0,27.0,706.0,738.0,Yes,3,fixation,0.0,0.0
37,2,1,27,13, with ,7141,717,38,47.0,27.0,706.0,738.0,Yes,3,fixation,0.018518518518518517,0.0003429355281207133
37,2,1,27,13, with ,7177,717,38,47.0,27.0,706.0,738.0,Yes,3,fixation,0.0,-0.0005144032921810699
37,2,1,27,13, with ,7232,717,38,47.0,27.0,706.0,738.0,Yes,3,fixation,0.0,0.0
37,2,1,27,13, with ,7293,716,38,47.0,27.0,706.0,738.0,Yes,3,fixation,0.01639344262295082,0.0002687449610319807
37,2,1,27,12, As ,7321,696,39,47.0,27.0,680.0,706.0,Yes,3,saccade,0.7151780140893138,0.02495659183808439
37,2,1,27,8, evidence ,7389,472,39,47.0,27.0,432.0,509.0,Yes,3,saccade,3.2941176470588234,0.03792558283778691
37,2,1,27,-1,,7442,261,59,,,,,Yes,3,saccade,3.9989763731174843,0.013299221246389829
37,2,1,27,-1,,7476,225,65,,,,,Yes,3,saccade,1.0734286818173329,-0.08604552033235739
37,2,1,27,16, piece ,7534,204,69,87.0,67.0,199.0,247.0,Yes,3,saccade,0.3685785918350336,-0.012152587758315504
37,2,1,27,16, piece ,7591,199,71,87.0,67.0,199.0,247.0,Yes,3,fixation,0.09447657556376322,-0.004808807303004744
37,2,1,27,15, a ,7624,193,72,87.0,67.0,184.0,199.0,Yes,3,saccade,0.18432613728176422,0.002722713991454576
37,2,1,27,14, rehearsing ,7684,158,87,87.0,67.0,94.0,184.0,Yes,3,saccade,0.6346477588219924,0.007505360359003803
37,2,1,27,-1,,7742,123,104,,,,,Yes,3,saccade,0.6708647054601282,0.0006244301144506171
37,2,1,27,28, alone ,7769,117,107,127.0,107.0,94.0,143.0,Yes,3,saccade,0.24845199749997665,-0.015644915109635244
37,2,1,27,28, alone ,7834,114,106,127.0,107.0,94.0,143.0,Yes,3,fixation,0.04865042554105199,-0.0030738703378296105
37,2,1,27,-1,,7892,113,103,,,,,Yes,3,fixation,0.05452202862359275,0.00010123453590587508
37,2,1,27,-1,,7919,113,102,,,,,Yes,3,fixation,0.037037037037037035,-0.0006475922809835449
37,2,1,27,-1,,7980,113,102,,,,,Yes,3,fixation,0.0,-0.000607164541590771
37,2,1,27,-1,,8051,113,97,,,,,Yes,3,fixation,0.07042253521126761,0.0009918666931164452
37,2,1,27,-1,,8069,113,94,,,,,Yes,3,saccade,0.16666666666666666,0.005346896191966614
37,2,1,27,14, rehearsing ,8132,115,88,87.0,67.0,94.0,184.0,Yes,3,sliding,0.10038976698947237,-0.0010520142805903855
37,2,1,27,14, rehearsing ,8195,116,85,87.0,67.0,94.0,184.0,Yes,3,fixation,0.050194883494736185,-0.0007967441824561299
37,2,1,27,14, rehearsing ,8219,116,84,87.0,67.0,94.0,184.0,Yes,3,fixation,0.041666666666666664,-0.00035534236783623004
37,2,1,27,14, rehearsing ,8283,116,84,87.0,67.0,94.0,184.0,Yes,3,fixation,0.0,-0.0006510416666666666
37,2,1,27,14, rehearsing ,8350,116,84,87.0,67.0,94.0,184.0,Yes,3,fixation,0.0,0.0
37,2,1,27,14, rehearsing ,8381,116,84,87.0,67.0,94.0,184.0,Yes,3,fixation,0.0,0.0
37,2,1,27,14, rehearsing ,8433,116,84,87.0,67.0,94.0,184.0,Yes,3,fixation,0.0,0.0
37,2,1,27,14, rehearsing ,8500,116,84,87.0,67.0,94.0,184.0,Yes,3,fixation,0.0,0.0
37,2,1,27,14, rehearsing ,8533,116,84,87.0,67.0,94.0,184.0,Yes,3,fixation,0.0,0.0
37,2,1,27,14, rehearsing ,8581,116,84,87.0,67.0,94.0,184.0,Yes,3,fixation,0.0,0.0
37,2,1,27,14, rehearsing ,8640,116,84,87.0,67.0,94.0,184.0,Yes,3,fixation,0.0,0.0
37,2,1,27,14, rehearsing ,8674,116,84,87.0,67.0,94.0,184.0,Yes,3,fixation,0.0,0.0
37,2,1,27,14, rehearsing ,8743,116,84,87.0,67.0,94.0,184.0,Yes,3,fixation,0.0,0.0
37,2,1,27,14, rehearsing ,8796,116,84,87.0,67.0,94.0,184.0,Yes,3,fixation,0.0,0.0
37,2,1,27,14, rehearsing ,8822,116,84,87.0,67.0,94.0,184.0,Yes,3,fixation,0.0,0.0
37,2,1,27,14, rehearsing ,8892,116,84,87.0,67.0,94.0,184.0,Yes,3,fixation,0.0,0.0
37,2,1,27,14, rehearsing ,8944,116,84,87.0,67.0,94.0,184.0,Yes,3,fixation,0.0,0.0
37,2,1,27,14, rehearsing ,8978,117,84,87.0,67.0,94.0,184.0,Yes,3,fixation,0.029411764705882353,0.0008650519031141869
37,2,1,27,14, rehearsing ,9032,118,83,87.0,67.0,94.0,184.0,Yes,3,fixation,0.026189140043946207,-5.967823448029898e-05
37,2,1,27,14, rehearsing ,9090,122,82,87.0,67.0,94.0,184.0,Yes,3,fixation,0.0710880280278907,0.0007741187583438706
37,2,1,27,14, rehearsing ,9126,123,82,87.0,67.0,94.0,184.0,Yes,3,fixation,0.027777777777777776,-0.0012030625069475813
37,2,1,27,14, rehearsing ,9183,126,81,87.0,67.0,94.0,184.0,Yes,3,fixation,0.05547855544155052,0.00048597855550478494
37,2,1,27,14, rehearsing ,9242,137,80,87.0,67.0,94.0,184.0,Yes,3,saccade,0.1872095087658858,0.0022327280224463605
37,2,1,27,14, rehearsing ,9270,142,80,87.0,67.0,94.0,184.0,Yes,3,saccade,0.17857142857142858,-0.0003085028640877579
37,2,1,27,14, rehearsing ,9338,151,79,87.0,67.0,94.0,184.0,Yes,3,sliding,0.13316742850202085,-0.0006677058833736431
37,2,1,27,14, rehearsing ,9403,160,79,87.0,67.0,94.0,184.0,Yes,3,sliding,0.13846153846153847,8.144784553104036e-05
37,2,1,27,14, rehearsing ,9420,162,79,87.0,67.0,94.0,184.0,Yes,3,sliding,0.11764705882352941,-0.0012243811551770035
37,2,1,27,14, rehearsing ,9482,169,79,87.0,67.0,94.0,184.0,Yes,3,sliding,0.11290322580645161,-7.651343575931937e-05
37,2,1,27,14, rehearsing ,9553,176,79,87.0,67.0,94.0,184.0,Yes,3,fixation,0.09859154929577464,-0.00020157290860108406
37,2,1,27,14, rehearsing ,9570,178,79,87.0,67.0,94.0,184.0,Yes,3,sliding,0.11764705882352941,0.0011209123251620452
37,2,1,27,15, a ,9638,194,79,87.0,67.0,184.0,199.0,Yes,3,saccade,0.23529411764705882,0.0017301038062283738
37,2,1,27,16, piece ,9694,206,79,87.0,67.0,199.0,247.0,Yes,3,saccade,0.21428571428571427,-0.0003751500600240098
37,2,1,27,16, piece ,9720,215,79,87.0,67.0,199.0,247.0,Yes,3,saccade,0.34615384615384615,0.00507185122569738
37,2,1,27,16, piece ,9787,228,77,87.0,67.0,199.0,247.0,Yes,3,saccade,0.1963126334024762,-0.002236436011214477
37,2,1,27,16, piece ,9848,235,77,87.0,67.0,199.0,247.0,Yes,3,sliding,0.11475409836065574,-0.0013370251646200077
37,2,1,27,16, piece ,9870,243,77,87.0,67.0,199.0,247.0,Yes,3,saccade,0.36363636363636365,0.011312830239804905
37,2,1,27,17, on ,9936,254,77,87.0,67.0,248.0,273.0,Yes,3,saccade,0.16666666666666666,-0.002984389348025712
37,2,1,27,17, on ,9993,258,77,87.0,67.0,248.0,273.0,Yes,3,fixation,0.07017543859649122,-0.0016928285626346567
37,2,1,27,17, on ,10020,262,77,87.0,67.0,248.0,273.0,Yes,3,sliding,0.14814814814814814,0.0028878781315428486
37,2,1,27,17, on ,10086,270,78,87.0,67.0,248.0,273.0,Yes,3,sliding,0.1221554204287659,-0.0003938292078694279
37,2,1,27,18, the ,10149,273,79,87.0,67.0,273.0,303.0,Yes,3,fixation,0.050194883494736185,-0.0011422307449845985
37,2,1,27,18, the ,10175,274,79,87.0,67.0,273.0,303.0,Yes,3,fixation,0.038461538461538464,-0.0004512825012768354
37,2,1,27,18, the ,10237,278,79,87.0,67.0,273.0,303.0,Yes,3,fixation,0.06451612903225806,0.0004202353317858
37,2,1,27,18, the ,10299,284,81,87.0,67.0,273.0,303.0,Yes,3,sliding,0.10200895677962514,0.0006047230281833399
37,2,1,27,18, the ,10321,286,81,87.0,67.0,273.0,303.0,Yes,3,fixation,0.09090909090909091,-0.0005045393577515558
37,2,1,27,18, the ,10381,288,82,87.0,67.0,273.0,303.0,Yes,3,fixation,0.037267799624996496,-0.0008940215214015736
37,2,1,27,18, the ,10439,290,82,87.0,67.0,273.0,303.0,Yes,3,fixation,0.034482758620689655,-4.8017948350117956e-05
37,2,1,27,18, the ,10472,293,82,87.0,67.0,273.0,303.0,Yes,3,fixation,0.09090909090909091,0.0017098888572242806
37,2,1,27,19," piano, ",10534,310,82,87.0,67.0,303.0,357.0,Yes,3,saccade,0.27419354838709675,0.0029562009270646104
37,2,1,27,19," piano, ",10599,320,83,87.0,67.0,303.0,357.0,Yes,3,saccade,0.15461347109416754,-0.0018396934968142955
37,2,1,27,19," piano, ",10621,328,83,87.0,67.0,303.0,357.0,Yes,3,saccade,0.36363636363636365,0.009501040570099824
37,2,1,27,19," piano, ",10684,339,83,87.0,67.0,303.0,357.0,Yes,3,saccade,0.1746031746031746,-0.00300052681005062
37,2,1,27,19," piano, ",10740,344,83,87.0,67.0,303.0,357.0,Yes,3,fixation,0.08928571428571429,-0.0015235260770975056
37,2,1,27,19," piano, ",10772,348,83,87.0,67.0,303.0,357.0,Yes,3,sliding,0.125,0.0011160714285714285
37,2,1,27,20, practicing ,10834,357,83,87.0,67.0,357.0,439.0,Yes,3,sliding,0.14516129032258066,0.00032518210197710735
37,2,1,27,20, practicing ,10892,365,84,87.0,67.0,357.0,439.0,Yes,3,sliding,0.1390044439361819,-0.00010615252390342703
37,2,1,27,20, practicing ,10924,372,84,87.0,67.0,357.0,439.0,Yes,3,saccade,0.21875,0.002492048626994316
37,2,1,27,20, practicing ,10981,384,84,87.0,67.0,357.0,439.0,Yes,3,saccade,0.21052631578947367,-0.00014427516158818117
37,2,1,27,20, practicing ,11042,401,87,87.0,67.0,357.0,439.0,Yes,3,saccade,0.2829946967480667,0.0011880062452228367
37,2,1,27,20, practicing ,11069,404,88,87.0,67.0,357.0,439.0,Yes,3,sliding,0.11712139482105109,-0.006143455626926504
37,2,1,27,20, practicing ,11135,408,88,87.0,67.0,357.0,439.0,Yes,3,fixation,0.06060606060606061,-0.000856292942651371
37,2,1,27,20, practicing ,11200,408,88,87.0,67.0,357.0,439.0,Yes,3,fixation,0.0,-0.0009324009324009324
37,2,1,27,20, practicing ,11220,409,88,87.0,67.0,357.0,439.0,Yes,3,fixation,0.05,0.0025
37,2,1,27,20, practicing ,11285,409,88,87.0,67.0,357.0,439.0,Yes,3,fixation,0.0,-0.0007692307692307692
37,2,1,27,20, practicing ,11340,410,88,87.0,67.0,357.0,439.0,Yes,3,fixation,0.01818181818181818,0.0003305785123966942
37,2,1,27,20, practicing ,11369,410,88,87.0,67.0,357.0,439.0,Yes,3,fixation,0.0,-0.0006269592476489028
37,2,1,27,20, practicing ,11439,419,84,87.0,67.0,357.0,439.0,Yes,3,sliding,0.1406979685970872,0.0020099709799583886
37,2,1,27,20, practicing ,11489,431,78,87.0,67.0,357.0,439.0,Yes,3,saccade,0.2683281572999748,0.0025526037740577516
37,2,1,27,20, practicing ,11519,433,77,87.0,67.0,357.0,439.0,Yes,3,fixation,0.07453559924999299,-0.006459751934999394
37,2,1,27,20, practicing ,11585,433,77,87.0,67.0,357.0,439.0,Yes,3,fixation,0.0,-0.0011293272613635303
37,2,1,27,20, practicing ,11642,433,77,87.0,67.0,357.0,439.0,Yes,3,fixation,0.0,0.0
37,2,1,27,20, practicing ,11670,433,77,87.0,67.0,357.0,439.0,Yes,3,fixation,0.0,0.0
37,2,1,27,20, practicing ,11735,433,77,87.0,67.0,357.0,439.0,Yes,3,fixation,0.0,0.0
37,2,1,27,20, practicing ,11792,433,77,87.0,67.0,357.0,439.0,Yes,3,fixation,0.0,0.0
37,2,1,27,20, practicing ,11820,433,77,87.0,67.0,357.0,439.0,Yes,3,fixation,0.0,0.0
37,2,1,27,20, practicing ,11883,435,77,87.0,67.0,357.0,439.0,Yes,3,fixation,0.031746031746031744,0.0005039052658100277
37,2,1,27,21, a ,11940,446,77,87.0,67.0,439.0,454.0,Yes,3,saccade,0.19298245614035087,0.0028287091999003354
37,2,1,27,21, a ,11971,452,76,87.0,67.0,439.0,454.0,Yes,3,saccade,0.19621814613865224,0.0001043770967193991
37,2,1,27,22, complex ,12031,456,76,87.0,67.0,454.0,526.0,Yes,3,fixation,0.06666666666666667,-0.002159191324533093
37,2,1,27,22, complex ,12099,460,75,87.0,67.0,454.0,526.0,Yes,3,fixation,0.06063390625908324,-8.871706481740329e-05
37,2,1,27,22, complex ,12121,462,75,87.0,67.0,454.0,526.0,Yes,3,fixation,0.09090909090909091,0.0013761447568185305
37,2,1,27,22, complex ,12188,470,75,87.0,67.0,454.0,526.0,Yes,3,sliding,0.11940298507462686,0.00042528200247068585
37,2,1,27,22, complex ,12250,477,76,87.0,67.0,454.0,526.0,Yes,3,sliding,0.11404948083653993,-8.634684254978926e-05
37,2,1,27,22, complex ,12270,481,76,87.0,67.0,454.0,526.0,Yes,3,saccade,0.2,0.0042975259581730044
37,2,1,27,22, complex ,12332,495,76,87.0,67.0,454.0,526.0,Yes,3,saccade,0.22580645161290322,0.00041623309053069694
37,2,1,27,23, physical ,12390,526,74,87.0,67.0,526.0,596.0,Yes,3,saccade,0.5355939505865195,0.005341163775407176
37,2,1,27,23, physical ,12420,541,74,87.0,67.0,526.0,596.0,Yes,3,saccade,0.5,-0.0011864650195506496
37,2,1,27,23, physical ,12488,549,74,87.0,67.0,526.0,596.0,Yes,3,sliding,0.11764705882352941,-0.005622837370242214
37,2,1,27,23, physical ,12545,552,73,87.0,67.0,526.0,596.0,Yes,3,fixation,0.05547855544155052,-0.0010906754979294543
37,2,1,27,23, physical ,12577,552,73,87.0,67.0,526.0,596.0,Yes,3,fixation,0.0,-0.0017337048575484537
37,2,1,27,23, physical ,12634,554,73,87.0,67.0,526.0,596.0,Yes,3,fixation,0.03508771929824561,0.0006155740227762388
37,2,1,27,23, physical ,12693,554,73,87.0,67.0,526.0,596.0,Yes,3,fixation,0.0,-0.0005947071067499256
37,2,1,27,23, physical ,12725,555,73,87.0,67.0,526.0,596.0,Yes,3,fixation,0.03125,0.0009765625
37,2,1,27,23, physical ,12780,558,73,87.0,67.0,526.0,596.0,Yes,3,fixation,0.05454545454545454,0.0004235537190082644
37,2,1,27,23, physical ,12854,568,73,87.0,67.0,526.0,596.0,Yes,3,sliding,0.13513513513513514,0.0010890497376983867
37,2,1,27,23, physical ,12872,570,73,87.0,67.0,526.0,596.0,Yes,3,sliding,0.1111111111111111,-0.0013346680013346687
37,2,1,27,23, physical ,12931,571,73,87.0,67.0,526.0,596.0,Yes,3,fixation,0.01694915254237288,-0.0015959653994701394
37,2,1,27,23, physical ,12999,572,73,87.0,67.0,526.0,596.0,Yes,3,fixation,0.014705882352941176,-3.298926749164272e-05
37,2,1,27,23, physical ,13026,572,73,87.0,67.0,526.0,596.0,Yes,3,fixation,0.0,-0.0005446623093681917
37,2,1,27,23, physical ,13087,572,73,87.0,67.0,526.0,596.0,Yes,3,fixation,0.0,0.0
37,2,1,27,23, physical ,13142,570,73,87.0,67.0,526.0,596.0,Yes,3,fixation,0.03636363636363636,0.0006611570247933884
37,2,1,27,23, physical ,13171,567,73,87.0,67.0,526.0,596.0,Yes,3,sliding,0.10344827586206896,0.0023132634309804344
37,2,1,27,23, physical ,13238,541,77,87.0,67.0,526.0,596.0,Yes,3,saccade,0.3926252668049524,0.004316074491684828
37,2,1,27,23, physical ,13291,538,77,87.0,67.0,526.0,596.0,Yes,3,fixation,0.05660377358490566,-0.006340028173963146
37,2,1,27,23, physical ,13332,538,77,87.0,67.0,526.0,596.0,Yes,3,fixation,0.0,-0.0013805798435342844
37,2,1,27,23, physical ,13382,537,77,87.0,67.0,526.0,596.0,Yes,3,fixation,0.02,0.0004
37,2,1,27,22, complex ,13449,517,76,87.0,67.0,454.0,526.0,Yes,3,saccade,0.2988803640970267,0.004162393493985473
37,2,1,27,22, complex ,13471,496,72,87.0,67.0,454.0,526.0,Yes,3,saccade,0.9717071966559977,0.03058303784358959
37,2,1,27,22, complex ,13532,489,71,87.0,67.0,454.0,526.0,Yes,3,saccade,0.11591914445681108,-0.014029312331134207
37,2,1,27,22, complex ,13595,488,71,87.0,67.0,454.0,526.0,Yes,3,fixation,0.015873015873015872,-0.0015880337870443682
37,2,1,27,22, complex ,13632,488,71,87.0,67.0,454.0,526.0,Yes,3,fixation,0.0,-0.00042900042900042895
37,2,1,27,22, complex ,13683,488,71,87.0,67.0,454.0,526.0,Yes,3,fixation,0.0,0.0
37,2,1,27,22, complex ,13742,492,70,87.0,67.0,454.0,526.0,Yes,3,fixation,0.0698831461969095,0.0011844601050323643
37,2,1,27,22, complex ,13770,522,73,87.0,67.0,454.0,526.0,Yes,3,saccade,1.0767723879772382,0.03596033006358317
37,2,1,27,23, physical ,13837,562,78,87.0,67.0,526.0,596.0,Yes,3,saccade,0.601661025992429,-0.0070912143579822265
37,2,1,27,23, physical ,13898,568,78,87.0,67.0,526.0,596.0,Yes,3,fixation,0.09836065573770492,-0.008250825741880723
37,2,1,27,23, physical ,13932,569,78,87.0,67.0,526.0,596.0,Yes,3,fixation,0.029411764705882353,-0.002027908559759487
37,2,1,27,23, physical ,13982,569,78,87.0,67.0,526.0,596.0,Yes,3,fixation,0.0,-0.000588235294117647
37,2,1,27,23, physical ,14052,569,78,87.0,67.0,526.0,596.0,Yes,3,fixation,0.0,0.0
37,2,1,27,23, physical ,14069,569,78,87.0,67.0,526.0,596.0,Yes,3,fixation,0.0,0.0
37,2,1,27,23, physical ,14137,569,78,87.0,67.0,526.0,596.0,Yes,3,fixation,0.0,0.0
37,2,1,27,23, physical ,14206,569,78,87.0,67.0,526.0,596.0,Yes,3,fixation,0.0,0.0
37,2,1,27,23, physical ,14224,569,78,87.0,67.0,526.0,596.0,Yes,3,fixation,0.0,0.0
37,2,1,27,23, physical ,14294,569,78,87.0,67.0,526.0,596.0,Yes,3,fixation,0.0,0.0
37,2,1,27,23, physical ,14354,569,78,87.0,67.0,526.0,596.0,Yes,3,fixation,0.0,0.0
37,2,1,27,23, physical ,14374,569,78,87.0,67.0,526.0,596.0,Yes,3,fixation,0.0,0.0
37,2,1,27,23, physical ,14443,569,78,87.0,67.0,526.0,596.0,Yes,3,fixation,0.0,0.0
37,2,1,27,23, physical ,14506,570,79,87.0,67.0,526.0,596.0,Yes,3,fixation,0.022447834323382463,0.0003563148305298804
37,2,1,27,23, physical ,14521,570,79,87.0,67.0,526.0,596.0,Yes,3,fixation,0.0,-0.0014965222882254976
37,2,1,27,23, physical ,14580,595,79,87.0,67.0,526.0,596.0,Yes,3,saccade,0.423728813559322,0.007181844297615627
37,2,1,27,24, task ,14643,617,80,87.0,67.0,596.0,634.0,Yes,3,saccade,0.349566913421353,-0.0011771730180630004
37,2,1,27,24, task ,14681,620,80,87.0,67.0,596.0,634.0,Yes,3,fixation,0.07894736842105263,-0.007121566973692116
37,2,1,27,24, task ,14735,622,80,87.0,67.0,596.0,634.0,Yes,3,fixation,0.037037037037037035,-0.0007761172478521406
37,2,1,27,24, task ,14790,624,81,87.0,67.0,596.0,634.0,Yes,3,fixation,0.040655781409087086,6.579535221909183e-05
37,2,1,27,24, task ,14821,629,81,87.0,67.0,596.0,634.0,Yes,3,saccade,0.16129032258064516,0.003891436811985744
37,2,1,27,25, in ,14882,644,81,87.0,67.0,634.0,653.0,Yes,3,saccade,0.2459016393442623,0.0013870707666166742
37,2,1,27,26, the ,14947,654,81,87.0,67.0,653.0,683.0,Yes,3,saccade,0.15384615384615385,-0.0014162382384324374
37,2,1,27,26, the ,14971,661,81,87.0,67.0,653.0,683.0,Yes,3,saccade,0.2916666666666667,0.005742521367521368
37,2,1,27,26, the ,15033,682,83,87.0,67.0,653.0,683.0,Yes,3,saccade,0.3402423082214353,0.0007834780895930423
37,2,1,27,27, mind ,15098,696,86,87.0,67.0,683.0,722.0,Yes,3,saccade,0.22027417020425158,-0.0018456636618028265
37,2,1,27,27, mind ,15122,698,87,87.0,67.0,683.0,722.0,Yes,3,fixation,0.09316949906249124,-0.005296027964240013
37,2,1,27,27, mind ,15185,699,87,87.0,67.0,683.0,722.0,Yes,3,fixation,0.015873015873015872,-0.0012269283045948471
37,2,1,27,27, mind ,15239,699,87,87.0,67.0,683.0,722.0,Yes,3,fixation,0.0,-0.00029394473838918284
37,2,1,27,27, mind ,15272,699,87,87.0,67.0,683.0,722.0,Yes,3,fixation,0.0,0.0
37,2,1,27,26, the ,15334,663,71,87.0,67.0,653.0,683.0,Yes,3,saccade,0.635410180761039,0.010248551302597402
37,2,1,27,-1,,15400,346,12,,,,,Yes,3,saccade,4.88551202351034,0.06439548246589849
37,2,1,27,-1,,15421,308,12,,,,,Yes,3,saccade,1.8095238095238095,-0.14647562923745383
37,2,1,27,1," similar, ",15484,137,39,47.0,27.0,135.0,196.0,Yes,3,saccade,2.7479120088101925,0.01489505078232354
37,2,1,27,0, Very ,15547,106,46,47.0,27.0,94.0,135.0,Yes,3,saccade,0.5044523359387525,-0.035610470997959366
37,2,1,27,0, Very ,15571,100,49,47.0,27.0,94.0,135.0,Yes,3,saccade,0.2795084971874737,-0.00937265994796995
37,2,1,27,-1,,15633,94,58,,,,,Yes,3,saccade,0.17446215849019303,-0.0016942957854400112
37,2,1,27,-1,,15698,95,65,,,,,Yes,3,sliding,0.10878565864408424,-0.0010104076899401352
37,2,1,27,14, rehearsing ,15721,98,70,87.0,67.0,94.0,184.0,Yes,3,saccade,0.2535196476019696,0.006292782128603711
37,2,1,27,14, rehearsing ,15784,106,84,87.0,67.0,94.0,184.0,Yes,3,saccade,0.25594469042217616,3.849274317788187e-05
37,2,1,27,-1,,15847,111,94,,,,,Yes,3,saccade,0.17746571249998333,-0.001245698062257029
37,2,1,27,-1,,15871,114,100,,,,,Yes,3,saccade,0.2795084971874737,0.0042517826953120995
37,2,1,27,28, alone ,15933,118,112,127.0,107.0,94.0,143.0,Yes,3,saccade,0.20401791355925028,-0.001217590058519733
37,2,1,27,28, alone ,15999,119,113,127.0,107.0,94.0,143.0,Yes,3,fixation,0.02142747821777417,-0.0027665217475981232
37,2,1,27,28, alone ,16021,119,113,127.0,107.0,94.0,143.0,Yes,3,fixation,0.0,-0.0009739762826260986
37,2,1,27,28, alone ,16082,119,114,127.0,107.0,94.0,143.0,Yes,3,fixation,0.01639344262295082,0.0002687449610319807
37,2,1,27,28, alone ,16147,119,114,127.0,107.0,94.0,143.0,Yes,3,fixation,0.0,-0.00025220680958385876
37,2,1,27,28, alone ,16169,119,114,127.0,107.0,94.0,143.0,Yes,3,fixation,0.0,0.0
37,2,1,27,28, alone ,16232,122,118,127.0,107.0,94.0,143.0,Yes,3,fixation,0.07936507936507936,0.0012597631645250692
37,2,1,27,28, alone ,16297,123,121,127.0,107.0,94.0,143.0,Yes,3,fixation,0.04865042554105199,-0.0004725331357542672
37,2,1,27,28, alone ,16321,123,121,127.0,107.0,94.0,143.0,Yes,3,fixation,0.0,-0.0020271010642104997
37,2,1,27,28, alone ,16380,124,121,127.0,107.0,94.0,143.0,Yes,3,fixation,0.01694915254237288,0.0002872737719046251
37,2,1,27,28, alone ,16448,124,121,127.0,107.0,94.0,143.0,Yes,3,fixation,0.0,-0.0002492522432701894
37,2,1,27,28, alone ,16482,124,121,127.0,107.0,94.0,143.0,Yes,3,fixation,0.0,0.0
37,2,1,27,28, alone ,16530,124,121,127.0,107.0,94.0,143.0,Yes,3,fixation,0.0,0.0
37,2,1,27,28, alone ,16593,133,118,127.0,107.0,94.0,143.0,Yes,3,saccade,0.15058465048420855,0.0023902325473683897
37,2,1,27,29, is ,16621,149,114,127.0,107.0,143.0,161.0,Yes,3,saccade,0.5890150893739515,0.015658229960347964
37,2,1,27,30, nearly ,16687,169,112,127.0,107.0,161.0,215.0,Yes,3,saccade,0.3045416854885118,-0.00431020308917333
37,2,1,27,30, nearly ,16754,189,114,127.0,107.0,161.0,215.0,Yes,3,saccade,0.2999962871976385,-6.784176553542244e-05
37,2,1,27,30, nearly ,16771,193,115,127.0,107.0,161.0,215.0,Yes,3,saccade,0.24253562503633297,-0.0033800389506650308
37,2,1,27,31, as ,16832,221,117,127.0,107.0,215.0,239.0,Yes,3,saccade,0.4601858638563344,0.003568036701967237
37,2,1,27,31, as ,16903,235,117,127.0,107.0,215.0,239.0,Yes,3,saccade,0.19718309859154928,-0.0037042642995040163
37,2,1,27,31, as ,16923,235,117,127.0,107.0,215.0,239.0,Yes,3,fixation,0.0,-0.009859154929577464
37,2,1,27,31, as ,16982,235,117,127.0,107.0,215.0,239.0,Yes,3,fixation,0.0,0.0
37,2,1,27,31, as ,17052,235,117,127.0,107.0,215.0,239.0,Yes,3,fixation,0.0,0.0
37,2,1,27,31, as ,17078,235,117,127.0,107.0,215.0,239.0,Yes,3,fixation,0.0,0.0
37,2,1,27,31, as ,17134,235,117,127.0,107.0,215.0,239.0,Yes,3,fixation,0.0,0.0
37,2,1,27,31, as ,17196,235,117,127.0,107.0,215.0,239.0,Yes,3,fixation,0.0,0.0
37,2,1,27,31, as ,17219,236,117,127.0,107.0,215.0,239.0,Yes,3,fixation,0.043478260869565216,0.001890359168241966
37,2,1,27,32, effective ,17282,273,119,127.0,107.0,239.0,311.0,Yes,3,saccade,0.5881589623380605,0.008645725420134847
37,2,1,27,32, effective ,17340,298,122,127.0,107.0,239.0,311.0,Yes,3,saccade,0.4341268383453163,-0.0026557262757369695
37,2,1,27,32, effective ,17373,302,123,127.0,107.0,239.0,311.0,Yes,3,sliding,0.12494259471568668,-0.00936921950392817
37,2,1,27,32, effective ,17430,306,124,127.0,107.0,239.0,311.0,Yes,3,fixation,0.07233518641434493,-0.0009229369877428378
37,2,1,27,32, effective ,17496,308,124,127.0,107.0,239.0,311.0,Yes,3,fixation,0.030303030303030304,-0.0006368508501714337
37,2,1,27,32, effective ,17529,308,124,127.0,107.0,239.0,311.0,Yes,3,fixation,0.0,-0.0009182736455463728
37,2,1,27,32, effective ,17593,308,124,127.0,107.0,239.0,311.0,Yes,3,fixation,0.0,0.0
37,2,1,27,32, effective ,17653,310,124,127.0,107.0,239.0,311.0,Yes,3,fixation,0.03333333333333333,0.0005555555555555556
37,2,1,27,33, a ,17673,311,124,127.0,107.0,311.0,326.0,Yes,3,fixation,0.05,0.0008333333333333335
37,2,1,27,34, learning ,17732,331,123,127.0,107.0,326.0,395.0,Yes,3,saccade,0.3394065151610303,0.004905195172220853
37,2,1,27,34, learning ,17796,353,123,127.0,107.0,326.0,395.0,Yes,3,saccade,0.34375,6.786695060890125e-05
37,2,1,27,34, learning ,17829,359,123,127.0,107.0,326.0,395.0,Yes,3,saccade,0.18181818181818182,-0.00490702479338843
37,2,1,27,34, learning ,17881,363,123,127.0,107.0,326.0,395.0,Yes,3,fixation,0.07692307692307693,-0.002017213555675094
37,2,1,27,34, learning ,17945,363,123,127.0,107.0,326.0,395.0,Yes,3,fixation,0.0,-0.001201923076923077
37,2,1,27,34, learning ,17979,363,123,127.0,107.0,326.0,395.0,Yes,3,fixation,0.0,0.0
37,2,1,27,34, learning ,18030,363,123,127.0,107.0,326.0,395.0,Yes,3,fixation,0.0,0.0
37,2,1,27,34, learning ,18099,363,123,127.0,107.0,326.0,395.0,Yes,3,fixation,0.0,0.0
37,2,1,27,34, learning ,18133,363,123,127.0,107.0,326.0,395.0,Yes,3,fixation,0.0,0.0
37,2,1,27,34, learning ,18187,363,123,127.0,107.0,326.0,395.0,Yes,3,fixation,0.0,0.0
37,2,1,27,34, learning ,18256,363,123,127.0,107.0,326.0,395.0,Yes,3,fixation,0.0,0.0
37,2,1,27,34, learning ,18273,363,123,127.0,107.0,326.0,395.0,Yes,3,fixation,0.0,0.0
37,2,1,27,34, learning ,18333,363,123,127.0,107.0,326.0,395.0,Yes,3,fixation,0.0,0.0
37,2,1,27,34, learning ,18393,363,123,127.0,107.0,326.0,395.0,Yes,3,fixation,0.0,0.0
37,2,1,27,34, learning ,18421,364,123,127.0,107.0,326.0,395.0,Yes,3,fixation,0.03571428571428571,0.0012755102040816326
37,2,1,27,34, learning ,18485,366,123,127.0,107.0,326.0,395.0,Yes,3,fixation,0.03125,-6.975446428571425e-05
37,2,1,27,34, learning ,18541,369,123,127.0,107.0,326.0,395.0,Yes,3,fixation,0.05357142857142857,0.00039859693877551016
37,2,1,27,34, learning ,18573,371,123,127.0,107.0,326.0,395.0,Yes,3,fixation,0.0625,0.00027901785714285724
37,2,1,27,34, learning ,18640,379,123,127.0,107.0,326.0,395.0,Yes,3,sliding,0.11940298507462686,0.0008492982846959234
37,2,1,27,34, learning ,18689,383,123,127.0,107.0,326.0,395.0,Yes,3,fixation,0.08163265306122448,-0.0007708231023143343
37,2,1,27,34, learning ,18722,384,123,127.0,107.0,326.0,395.0,Yes,3,fixation,0.030303030303030304,-0.0015554431138846722
37,2,1,27,34, learning ,18790,384,123,127.0,107.0,326.0,395.0,Yes,3,fixation,0.0,-0.00044563279857397507
37,2,1,27,34, learning ,18842,384,123,127.0,107.0,326.0,395.0,Yes,3,fixation,0.0,0.0
37,2,1,27,34, learning ,18870,374,119,127.0,107.0,326.0,395.0,Yes,3,saccade,0.384654629081036,0.013737665324322714
37,2,1,27,33, a ,18933,314,106,127.0,107.0,311.0,326.0,Yes,3,saccade,0.9744790779791002,0.009362292839651813
37,2,1,27,-1,,18991,271,105,,,,,Yes,3,saccade,0.7415797644002265,-0.004015505406532303
37,2,1,27,32, effective ,19023,254,112,127.0,107.0,239.0,311.0,Yes,3,saccade,0.5745242597140698,-0.005220484521442397
37,2,1,27,31, as ,19083,230,122,127.0,107.0,215.0,239.0,Yes,3,saccade,0.43333333333333335,-0.002353182106345608
37,2,1,27,30, nearly ,19142,207,124,127.0,107.0,161.0,215.0,Yes,3,saccade,0.39130157222424394,-0.0007124027306625323
37,2,1,27,30, nearly ,19176,196,124,127.0,107.0,161.0,215.0,Yes,3,saccade,0.3235294117647059,-0.0019932988370452366
37,2,1,27,30, nearly ,19233,188,123,127.0,107.0,161.0,215.0,Yes,3,sliding,0.1414431183912026,-0.003194496374973742
37,2,1,27,30, nearly ,19289,187,123,127.0,107.0,161.0,215.0,Yes,3,fixation,0.017857142857142856,-0.0022068924202510672
37,2,1,27,30, nearly ,19323,187,123,127.0,107.0,161.0,215.0,Yes,3,fixation,0.0,-0.0005252100840336134
37,2,1,27,30, nearly ,19383,187,123,127.0,107.0,161.0,215.0,Yes,3,fixation,0.0,0.0
37,2,1,27,30, nearly ,19451,187,123,127.0,107.0,161.0,215.0,Yes,3,fixation,0.0,0.0
37,2,1,27,30, nearly ,19469,189,122,127.0,107.0,161.0,215.0,Yes,3,sliding,0.12422599874998833,0.0069014443749993515
37,2,1,27,30, nearly ,19537,197,122,127.0,107.0,161.0,215.0,Yes,3,sliding,0.11764705882352941,-9.674911656557229e-05
37,2,1,27,30, nearly ,19594,199,122,127.0,107.0,161.0,215.0,Yes,3,fixation,0.03508771929824561,-0.0014484094653558562
37,2,1,27,30, nearly ,19624,199,122,127.0,107.0,161.0,215.0,Yes,3,fixation,0.0,-0.0011695906432748538
37,2,1,27,30, nearly ,19684,200,122,127.0,107.0,161.0,215.0,Yes,3,fixation,0.016666666666666666,0.0002777777777777778
37,2,1,27,30, nearly ,19755,200,122,127.0,107.0,161.0,215.0,Yes,3,fixation,0.0,-0.00023474178403755868
37,2,1,27,30, nearly ,19773,200,122,127.0,107.0,161.0,215.0,Yes,3,fixation,0.0,0.0
37,2,1,27,30, nearly ,19836,178,120,127.0,107.0,161.0,215.0,Yes,3,saccade,0.3506463814980083,0.005565815579333465
37,2,1,27,29, is ,19893,157,120,127.0,107.0,143.0,161.0,Yes,3,saccade,0.3684210526315789,0.0003118363356766775
37,2,1,27,29, is ,19920,154,120,127.0,107.0,143.0,161.0,Yes,3,sliding,0.1111111111111111,-0.0095299978340914
37,2,1,27,29, is ,19981,150,120,127.0,107.0,143.0,161.0,Yes,3,fixation,0.06557377049180328,-0.0007465137806443906
37,2,1,27,29, is ,20050,148,120,127.0,107.0,143.0,161.0,Yes,3,fixation,0.028985507246376812,-0.0005302646847163256
37,2,1,27,29, is ,20082,148,120,127.0,107.0,143.0,161.0,Yes,3,fixation,0.0,-0.0009057971014492754
37,2,1,27,29, is ,20133,148,120,127.0,107.0,143.0,161.0,Yes,3,fixation,0.0,0.0
37,2,1,27,29, is ,20198,148,119,127.0,107.0,143.0,161.0,Yes,3,fixation,0.015384615384615385,0.0002366863905325444
37,2,1,27,29, is ,20225,148,119,127.0,107.0,143.0,161.0,Yes,3,fixation,0.0,-0.0005698005698005699
37,2,1,27,29, is ,20293,148,119,127.0,107.0,143.0,161.0,Yes,3,fixation,0.0,0.0
37,2,1,27,29, is ,20345,149,119,127.0,107.0,143.0,161.0,Yes,3,fixation,0.019230769230769232,0.00036982248520710064
37,2,1,27,29, is ,20370,155,118,127.0,107.0,143.0,161.0,Yes,3,saccade,0.24331050121192876,0.008963189279246381
37,2,1,27,30, nearly ,20437,178,115,127.0,107.0,161.0,215.0,Yes,3,saccade,0.3461914479027821,0.0015355365177739306
37,2,1,27,30, nearly ,20492,184,115,127.0,107.0,161.0,215.0,Yes,3,sliding,0.10909090909090909,-0.0043109188874886
37,2,1,27,30, nearly ,20519,186,115,127.0,107.0,161.0,215.0,Yes,3,fixation,0.07407407407407407,-0.001296919815438334
37,2,1,27,30, nearly ,20587,192,115,127.0,107.0,161.0,215.0,Yes,3,fixation,0.08823529411764706,0.00020825323593489699
37,2,1,27,30, nearly ,20649,197,115,127.0,107.0,161.0,215.0,Yes,3,fixation,0.08064516129032258,-0.00012242149721491106
37,2,1,27,30, nearly ,20670,201,115,127.0,107.0,161.0,215.0,Yes,3,saccade,0.19047619047619047,0.005230049008850852
37,2,1,27,31, as ,20737,217,115,127.0,107.0,215.0,239.0,Yes,3,saccade,0.23880597014925373,0.0007213399951203472
37,2,1,27,32, effective ,20793,243,112,127.0,107.0,239.0,311.0,Yes,3,saccade,0.4673661545822286,0.004081431864874551
37,2,1,27,32, effective ,20820,259,112,127.0,107.0,239.0,311.0,Yes,3,saccade,0.5925925925925926,0.004638016222606073
37,2,1,27,32, effective ,20885,276,112,127.0,107.0,239.0,311.0,Yes,3,saccade,0.26153846153846155,-0.005093140477755861
37,2,1,27,32, effective ,20939,277,112,127.0,107.0,239.0,311.0,Yes,3,fixation,0.018518518518518517,-0.00450036931518413
37,2,1,27,32, effective ,20971,279,112,127.0,107.0,239.0,311.0,Yes,3,fixation,0.0625,0.0013744212962962963
37,2,1,27,32, effective ,21037,286,112,127.0,107.0,239.0,311.0,Yes,3,sliding,0.10606060606060606,0.0006600091827364556
37,2,1,27,32, effective ,21089,307,114,127.0,107.0,239.0,311.0,Yes,3,saccade,0.4056735213409421,0.005761786832314154
37,2,1,27,33, a ,21120,313,115,127.0,107.0,311.0,326.0,Yes,3,saccade,0.19621814613865224,-0.006756625006525479
37,2,1,27,33, a ,21187,325,118,127.0,107.0,311.0,326.0,Yes,3,saccade,0.18461666980377583,-0.0001731563632071105
37,2,1,27,34, learning ,21253,330,119,127.0,107.0,326.0,395.0,Yes,3,fixation,0.0772578714180725,-0.0016266484603894445
37,2,1,27,34, learning ,21270,331,119,127.0,107.0,326.0,395.0,Yes,3,fixation,0.058823529411764705,-0.0010843730591945761
37,2,1,27,34, learning ,21335,333,119,127.0,107.0,326.0,395.0,Yes,3,fixation,0.03076923076923077,-0.0004316045945005221
37,2,1,27,34, learning ,21389,335,119,127.0,107.0,326.0,395.0,Yes,3,fixation,0.037037037037037035,0.00011607048644085674
37,2,1,27,34, learning ,21420,337,119,127.0,107.0,326.0,395.0,Yes,3,fixation,0.06451612903225806,0.0008864223224264848
37,2,1,27,34, learning ,21486,346,119,127.0,107.0,326.0,395.0,Yes,3,sliding,0.13636363636363635,0.001088598595929974
37,2,1,27,34, learning ,21540,361,119,127.0,107.0,326.0,395.0,Yes,3,saccade,0.2777777777777778,0.0026187803965581746
37,2,1,27,34, learning ,21569,371,119,127.0,107.0,326.0,395.0,Yes,3,saccade,0.3448275862068966,0.002312062359624786
37,2,1,27,34, learning ,21637,388,120,127.0,107.0,326.0,395.0,Yes,3,saccade,0.25043215244009415,-0.0013881681436294475
37,2,1,27,35, strategy ,21690,397,123,127.0,107.0,395.0,464.0,Yes,3,saccade,0.1789968486887762,-0.0013478359198361878
37,2,1,27,35, strategy ,21722,401,124,127.0,107.0,395.0,464.0,Yes,3,sliding,0.1288470508005519,-0.0015671811840070092
37,2,1,27,35, strategy ,21780,409,126,127.0,107.0,395.0,464.0,Yes,3,sliding,0.1421760560557814,0.00022981043543499153
37,2,1,27,35, strategy ,21841,411,127,127.0,107.0,395.0,464.0,Yes,3,fixation,0.03665685209016049,-0.0017298230158298512
37,2,1,27,35, strategy ,21875,411,127,127.0,107.0,395.0,464.0,Yes,3,fixation,0.0,-0.001078142708534132
37,2,1,27,35, strategy ,21935,413,127,127.0,107.0,395.0,464.0,Yes,3,fixation,0.03333333333333333,0.0005555555555555556
37,2,1,27,35, strategy ,21989,428,127,127.0,107.0,395.0,464.0,Yes,3,saccade,0.2777777777777778,0.004526748971193416
37,2,1,27,35, strategy ,22022,440,125,127.0,107.0,395.0,464.0,Yes,3,saccade,0.36865227456352845,0.0027537726298712322
37,2,1,27,35, strategy ,22084,459,124,127.0,107.0,395.0,464.0,Yes,3,saccade,0.30687576758774915,-0.000996395273802892
37,2,1,27,36, as ,22141,478,125,127.0,107.0,464.0,488.0,Yes,3,saccade,0.33379469456913063,0.0004722618768663419
37,2,1,27,36, as ,22174,484,126,127.0,107.0,464.0,488.0,Yes,3,saccade,0.18432613728176422,-0.004529350220829285
37,2,1,27,36, as ,22234,486,126,127.0,107.0,464.0,488.0,Yes,3,fixation,0.03333333333333333,-0.002516546732473848
37,2,1,27,36, as ,22292,486,126,127.0,107.0,464.0,488.0,Yes,3,fixation,0.0,-0.0005747126436781609
37,2,1,27,36, as ,22326,486,126,127.0,107.0,464.0,488.0,Yes,3,fixation,0.0,0.0
37,2,1,27,36, as ,22381,486,126,127.0,107.0,464.0,488.0,Yes,3,fixation,0.0,0.0
37,2,1,27,36, as ,22441,486,126,127.0,107.0,464.0,488.0,Yes,3,fixation,0.0,0.0
37,2,1,27,36, as ,22475,486,126,127.0,107.0,464.0,488.0,Yes,3,fixation,0.0,0.0
37,2,1,27,36, as ,22529,486,126,127.0,107.0,464.0,488.0,Yes,3,fixation,0.0,0.0
37,2,1,27,37, actually ,22589,491,126,127.0,107.0,488.0,554.0,Yes,3,fixation,0.08333333333333333,0.0013888888888888887
37,2,1,27,37, actually ,22620,494,125,127.0,107.0,488.0,554.0,Yes,3,sliding,0.10200895677962514,0.0006024394660094133
37,2,1,27,37, actually ,22687,502,123,127.0,107.0,488.0,554.0,Yes,3,sliding,0.1230777798691839,0.00031446004611281736
37,2,1,27,37, actually ,22752,505,123,127.0,107.0,488.0,554.0,Yes,3,fixation,0.046153846153846156,-0.001183445134082119
37,2,1,27,37, actually ,22774,506,122,127.0,107.0,488.0,554.0,Yes,3,fixation,0.0642824346533225,0.0008240267499761977
37,2,1,27,37, actually ,22838,515,120,127.0,107.0,488.0,554.0,Yes,3,sliding,0.14405538214520136,0.001246452304560607
37,2,1,27,37, actually ,22899,523,118,127.0,107.0,488.0,554.0,Yes,3,sliding,0.13518379100385772,-0.0001454359203498958
37,2,1,27,37, actually ,22919,529,118,127.0,107.0,488.0,554.0,Yes,3,saccade,0.3,0.008240810449807113
37,2,1,27,37, actually ,22987,541,118,127.0,107.0,488.0,554.0,Yes,3,saccade,0.17647058823529413,-0.001816608996539792
37,2,1,27,37, actually ,23040,549,118,127.0,107.0,488.0,554.0,Yes,3,saccade,0.1509433962264151,-0.0004816451322430008
37,2,1,27,37, actually ,23070,553,118,127.0,107.0,488.0,554.0,Yes,3,sliding,0.13333333333333333,-0.0005870020964360586
37,2,1,27,38, physically ,23130,555,118,127.0,107.0,554.0,637.0,Yes,3,fixation,0.03333333333333333,-0.0016666666666666668
37,2,1,27,38, physically ,23205,556,118,127.0,107.0,554.0,637.0,Yes,3,fixation,0.013333333333333334,-0.0002666666666666666
37,2,1,27,38, physically ,23222,556,118,127.0,107.0,554.0,637.0,Yes,3,fixation,0.0,-0.0007843137254901962
37,2,1,27,38, physically ,23282,556,118,127.0,107.0,554.0,637.0,Yes,3,fixation,0.0,0.0
37,2,1,27,38, physically ,23349,556,118,127.0,107.0,554.0,637.0,Yes,3,fixation,0.0,0.0
37,2,1,27,38, physically ,23384,556,118,127.0,107.0,554.0,637.0,Yes,3,fixation,0.0,0.0
37,2,1,27,38, physically ,23435,556,118,127.0,107.0,554.0,637.0,Yes,3,fixation,0.0,0.0
37,2,1,27,38, physically ,23495,556,118,127.0,107.0,554.0,637.0,Yes,3,fixation,0.0,0.0
37,2,1,27,38, physically ,23522,556,118,127.0,107.0,554.0,637.0,Yes,3,fixation,0.0,0.0
37,2,1,27,38, physically ,23592,556,118,127.0,107.0,554.0,637.0,Yes,3,fixation,0.0,0.0
37,2,1,27,38, physically ,23643,556,118,127.0,107.0,554.0,637.0,Yes,3,fixation,0.0,0.0
37,2,1,27,38, physically ,23677,556,118,127.0,107.0,554.0,637.0,Yes,3,fixation,0.0,0.0
37,2,1,27,38, physically ,23737,556,118,127.0,107.0,554.0,637.0,Yes,3,fixation,0.0,0.0
37,2,1,27,38, physically ,23797,556,118,127.0,107.0,554.0,637.0,Yes,3,fixation,0.0,0.0
37,2,1,27,38, physically ,23831,556,118,127.0,107.0,554.0,637.0,Yes,3,fixation,0.0,0.0
37,2,1,27,38, physically ,23884,556,118,127.0,107.0,554.0,637.0,Yes,3,fixation,0.0,0.0
37,2,1,27,38, physically ,23953,556,118,127.0,107.0,554.0,637.0,Yes,3,fixation,0.0,0.0
37,2,1,27,38, physically ,23969,556,118,127.0,107.0,554.0,637.0,Yes,3,fixation,0.0,0.0
37,2,1,27,38, physically ,24031,556,118,127.0,107.0,554.0,637.0,Yes,3,fixation,0.0,0.0
37,2,1,27,38, physically ,24096,556,118,127.0,107.0,554.0,637.0,Yes,3,fixation,0.0,0.0
37,2,1,27,38, physically ,24132,556,118,127.0,107.0,554.0,637.0,Yes,3,fixation,0.0,0.0
37,2,1,27,38, physically ,24184,556,118,127.0,107.0,554.0,637.0,Yes,3,fixation,0.0,0.0
37,2,1,27,38, physically ,24250,556,118,127.0,107.0,554.0,637.0,Yes,3,fixation,0.0,0.0
37,2,1,27,38, physically ,24274,556,118,127.0,107.0,554.0,637.0,Yes,3,fixation,0.0,0.0
37,2,1,27,38, physically ,24342,556,118,127.0,107.0,554.0,637.0,Yes,3,fixation,0.0,0.0
37,2,1,27,38, physically ,24393,556,118,127.0,107.0,554.0,637.0,Yes,3,fixation,0.0,0.0
37,2,1,27,38, physically ,24422,556,118,127.0,107.0,554.0,637.0,Yes,3,fixation,0.0,0.0
37,2,1,27,38, physically ,24483,556,118,127.0,107.0,554.0,637.0,Yes,3,fixation,0.0,0.0
37,2,1,27,38, physically ,24548,556,118,127.0,107.0,554.0,637.0,Yes,3,fixation,0.0,0.0
37,2,1,27,38, physically ,24583,556,118,127.0,107.0,554.0,637.0,Yes,3,fixation,0.0,0.0
37,2,1,27,38, physically ,24635,556,118,127.0,107.0,554.0,637.0,Yes,3,fixation,0.0,0.0
37,2,1,27,38, physically ,24703,556,118,127.0,107.0,554.0,637.0,Yes,3,fixation,0.0,0.0
37,2,1,27,38, physically ,24720,556,118,127.0,107.0,554.0,637.0,Yes,3,fixation,0.0,0.0
37,2,1,27,38, physically ,24789,556,118,127.0,107.0,554.0,637.0,Yes,3,fixation,0.0,0.0
37,2,1,27,38, physically ,24841,556,118,127.0,107.0,554.0,637.0,Yes,3,fixation,0.0,0.0
37,2,1,27,38, physically ,24875,556,118,127.0,107.0,554.0,637.0,Yes,3,fixation,0.0,0.0
37,2,1,27,38, physically ,24944,556,118,127.0,107.0,554.0,637.0,Yes,3,fixation,0.0,0.0
37,2,1,27,38, physically ,24996,556,118,127.0,107.0,554.0,637.0,Yes,3,fixation,0.0,0.0
37,2,1,27,38, physically ,25033,556,118,127.0,107.0,554.0,637.0,Yes,3,fixation,0.0,0.0
37,2,1,27,38, physically ,25084,556,118,127.0,107.0,554.0,637.0,Yes,3,fixation,0.0,0.0
37,2,1,27,38, physically ,25146,556,118,127.0,107.0,554.0,637.0,Yes,3,fixation,0.0,0.0
37,2,1,27,38, physically ,25182,556,118,127.0,107.0,554.0,637.0,Yes,3,fixation,0.0,0.0
37,2,1,27,38, physically ,25232,556,118,127.0,107.0,554.0,637.0,Yes,3,fixation,0.0,0.0
37,2,1,27,38, physically ,25296,556,118,127.0,107.0,554.0,637.0,Yes,3,fixation,0.0,0.0
37,2,1,27,38, physically ,25332,556,118,127.0,107.0,554.0,637.0,Yes,3,fixation,0.0,0.0
37,2,1,27,38, physically ,25383,556,118,127.0,107.0,554.0,637.0,Yes,3,fixation,0.0,0.0
37,2,1,27,38, physically ,25445,556,118,127.0,107.0,554.0,637.0,Yes,3,fixation,0.0,0.0
37,2,1,27,38, physically ,25475,556,118,127.0,107.0,554.0,637.0,Yes,3,fixation,0.0,0.0
37,2,1,27,38, physically ,25542,556,118,127.0,107.0,554.0,637.0,Yes,3,fixation,0.0,0.0
37,2,1,27,38, physically ,25594,556,118,127.0,107.0,554.0,637.0,Yes,3,fixation,0.0,0.0
37,2,1,27,38, physically ,25629,556,118,127.0,107.0,554.0,637.0,Yes,3,fixation,0.0,0.0
37,2,1,27,38, physically ,25682,556,118,127.0,107.0,554.0,637.0,Yes,3,fixation,0.0,0.0
37,2,1,27,38, physically ,25750,556,118,127.0,107.0,554.0,637.0,Yes,3,fixation,0.0,0.0
37,2,1,27,38, physically ,25785,556,118,127.0,107.0,554.0,637.0,Yes,3,fixation,0.0,0.0
37,2,1,27,38, physically ,25836,556,118,127.0,107.0,554.0,637.0,Yes,3,fixation,0.0,0.0
37,2,1,27,38, physically ,25897,556,118,127.0,107.0,554.0,637.0,Yes,3,fixation,0.0,0.0
37,2,1,27,38, physically ,25932,556,118,127.0,107.0,554.0,637.0,Yes,3,fixation,0.0,0.0
37,2,1,27,38, physically ,25986,556,118,127.0,107.0,554.0,637.0,Yes,3,fixation,0.0,0.0
37,2,1,27,38, physically ,26054,556,118,127.0,107.0,554.0,637.0,Yes,3,fixation,0.0,0.0
37,2,1,27,38, physically ,26072,556,118,127.0,107.0,554.0,637.0,Yes,3,fixation,0.0,0.0
37,2,1,27,38, physically ,26134,556,118,127.0,107.0,554.0,637.0,Yes,3,fixation,0.0,0.0
37,2,1,27,38, physically ,26203,556,118,127.0,107.0,554.0,637.0,Yes,3,fixation,0.0,0.0
37,2,1,27,38, physically ,26219,556,118,127.0,107.0,554.0,637.0,Yes,3,fixation,0.0,0.0
37,2,1,27,38, physically ,26292,556,118,127.0,107.0,554.0,637.0,Yes,3,fixation,0.0,0.0
37,2,1,27,38, physically ,26345,556,118,127.0,107.0,554.0,637.0,Yes,3,fixation,0.0,0.0
37,2,1,27,38, physically ,26372,556,118,127.0,107.0,554.0,637.0,Yes,3,fixation,0.0,0.0
37,2,1,27,38, physically ,26434,556,118,127.0,107.0,554.0,637.0,Yes,3,fixation,0.0,0.0
37,2,1,27,38, physically ,26503,556,118,127.0,107.0,554.0,637.0,Yes,3,fixation,0.0,0.0
37,2,1,27,38, physically ,26523,556,118,127.0,107.0,554.0,637.0,Yes,3,fixation,0.0,0.0
37,2,1,27,38, physically ,26582,556,118,127.0,107.0,554.0,637.0,Yes,3,fixation,0.0,0.0
37,2,1,27,38, physically ,26642,556,118,127.0,107.0,554.0,637.0,Yes,3,fixation,0.0,0.0
37,2,1,27,38, physically ,26676,556,118,127.0,107.0,554.0,637.0,Yes,3,fixation,0.0,0.0
37,2,1,27,38, physically ,26736,556,118,127.0,107.0,554.0,637.0,Yes,3,fixation,0.0,0.0
37,2,1,27,38, physically ,26798,556,118,127.0,107.0,554.0,637.0,Yes,3,fixation,0.0,0.0
37,2,1,27,38, physically ,26832,556,118,127.0,107.0,554.0,637.0,Yes,3,fixation,0.0,0.0
37,2,1,27,38, physically ,26884,556,118,127.0,107.0,554.0,637.0,Yes,3,fixation,0.0,0.0
37,2,1,27,38, physically ,26953,556,118,127.0,107.0,554.0,637.0,Yes,3,fixation,0.0,0.0
37,2,1,27,38, physically ,26972,556,118,127.0,107.0,554.0,637.0,Yes,3,fixation,0.0,0.0
37,2,1,27,38, physically ,27034,556,118,127.0,107.0,554.0,637.0,Yes,3,fixation,0.0,0.0
37,2,1,27,38, physically ,27104,556,118,127.0,107.0,554.0,637.0,Yes,3,fixation,0.0,0.0
37,2,1,27,38, physically ,27122,556,118,127.0,107.0,554.0,637.0,Yes,3,fixation,0.0,0.0
37,2,1,27,38, physically ,27190,556,118,127.0,107.0,554.0,637.0,Yes,3,fixation,0.0,0.0
37,2,1,27,38, physically ,27241,556,118,127.0,107.0,554.0,637.0,Yes,3,fixation,0.0,0.0
37,2,1,27,38, physically ,27275,556,118,127.0,107.0,554.0,637.0,Yes,3,fixation,0.0,0.0
37,2,1,27,38, physically ,27336,556,118,127.0,107.0,554.0,637.0,Yes,3,fixation,0.0,0.0
37,2,1,27,38, physically ,27396,556,118,127.0,107.0,554.0,637.0,Yes,3,fixation,0.0,0.0
37,2,1,27,38, physically ,27432,556,118,127.0,107.0,554.0,637.0,Yes,3,fixation,0.0,0.0
37,2,1,27,38, physically ,27483,556,118,127.0,107.0,554.0,637.0,Yes,3,fixation,0.0,0.0
37,2,1,27,38, physically ,27552,556,118,127.0,107.0,554.0,637.0,Yes,3,fixation,0.0,0.0
37,2,1,27,38, physically ,27578,556,118,127.0,107.0,554.0,637.0,Yes,3,fixation,0.0,0.0
37,2,1,27,38, physically ,27638,556,118,127.0,107.0,554.0,637.0,Yes,3,fixation,0.0,0.0
37,2,1,27,38, physically ,27697,556,118,127.0,107.0,554.0,637.0,Yes,3,fixation,0.0,0.0
37,2,1,27,38, physically ,27732,556,118,127.0,107.0,554.0,637.0,Yes,3,fixation,0.0,0.0
37,2,1,27,38, physically ,27783,556,118,127.0,107.0,554.0,637.0,Yes,3,fixation,0.0,0.0
37,2,1,27,38, physically ,27846,556,118,127.0,107.0,554.0,637.0,Yes,3,fixation,0.0,0.0
37,2,1,27,38, physically ,27873,556,118,127.0,107.0,554.0,637.0,Yes,3,fixation,0.0,0.0
37,2,1,27,38, physically ,27933,556,118,127.0,107.0,554.0,637.0,Yes,3,fixation,0.0,0.0
37,2,1,27,38, physically ,28001,556,118,127.0,107.0,554.0,637.0,Yes,3,fixation,0.0,0.0
37,2,1,27,38, physically ,28035,556,118,127.0,107.0,554.0,637.0,Yes,3,fixation,0.0,0.0
37,2,1,27,38, physically ,28086,556,118,127.0,107.0,554.0,637.0,Yes,3,fixation,0.0,0.0
37,2,1,27,38, physically ,28148,556,118,127.0,107.0,554.0,637.0,Yes,3,fixation,0.0,0.0
37,2,1,27,38, physically ,28183,556,118,127.0,107.0,554.0,637.0,Yes,3,fixation,0.0,0.0
37,2,1,27,38, physically ,28236,556,118,127.0,107.0,554.0,637.0,Yes,3,fixation,0.0,0.0
37,2,1,27,38, physically ,28295,556,118,127.0,107.0,554.0,637.0,Yes,3,fixation,0.0,0.0
37,2,1,27,38, physically ,28329,556,118,127.0,107.0,554.0,637.0,Yes,3,fixation,0.0,0.0
37,2,1,27,38, physically ,28382,556,118,127.0,107.0,554.0,637.0,Yes,3,fixation,0.0,0.0
37,2,1,27,38, physically ,28452,556,118,127.0,107.0,554.0,637.0,Yes,3,fixation,0.0,0.0
37,2,1,27,38, physically ,28477,556,118,127.0,107.0,554.0,637.0,Yes,3,fixation,0.0,0.0
37,2,1,27,38, physically ,28546,556,118,127.0,107.0,554.0,637.0,Yes,3,fixation,0.0,0.0
37,2,1,27,38, physically ,28597,556,118,127.0,107.0,554.0,637.0,Yes,3,fixation,0.0,0.0
37,2,1,27,38, physically ,28632,556,118,127.0,107.0,554.0,637.0,Yes,3,fixation,0.0,0.0
37,2,1,27,38, physically ,28692,556,118,127.0,107.0,554.0,637.0,Yes,3,fixation,0.0,0.0
37,2,1,27,38, physically ,28743,556,118,127.0,107.0,554.0,637.0,Yes,3,fixation,0.0,0.0
37,2,1,27,38, physically ,28778,556,118,127.0,107.0,554.0,637.0,Yes,3,fixation,0.0,0.0
37,2,1,27,38, physically ,28838,556,118,127.0,107.0,554.0,637.0,Yes,3,fixation,0.0,0.0
37,2,1,27,38, physically ,28897,556,118,127.0,107.0,554.0,637.0,Yes,3,fixation,0.0,0.0
37,2,1,27,38, physically ,28932,556,118,127.0,107.0,554.0,637.0,Yes,3,fixation,0.0,0.0
37,2,1,27,38, physically ,28983,556,118,127.0,107.0,554.0,637.0,Yes,3,fixation,0.0,0.0
37,2,1,27,38, physically ,29052,556,118,127.0,107.0,554.0,637.0,Yes,3,fixation,0.0,0.0
37,2,1,27,38, physically ,29077,556,118,127.0,107.0,554.0,637.0,Yes,3,fixation,0.0,0.0
37,2,1,27,38, physically ,29145,556,118,127.0,107.0,554.0,637.0,Yes,3,fixation,0.0,0.0
37,2,1,27,38, physically ,29199,556,118,127.0,107.0,554.0,637.0,Yes,3,fixation,0.0,0.0
37,2,1,27,38, physically ,29230,556,118,127.0,107.0,554.0,637.0,Yes,3,fixation,0.0,0.0
37,2,1,27,38, physically ,29292,556,118,127.0,107.0,554.0,637.0,Yes,3,fixation,0.0,0.0
37,2,1,27,38, physically ,29343,556,118,127.0,107.0,554.0,637.0,Yes,3,fixation,0.0,0.0
37,2,1,27,38, physically ,29379,556,118,127.0,107.0,554.0,637.0,Yes,3,fixation,0.0,0.0
37,2,1,27,38, physically ,29432,556,118,127.0,107.0,554.0,637.0,Yes,3,fixation,0.0,0.0
37,2,1,27,38, physically ,29502,556,118,127.0,107.0,554.0,637.0,Yes,3,fixation,0.0,0.0
37,2,1,27,38, physically ,29528,556,118,127.0,107.0,554.0,637.0,Yes,3,fixation,0.0,0.0
37,2,1,27,38, physically ,29587,556,118,127.0,107.0,554.0,637.0,Yes,3,fixation,0.0,0.0
37,2,1,27,38, physically ,29655,556,118,127.0,107.0,554.0,637.0,Yes,3,fixation,0.0,0.0
37,2,1,27,38, physically ,29673,556,118,127.0,107.0,554.0,637.0,Yes,3,fixation,0.0,0.0
37,2,1,27,38, physically ,29744,556,118,127.0,107.0,554.0,637.0,Yes,3,fixation,0.0,0.0
37,2,1,27,38, physically ,29796,556,118,127.0,107.0,554.0,637.0,Yes,3,fixation,0.0,0.0
37,2,1,27,38, physically ,29829,556,118,127.0,107.0,554.0,637.0,Yes,3,fixation,0.0,0.0
37,2,1,27,38, physically ,29882,556,118,127.0,107.0,554.0,637.0,Yes,3,fixation,0.0,0.0
37,2,1,27,38, physically ,29942,556,118,127.0,107.0,554.0,637.0,Yes,3,fixation,0.0,0.0
37,2,1,27,38, physically ,29975,556,118,127.0,107.0,554.0,637.0,Yes,3,fixation,0.0,0.0
37,2,1,27,38, physically ,30044,556,118,127.0,107.0,554.0,637.0,Yes,3,fixation,0.0,0.0
37,2,1,27,38, physically ,30097,556,118,127.0,107.0,554.0,637.0,Yes,3,fixation,0.0,0.0
37,2,1,27,38, physically ,30132,556,118,127.0,107.0,554.0,637.0,Yes,3,fixation,0.0,0.0
37,2,1,27,38, physically ,30183,556,118,127.0,107.0,554.0,637.0,Yes,3,fixation,0.0,0.0
37,2,1,27,38, physically ,30251,556,118,127.0,107.0,554.0,637.0,Yes,3,fixation,0.0,0.0
37,2,1,27,38, physically ,30285,556,118,127.0,107.0,554.0,637.0,Yes,3,fixation,0.0,0.0
37,2,1,27,38, physically ,30339,556,118,127.0,107.0,554.0,637.0,Yes,3,fixation,0.0,0.0
37,2,1,27,38, physically ,30392,556,118,127.0,107.0,554.0,637.0,Yes,3,fixation,0.0,0.0
37,2,1,27,38, physically ,30426,556,118,127.0,107.0,554.0,637.0,Yes,3,fixation,0.0,0.0
37,2,1,27,38, physically ,30486,556,118,127.0,107.0,554.0,637.0,Yes,3,fixation,0.0,0.0
37,2,1,27,38, physically ,30547,556,118,127.0,107.0,554.0,637.0,Yes,3,fixation,0.0,0.0
37,2,1,27,38, physically ,30582,556,118,127.0,107.0,554.0,637.0,Yes,3,fixation,0.0,0.0
37,2,1,27,38, physically ,30632,556,118,127.0,107.0,554.0,637.0,Yes,3,fixation,0.0,0.0
37,2,1,27,38, physically ,30702,556,118,127.0,107.0,554.0,637.0,Yes,3,fixation,0.0,0.0
37,2,1,27,38, physically ,30727,556,118,127.0,107.0,554.0,637.0,Yes,3,fixation,0.0,0.0
37,2,1,27,38, physically ,30789,556,118,127.0,107.0,554.0,637.0,Yes,3,fixation,0.0,0.0
37,2,1,27,38, physically ,30852,556,118,127.0,107.0,554.0,637.0,Yes,3,fixation,0.0,0.0
37,2,1,27,38, physically ,30877,556,118,127.0,107.0,554.0,637.0,Yes,3,fixation,0.0,0.0
37,2,1,27,38, physically ,30946,556,118,127.0,107.0,554.0,637.0,Yes,3,fixation,0.0,0.0
37,2,1,27,38, physically ,30999,556,118,127.0,107.0,554.0,637.0,Yes,3,fixation,0.0,0.0
37,2,1,27,38, physically ,31034,556,118,127.0,107.0,554.0,637.0,Yes,3,fixation,0.0,0.0
37,2,1,27,38, physically ,31086,556,118,127.0,107.0,554.0,637.0,Yes,3,fixation,0.0,0.0
37,2,1,27,38, physically ,31152,556,118,127.0,107.0,554.0,637.0,Yes,3,fixation,0.0,0.0
37,2,1,27,38, physically ,31178,556,118,127.0,107.0,554.0,637.0,Yes,3,fixation,0.0,0.0
37,2,1,27,38, physically ,31238,556,118,127.0,107.0,554.0,637.0,Yes,3,fixation,0.0,0.0
37,2,1,27,38, physically ,31306,556,118,127.0,107.0,554.0,637.0,Yes,3,fixation,0.0,0.0
37,2,1,27,38, physically ,31323,556,118,127.0,107.0,554.0,637.0,Yes,3,fixation,0.0,0.0
37,2,1,27,37, actually ,31382,546,110,127.0,107.0,488.0,554.0,Yes,3,saccade,0.21705505889602877,0.0036788993033225214
37,2,1,27,8, evidence ,47670,484,45,47.0,27.0,432.0,509.0,Yes,3,fixation,0.005514956574237445,-1.2987481724078544e-05
37,2,1,27,-1,,47717,480,64,,,,,Yes,3,saccade,0.4131167625308,0.008672378850139629
37,2,1,27,22, complex ,47771,479,69,87.0,67.0,454.0,526.0,Yes,3,fixation,0.09442628728875527,-0.005901675467445273
37,2,1,27,22, complex ,47817,479,73,87.0,67.0,454.0,526.0,Yes,3,fixation,0.08695652173913043,-0.00016238620760053988
37,2,1,27,22, complex ,47868,479,78,87.0,67.0,454.0,526.0,Yes,3,fixation,0.09803921568627451,0.0002173077244538054
37,2,1,27,22, complex ,47917,479,80,87.0,67.0,454.0,526.0,Yes,3,fixation,0.04081632653061224,-0.0011678140644012706
37,2,1,27,22, complex ,47983,479,82,87.0,67.0,454.0,526.0,Yes,3,fixation,0.030303030303030304,-0.00015929236708457482
37,2,1,27,22, complex ,48017,479,84,87.0,67.0,454.0,526.0,Yes,3,fixation,0.058823529411764705,0.0008388382090804236
37,2,1,27,-1,,48068,484,103,,,,,Yes,3,saccade,0.38523299420369606,0.006400185584155517
37,2,1,27,37, actually ,48120,491,122,127.0,107.0,488.0,554.0,Yes,3,saccade,0.3893933986791651,8.000777837440499e-05
37,2,1,27,37, actually ,48171,492,125,127.0,107.0,488.0,554.0,Yes,3,fixation,0.06200544431702705,-0.00641937165415957
37,2,1,27,37, actually ,48217,492,127,127.0,107.0,488.0,554.0,Yes,3,fixation,0.043478260869565216,-0.0004027648575535181
37,2,1,27,37, actually ,48267,493,127,127.0,107.0,488.0,554.0,Yes,3,fixation,0.02,-0.0004695652173913043
37,2,1,27,37, actually ,48332,513,120,127.0,107.0,488.0,554.0,Yes,3,saccade,0.32599415539103216,0.004707602390631263
37,2,1,27,37, actually ,48370,524,112,127.0,107.0,488.0,554.0,Yes,3,saccade,0.35793343444040643,0.000840507343404586
37,2,1,27,-1,,48418,530,104,,,,,Yes,3,saccade,0.20833333333333334,-0.0031166687730640225
37,2,1,27,-1,,48477,531,102,,,,,Yes,3,fixation,0.03789945724575915,-0.002888709764196173
37,2,1,27,-1,,48521,534,100,,,,,Yes,3,fixation,0.08194434716963611,0.0010010202255426584
37,2,1,27,-1,,48578,540,99,,,,,Yes,3,sliding,0.10671513211049508,0.00043457517440103445
37,2,1,27,-1,,48618,566,100,,,,,Yes,3,saccade,0.6504805915628844,0.013594136486309732
37,2,1,27,-1,,48673,596,103,,,,,Yes,3,saccade,0.5481750338793213,-0.0018601010487920562
37,2,1,27,-1,,48732,632,104,,,,,Yes,3,saccade,0.6104048510294613,0.0010547426635616945
37,2,1,27,-1,,48768,647,105,,,,,Yes,3,saccade,0.41759156606591413,-0.005355924582320755
37,2,1,27,39, doing ,48818,662,106,127.0,107.0,637.0,686.0,Yes,3,saccade,0.30066592756745814,-0.0023385127699691198
37,2,1,27,39, doing ,48868,683,110,127.0,107.0,637.0,686.0,Yes,3,saccade,0.42755116652863895,0.002537704779223616
37,2,1,27,41, But ,48921,710,117,127.0,107.0,705.0,737.0,Yes,3,saccade,0.5262764407917492,0.0018627410238322684
37,2,1,27,41, But ,48981,723,122,127.0,107.0,705.0,737.0,Yes,3,saccade,0.23213980461973532,-0.004902277269533564
37,2,1,27,41, But ,49031,724,123,127.0,107.0,705.0,737.0,Yes,3,fixation,0.0282842712474619,-0.004077110667445468
37,2,1,27,41, But ,49072,725,123,127.0,107.0,705.0,737.0,Yes,3,fixation,0.024390243902439025,-9.497627670787503e-05
37,2,1,27,41, But ,49132,725,126,127.0,107.0,705.0,737.0,Yes,3,fixation,0.05,0.000426829268292683
37,2,1,27,41, But ,49182,725,129,127.0,107.0,705.0,737.0,Yes,3,fixation,0.06,0.0001999999999999999
37,2,1,27,41, But ,49229,724,129,127.0,107.0,705.0,737.0,Yes,3,fixation,0.02127659574468085,-0.0008239022181982797
37,2,1,27,-1,,49277,724,130,,,,,Yes,3,fixation,0.020833333333333332,-9.234633569739966e-06
37,2,1,27,-1,,49328,723,130,,,,,Yes,3,fixation,0.0196078431372549,-2.402921953094962e-05
37,2,1,27,41, But ,49368,721,128,127.0,107.0,705.0,737.0,Yes,3,fixation,0.07071067811865475,0.0012775708745349963
37,2,1,27,41, But ,49418,713,122,127.0,107.0,705.0,737.0,Yes,3,saccade,0.2,0.0025857864376269053
37,2,1,27,39, doing ,49469,678,109,127.0,107.0,637.0,686.0,Yes,3,saccade,0.7320844981409597,0.010433029375312933
37,2,1,27,38, physically ,49519,587,111,127.0,107.0,554.0,637.0,Yes,3,saccade,1.8204395073717774,0.021767100184616358
37,2,1,27,-1,,49568,408,150,,,,,Yes,3,saccade,3.7387621423876523,0.03914944153093622
37,2,1,27,-1,,49619,251,184,,,,,Yes,3,saccade,3.149791129573275,-0.01154845123165446
37,2,1,27,-1,,49668,182,185,,,,,Yes,3,saccade,1.40831114278254,-0.03554040789368846
37,2,1,27,-1,,49718,168,182,,,,,Yes,3,saccade,0.2863564212655271,-0.02243909443034026
37,2,1,27,-1,,49772,165,181,,,,,Yes,3,fixation,0.058560697410525546,-0.004218439330648176
37,2,1,27,-1,,49818,165,180,,,,,Yes,3,fixation,0.021739130434782608,-0.0008004688472987595
37,2,1,27,-1,,49867,164,177,,,,,Yes,3,fixation,0.06453627877894652,0.0008734111906972227
37,2,1,27,43, doesn’t ,49920,143,160,167.0,147.0,94.0,157.0,Yes,3,saccade,0.509783248532313,0.008400886221761633
37,2,1,27,43, doesn’t ,49967,132,154,167.0,147.0,94.0,157.0,Yes,3,saccade,0.2665949805562057,-0.005174218467576753
37,2,1,27,43, doesn’t ,50032,128,153,167.0,147.0,94.0,157.0,Yes,3,fixation,0.0634323942402717,-0.003125578251014369
37,2,1,27,43, doesn’t ,50081,128,153,167.0,147.0,94.0,157.0,Yes,3,fixation,0.0,-0.0012945386579647285
37,2,1,27,43, doesn’t ,50126,128,154,167.0,147.0,94.0,157.0,Yes,3,fixation,0.022222222222222223,0.0004938271604938272
37,2,1,27,43, doesn’t ,50168,128,155,167.0,147.0,94.0,157.0,Yes,3,fixation,0.023809523809523808,3.7792894935752024e-05
37,2,1,27,43, doesn’t ,50221,128,156,167.0,147.0,94.0,157.0,Yes,3,fixation,0.018867924528301886,-9.323772228720608e-05
37,2,1,27,43, doesn’t ,50280,128,156,167.0,147.0,94.0,157.0,Yes,3,fixation,0.0,-0.00031979533098816753
37,2,1,27,43, doesn’t ,50330,128,156,167.0,147.0,94.0,157.0,Yes,3,fixation,0.0,0.0
37,2,1,27,43, doesn’t ,50380,128,156,167.0,147.0,94.0,157.0,Yes,3,fixation,0.0,0.0
37,2,1,27,43, doesn’t ,50420,128,156,167.0,147.0,94.0,157.0,Yes,3,fixation,0.0,0.0
37,2,1,27,43, doesn’t ,50482,128,156,167.0,147.0,94.0,157.0,Yes,3,fixation,0.0,0.0
37,2,1,27,43, doesn’t ,50517,128,157,167.0,147.0,94.0,157.0,Yes,3,fixation,0.02857142857142857,0.0008163265306122448
37,2,1,27,43, doesn’t ,50569,148,161,167.0,147.0,94.0,157.0,Yes,3,saccade,0.39223227027636803,0.00699347772509499
37,2,1,27,44, stop ,50619,180,162,167.0,147.0,157.0,196.0,Yes,3,saccade,0.6403124237432849,0.004961603069338337
37,2,1,27,45, there. ,50669,198,162,167.0,147.0,196.0,242.0,Yes,3,saccade,0.36,-0.005606248474865698
37,2,1,27,45, there. ,50722,205,162,167.0,147.0,196.0,242.0,Yes,3,sliding,0.1320754716981132,-0.004300462798148807
37,2,1,27,45, there. ,50771,215,162,167.0,147.0,196.0,242.0,Yes,3,saccade,0.20408163265306123,0.0014695134888764903
37,2,1,27,45, there. ,50823,216,162,167.0,147.0,196.0,242.0,Yes,3,fixation,0.019230769230769232,-0.0035548242965825387
37,2,1,27,45, there. ,50874,216,162,167.0,147.0,196.0,242.0,Yes,3,fixation,0.0,-0.0003770739064856712
37,2,1,27,45, there. ,50920,209,152,167.0,147.0,196.0,242.0,Yes,3,saccade,0.2653599046898631,0.005768693580214415
37,2,1,27,-1,,50972,160,98,,,,,Yes,3,saccade,1.4022646518564723,0.0218635528301271
37,2,1,27,-1,,51023,87,21,,,,,Yes,3,saccade,2.080465153678594,0.013298049055335721
37,2,1,27,-1,,51067,77,11,,,,,Yes,3,saccade,0.32141217326661253,-0.03997847682754503
37,2,1,27,-1,,51125,77,10,,,,,Yes,3,fixation,0.017241379310344827,-0.005244324033728754
37,2,1,27,-1,,51174,77,10,,,,,Yes,3,fixation,0.0,-0.0003518648838845883
37,2,1,27,-1,,51219,77,10,,,,,Yes,3,fixation,0.0,0.0
37,2,1,27,-1,,51268,82,17,,,,,Yes,3,saccade,0.17555765851107402,0.0035828093573688578
37,2,1,27,0, Very ,51318,105,41,47.0,27.0,94.0,135.0,Yes,3,saccade,0.6648308055437865,0.009785462940654249
37,2,1,27,-1,,51370,118,57,,,,,Yes,3,saccade,0.39645246400169815,-0.005161121952732468
37,2,1,27,-1,,51420,120,58,,,,,Yes,3,fixation,0.044721359549995794,-0.007034622089034047
37,2,1,27,-1,,51468,121,59,,,,,Yes,3,fixation,0.029462782549439483,-0.00031788702084492316
37,2,1,27,-1,,51517,126,59,,,,,Yes,3,sliding,0.10204081632653061,0.0014811843627977781
37,2,1,27,-1,,51568,141,53,,,,,Yes,3,saccade,0.3167744004196767,0.004210462433198943
37,2,1,27,-1,,51617,154,50,,,,,Yes,3,saccade,0.27227885845155786,-0.0009080722850636497
37,2,1,27,1," similar, ",51668,165,48,47.0,27.0,135.0,196.0,Yes,3,saccade,0.21922235073527352,-0.0010403236807114576
37,2,1,27,1," similar, ",51718,187,43,47.0,27.0,135.0,196.0,Yes,3,saccade,0.45122056690713913,0.004639964323437312
37,2,1,27,2, but ,51769,225,37,47.0,27.0,196.0,226.0,Yes,3,saccade,0.7543287867322096,0.005943298427942559
37,2,1,27,3, even ,51831,267,34,47.0,27.0,226.0,270.0,Yes,3,saccade,0.6791452668202355,-0.0012126374179350667
37,2,1,27,4, more ,51867,287,34,47.0,27.0,271.0,317.0,Yes,3,saccade,0.5555555555555556,-0.0034330475351299966
37,2,1,27,4, more ,51917,305,34,47.0,27.0,271.0,317.0,Yes,3,saccade,0.36,-0.003911111111111112
37,2,1,27,4, more ,51997,309,34,47.0,27.0,271.0,317.0,Yes,3,fixation,0.05,-0.003875
37,2,1,27,4, more ,52030,309,34,47.0,27.0,271.0,317.0,Yes,3,fixation,0.0,-0.0015151515151515152
37,2,1,27,4, more ,52080,309,34,47.0,27.0,271.0,317.0,Yes,3,fixation,0.0,0.0
37,2,1,27,4, more ,52147,309,34,47.0,27.0,271.0,317.0,Yes,3,fixation,0.0,0.0
37,2,1,27,4, more ,52180,309,34,47.0,27.0,271.0,317.0,Yes,3,fixation,0.0,0.0
37,2,1,27,4, more ,52232,309,34,47.0,27.0,271.0,317.0,Yes,3,fixation,0.0,0.0
37,2,1,27,5," striking, ",52297,340,41,47.0,27.0,317.0,384.0,Yes,3,saccade,0.48893072560217554,0.007522011163110393
37,2,1,27,5," striking, ",52331,360,46,47.0,27.0,317.0,384.0,Yes,3,saccade,0.6063390625908325,0.0034531863820193216
37,2,1,27,5," striking, ",52382,372,48,47.0,27.0,317.0,384.0,Yes,3,saccade,0.23853970707051841,-0.007211752069025766
37,2,1,27,5," striking, ",52448,376,48,47.0,27.0,317.0,384.0,Yes,3,fixation,0.06060606060606061,-0.002695964340370573
37,2,1,27,5," striking, ",52471,378,48,47.0,27.0,317.0,384.0,Yes,3,fixation,0.08695652173913043,0.0011456722231769488
37,2,1,27,6, is ,52532,389,46,47.0,27.0,384.0,402.0,Yes,3,saccade,0.18328426045080246,0.0015791432575683938
37,2,1,27,8, evidence ,52599,434,42,47.0,27.0,432.0,509.0,Yes,3,saccade,0.6742899700344189,0.007328443426621141
37,2,1,27,8, evidence ,52621,441,42,47.0,27.0,432.0,509.0,Yes,3,saccade,0.3181818181818182,-0.016186734175118216
37,2,1,27,8, evidence ,52682,470,42,47.0,27.0,432.0,509.0,Yes,3,saccade,0.47540983606557374,0.002577508489897632
37,2,1,27,8, evidence ,52746,482,42,47.0,27.0,432.0,509.0,Yes,3,saccade,0.1875,-0.00449859118852459
37,2,1,27,8, evidence ,52771,487,41,47.0,27.0,432.0,509.0,Yes,3,saccade,0.2039607805437114,0.0006584312217484555
37,2,1,27,8, evidence ,52832,506,39,47.0,27.0,432.0,509.0,Yes,3,saccade,0.31319628154988194,0.0017907459181339435
37,2,1,27,9, from ,52895,519,39,47.0,27.0,509.0,550.0,Yes,3,saccade,0.20634920634920634,-0.0016959853206456445
37,2,1,27,9, from ,52920,519,39,47.0,27.0,509.0,550.0,Yes,3,fixation,0.0,-0.008253968253968253
37,2,1,27,9, from ,52988,519,39,47.0,27.0,509.0,550.0,Yes,3,fixation,0.0,0.0
37,2,1,27,9, from ,53039,519,39,47.0,27.0,509.0,550.0,Yes,3,fixation,0.0,0.0
37,2,1,27,9, from ,53082,519,39,47.0,27.0,509.0,550.0,Yes,3,fixation,0.0,0.0
37,2,1,27,9, from ,53134,519,39,47.0,27.0,509.0,550.0,Yes,3,fixation,0.0,0.0
37,2,1,27,9, from ,53202,532,38,47.0,27.0,509.0,550.0,Yes,3,saccade,0.19174124721184263,0.0028197242237035683
37,2,1,27,9, from ,53220,539,37,47.0,27.0,509.0,550.0,Yes,3,saccade,0.3928371006591931,0.011171991858186136
37,2,1,27,10, athletic ,53286,581,36,47.0,27.0,550.0,612.0,Yes,3,saccade,0.636543985987879,0.00369252856558615
37,2,1,27,10, athletic ,53347,602,33,47.0,27.0,550.0,612.0,Yes,3,saccade,0.34775743337043324,-0.004734205780613864
37,2,1,27,11, training. ,53380,620,31,47.0,27.0,612.0,680.0,Yes,3,saccade,0.5488112204931768,0.0060925390037195005
37,2,1,27,11, training. ,53431,644,29,47.0,27.0,612.0,680.0,Yes,3,saccade,0.4722193952467567,-0.0015018004950278442
37,2,1,27,11, training. ,53494,667,29,47.0,27.0,612.0,680.0,Yes,3,saccade,0.36507936507936506,-0.0017006353994824073
37,2,1,27,11, training. ,53529,673,29,47.0,27.0,612.0,680.0,Yes,3,saccade,0.17142857142857143,-0.005532879818594104
37,2,1,27,12, As ,53581,684,31,47.0,27.0,680.0,706.0,Yes,3,saccade,0.21500653629805672,0.0008380377859516402
37,2,1,27,12, As ,53648,694,31,47.0,27.0,680.0,706.0,Yes,3,sliding,0.14925373134328357,-0.0009813851485787038
37,2,1,27,12, As ,53669,698,31,47.0,27.0,680.0,706.0,Yes,3,saccade,0.19047619047619047,0.0019629742444241378
37,2,1,27,13, with ,53733,711,31,47.0,27.0,706.0,738.0,Yes,3,saccade,0.203125,0.00019763764880952397
37,2,1,27,13, with ,53796,715,33,47.0,27.0,706.0,738.0,Yes,3,fixation,0.07098628499999332,-0.0020974399206350265
37,2,1,27,13, with ,53824,715,33,47.0,27.0,706.0,738.0,Yes,3,fixation,0.0,-0.002535224464285476
37,2,1,27,12, As ,53887,693,40,47.0,27.0,680.0,706.0,Yes,3,saccade,0.36645702795603796,0.005816778221524412
37,2,1,27,-1,,53942,504,53,,,,,Yes,3,saccade,3.4444829524788414,0.055964107718596424
37,2,1,27,5," striking, ",53975,364,47,47.0,27.0,317.0,384.0,Yes,3,saccade,4.2463185589341474,0.02429804868046382
37,2,1,27,3, even ,54032,258,34,47.0,27.0,226.0,270.0,Yes,3,saccade,1.8735823613819333,-0.041626950834249374
37,2,1,27,2, but ,54089,203,35,47.0,27.0,196.0,226.0,Yes,3,saccade,0.965071757156145,-0.015938782530276988
37,2,1,27,1," similar, ",54125,185,41,47.0,27.0,135.0,196.0,Yes,3,saccade,0.5270462766947299,-0.01216737445726153
37,2,1,27,-1,,54180,170,51,,,,,Yes,3,saccade,0.3277773886785445,-0.0036230706912033714
37,2,1,27,14, rehearsing ,54240,165,66,87.0,67.0,94.0,184.0,Yes,3,saccade,0.26352313834736496,-0.0010709041721863257
37,2,1,27,14, rehearsing ,54271,163,74,87.0,67.0,94.0,184.0,Yes,3,saccade,0.2660068145559781,8.011858737461667e-05
37,2,1,27,14, rehearsing ,54332,163,80,87.0,67.0,94.0,184.0,Yes,3,fixation,0.09836065573770492,-0.002748297685545462
37,2,1,27,14, rehearsing ,54390,162,82,87.0,67.0,94.0,184.0,Yes,3,fixation,0.03855289616378948,-0.0010311682685157835
37,2,1,27,14, rehearsing ,54423,162,83,87.0,67.0,94.0,184.0,Yes,3,fixation,0.030303030303030304,-0.00024999593517452043
37,2,1,27,14, rehearsing ,54491,162,84,87.0,67.0,94.0,184.0,Yes,3,fixation,0.014705882352941176,-0.00022936982279542835
37,2,1,27,14, rehearsing ,54542,162,84,87.0,67.0,94.0,184.0,Yes,3,fixation,0.0,-0.0002883506343713956
37,2,1,27,14, rehearsing ,54576,162,84,87.0,67.0,94.0,184.0,Yes,3,fixation,0.0,0.0
37,2,1,27,14, rehearsing ,54635,162,84,87.0,67.0,94.0,184.0,Yes,3,fixation,0.0,0.0
37,2,1,27,14, rehearsing ,54696,162,84,87.0,67.0,94.0,184.0,Yes,3,fixation,0.0,0.0
37,2,1,27,14, rehearsing ,54733,162,84,87.0,67.0,94.0,184.0,Yes,3,fixation,0.0,0.0
37,2,1,27,14, rehearsing ,54780,164,84,87.0,67.0,94.0,184.0,Yes,3,fixation,0.0425531914893617,0.0009053870529651426
37,2,1,27,16, piece ,54848,201,79,87.0,67.0,199.0,247.0,Yes,3,saccade,0.5490633736057198,0.007448679148769973
37,2,1,27,16, piece ,54874,207,79,87.0,67.0,199.0,247.0,Yes,3,saccade,0.23076923076923078,-0.012242082416788038
37,2,1,27,16, piece ,54942,215,79,87.0,67.0,199.0,247.0,Yes,3,sliding,0.11764705882352941,-0.0016635613521426673
37,2,1,27,16, piece ,54992,220,79,87.0,67.0,199.0,247.0,Yes,3,sliding,0.1,-0.0003529411764705881
37,2,1,27,16, piece ,55025,222,79,87.0,67.0,199.0,247.0,Yes,3,fixation,0.06060606060606061,-0.0011937557392102847
37,2,1,27,16, piece ,55081,230,79,87.0,67.0,199.0,247.0,Yes,3,sliding,0.14285714285714285,0.0014687693259121829
37,2,1,27,16, piece ,55147,239,80,87.0,67.0,199.0,247.0,Yes,3,sliding,0.1372028051232942,-8.567178384619178e-05
37,2,1,27,16, piece ,55181,243,80,87.0,67.0,199.0,247.0,Yes,3,sliding,0.11764705882352941,-0.0005751690088166112
37,2,1,27,17, on ,55231,251,80,87.0,67.0,248.0,273.0,Yes,3,saccade,0.16,0.0008470588235294119
37,2,1,27,18, the ,55295,275,80,87.0,67.0,273.0,303.0,Yes,3,saccade,0.375,0.003359375
37,2,1,27,18, the ,55320,292,82,87.0,67.0,273.0,303.0,Yes,3,saccade,0.6846897107449476,0.012387588429797902
37,2,1,27,19," piano, ",55381,317,84,87.0,67.0,303.0,357.0,Yes,3,saccade,0.4111454493109657,-0.00448433215465544
37,2,1,27,19," piano, ",55446,322,84,87.0,67.0,303.0,357.0,Yes,3,fixation,0.07692307692307693,-0.005141882652121366
37,2,1,27,19," piano, ",55479,322,84,87.0,67.0,303.0,357.0,Yes,3,fixation,0.0,-0.002331002331002331
37,2,1,27,19," piano, ",55532,322,84,87.0,67.0,303.0,357.0,Yes,3,fixation,0.0,0.0
37,2,1,27,19," piano, ",55601,322,84,87.0,67.0,303.0,357.0,Yes,3,fixation,0.0,0.0
37,2,1,27,19," piano, ",55627,322,84,87.0,67.0,303.0,357.0,Yes,3,fixation,0.0,0.0
37,2,1,27,19," piano, ",55686,325,85,87.0,67.0,303.0,357.0,Yes,3,fixation,0.053597926443531854,0.0009084394312463026
37,2,1,27,19," piano, ",55742,352,85,87.0,67.0,303.0,357.0,Yes,3,saccade,0.48214285714285715,0.0076525880482022374
37,2,1,27,20, practicing ,55771,371,86,87.0,67.0,357.0,439.0,Yes,3,saccade,0.6560792272565671,0.005997805865989998
37,2,1,27,20, practicing ,55856,400,88,87.0,67.0,357.0,439.0,Yes,3,saccade,0.3419868671470267,-0.003695204236582828
37,2,1,27,20, practicing ,55901,405,88,87.0,67.0,357.0,439.0,Yes,3,sliding,0.1111111111111111,-0.00513057235635368
37,2,1,27,20, practicing ,55920,407,88,87.0,67.0,357.0,439.0,Yes,3,sliding,0.10526315789473684,-0.0003077870113881194
37,2,1,27,20, practicing ,55983,415,88,87.0,67.0,357.0,439.0,Yes,3,sliding,0.12698412698412698,0.0003447772871331768
37,2,1,27,20, practicing ,56039,419,88,87.0,67.0,357.0,439.0,Yes,3,fixation,0.07142857142857142,-0.000992063492063492
37,2,1,27,20, practicing ,56072,421,88,87.0,67.0,357.0,439.0,Yes,3,fixation,0.06060606060606061,-0.00032795487340941867
37,2,1,27,20, practicing ,56134,425,86,87.0,67.0,357.0,439.0,Yes,3,fixation,0.07213122508063838,0.00018588974958996403
37,2,1,27,20, practicing ,56191,430,84,87.0,67.0,357.0,439.0,Yes,3,fixation,0.09447657556376322,0.0003920236926864008
37,2,1,27,20, practicing ,56224,435,83,87.0,67.0,357.0,439.0,Yes,3,saccade,0.154515742836145,0.0018193687052236902
37,2,1,27,21, a ,56283,443,80,87.0,67.0,439.0,454.0,Yes,3,sliding,0.14481362280199203,-0.00016444271244327063
37,2,1,27,21, a ,56342,452,79,87.0,67.0,439.0,454.0,Yes,3,saccade,0.15348110403622742,0.00014690646159720992
37,2,1,27,22, complex ,56375,465,78,87.0,67.0,454.0,526.0,Yes,3,saccade,0.3951031760728878,0.007321880970807891
37,2,1,27,22, complex ,56433,481,78,87.0,67.0,454.0,526.0,Yes,3,saccade,0.27586206896551724,-0.0020558811570236305
37,2,1,27,22, complex ,56499,485,78,87.0,67.0,454.0,526.0,Yes,3,fixation,0.06060606060606061,-0.0032614546721129794
37,2,1,27,22, complex ,56532,486,78,87.0,67.0,454.0,526.0,Yes,3,fixation,0.030303030303030304,-0.0009182736455463728
37,2,1,27,22, complex ,56582,486,78,87.0,67.0,454.0,526.0,Yes,3,fixation,0.0,-0.0006060606060606061
37,2,1,27,22, complex ,56642,486,78,87.0,67.0,454.0,526.0,Yes,3,fixation,0.0,0.0
37,2,1,27,22, complex ,56683,486,78,87.0,67.0,454.0,526.0,Yes,3,fixation,0.0,0.0
37,2,1,27,22, complex ,56736,486,78,87.0,67.0,454.0,526.0,Yes,3,fixation,0.0,0.0
37,2,1,27,22, complex ,56796,486,78,87.0,67.0,454.0,526.0,Yes,3,fixation,0.0,0.0
37,2,1,27,22, complex ,56829,486,78,87.0,67.0,454.0,526.0,Yes,3,fixation,0.0,0.0
37,2,1,27,22, complex ,56884,504,78,87.0,67.0,454.0,526.0,Yes,3,saccade,0.32727272727272727,0.0059504132231404955
37,2,1,27,23, physical ,56941,527,77,87.0,67.0,526.0,596.0,Yes,3,saccade,0.4038899801130294,0.0013441623305316163
37,2,1,27,23, physical ,56969,539,76,87.0,67.0,526.0,596.0,Yes,3,saccade,0.430056949242582,0.0009345346117697348
37,2,1,27,23, physical ,57037,561,75,87.0,67.0,526.0,596.0,Yes,3,saccade,0.32386346390507703,-0.0015616689020221315
37,2,1,27,23, physical ,57105,580,75,87.0,67.0,526.0,596.0,Yes,3,saccade,0.27941176470588236,-0.0006537014588116864
37,2,1,27,23, physical ,57122,582,75,87.0,67.0,526.0,596.0,Yes,3,sliding,0.11764705882352941,-0.009515570934256055
37,2,1,27,23, physical ,57184,591,75,87.0,67.0,526.0,596.0,Yes,3,sliding,0.14516129032258066,0.00044377792740405233
37,2,1,27,24, task ,57241,598,75,87.0,67.0,596.0,634.0,Yes,3,sliding,0.12280701754385964,-0.00039218022418808796
37,2,1,27,24, task ,57281,610,75,87.0,67.0,596.0,634.0,Yes,3,saccade,0.3,0.0044298245614035085
37,2,1,27,24, task ,57331,625,76,87.0,67.0,596.0,634.0,Yes,3,saccade,0.30066592756745814,1.3318551349162933e-05
37,2,1,27,25, in ,57399,647,77,87.0,67.0,634.0,653.0,Yes,3,saccade,0.32386346390507703,0.00034114024025910144
37,2,1,27,26, the ,57432,654,78,87.0,67.0,653.0,683.0,Yes,3,saccade,0.21427478217774168,-0.0033208691432525866
37,2,1,27,26, the ,57482,666,79,87.0,67.0,653.0,683.0,Yes,3,saccade,0.24083189157584592,0.0005311421879620848
37,2,1,27,26, the ,57540,675,79,87.0,67.0,653.0,683.0,Yes,3,saccade,0.15517241379310345,-0.0014768875479783184
37,2,1,27,26, the ,57573,680,80,87.0,67.0,653.0,683.0,Yes,3,saccade,0.154515742836145,-1.989911990783197e-05
37,2,1,27,27, mind ,57633,698,80,87.0,67.0,683.0,722.0,Yes,3,saccade,0.3,0.0024247376193975833
37,2,1,27,27, mind ,57689,702,80,87.0,67.0,683.0,722.0,Yes,3,fixation,0.07142857142857142,-0.004081632653061224
37,2,1,27,27, mind ,57728,703,80,87.0,67.0,683.0,722.0,Yes,3,fixation,0.02564102564102564,-0.001174039635578097
37,2,1,27,27, mind ,57782,703,80,87.0,67.0,683.0,722.0,Yes,3,fixation,0.0,-0.00047483380816714147
37,2,1,27,26, the ,57847,670,82,87.0,67.0,653.0,683.0,Yes,3,saccade,0.5086238539943551,0.007824982369143923
37,2,1,27,24, task ,57871,617,85,87.0,67.0,596.0,634.0,Yes,3,saccade,2.2118682399978327,0.07096851608347823
37,2,1,27,34, learning ,57932,366,115,127.0,107.0,326.0,395.0,Yes,3,saccade,4.144040510770207,0.031674955258563516
37,2,1,27,32, effective ,57989,303,127,127.0,107.0,239.0,311.0,Yes,3,saccade,1.1251346487595764,-0.05296326073702861
37,2,1,27,32, effective ,58024,280,129,127.0,107.0,239.0,311.0,Yes,3,saccade,0.6596226503208683,-0.013300342812534515
37,2,1,27,-1,,58084,225,133,,,,,Yes,3,saccade,0.9190877119308158,0.004324417693499126
37,2,1,27,-1,,58145,194,135,,,,,Yes,3,saccade,0.5092532644921005,-0.0067185974989953335
37,2,1,27,-1,,58183,170,138,,,,,Yes,3,saccade,0.6364940327604117,0.003348441270218716
37,2,1,27,-1,,58234,163,141,,,,,Yes,3,sliding,0.1493288844287041,-0.00955225781042564
37,2,1,27,-1,,58290,160,143,,,,,Yes,3,fixation,0.06438484420471409,-0.0015168578611426786
37,2,1,27,-1,,58324,159,143,,,,,Yes,3,fixation,0.029411764705882353,-0.001028619985259757
37,2,1,27,-1,,58384,155,140,,,,,Yes,3,fixation,0.08333333333333333,0.0008986928104575163
37,2,1,27,-1,,58448,155,140,,,,,Yes,3,fixation,0.0,-0.0013020833333333333
37,2,1,27,-1,,58478,155,140,,,,,Yes,3,fixation,0.0,0.0
37,2,1,27,-1,,58531,155,140,,,,,Yes,3,fixation,0.0,0.0
37,2,1,27,-1,,58591,155,140,,,,,Yes,3,fixation,0.0,0.0
37,2,1,27,-1,,58625,155,140,,,,,Yes,3,fixation,0.0,0.0
37,2,1,27,-1,,58686,153,140,,,,,Yes,3,fixation,0.03278688524590164,0.0005374899220639614
37,2,1,27,28, alone ,58751,122,127,127.0,107.0,94.0,143.0,Yes,3,saccade,0.5171611173529727,0.007451911263185708
37,2,1,27,28, alone ,58770,117,124,127.0,107.0,94.0,143.0,Yes,3,saccade,0.30689220499185793,-0.011066784861111302
37,2,1,27,-1,,58832,91,118,,,,,Yes,3,saccade,0.43037626013310754,0.0019916783087298323
37,2,1,27,-1,,58895,89,118,,,,,Yes,3,fixation,0.031746031746031744,-0.006327463942651997
37,2,1,27,-1,,58922,88,118,,,,,Yes,3,fixation,0.037037037037037035,0.0001959631589261219
37,2,1,27,-1,,58994,88,118,,,,,Yes,3,fixation,0.0,-0.0005144032921810699
37,2,1,27,-1,,59047,88,117,,,,,Yes,3,fixation,0.018867924528301886,0.00035599857600569594
37,2,1,27,-1,,59069,91,117,,,,,Yes,3,sliding,0.13636363636363635,0.005340714174333385
37,2,1,27,28, alone ,59131,118,116,127.0,107.0,94.0,143.0,Yes,3,saccade,0.43578245439052565,0.004829335774627247
37,2,1,27,28, alone ,59196,133,116,127.0,107.0,94.0,143.0,Yes,3,saccade,0.23076923076923078,-0.0031540495941737674
37,2,1,27,28, alone ,59227,138,116,127.0,107.0,94.0,143.0,Yes,3,saccade,0.16129032258064516,-0.0022412551028576006
37,2,1,27,29, is ,59281,149,116,127.0,107.0,143.0,161.0,Yes,3,saccade,0.2037037037037037,0.0007854329837603432
37,2,1,27,29, is ,59349,156,116,127.0,107.0,143.0,161.0,Yes,3,sliding,0.10294117647058823,-0.0014818018710752274
37,2,1,27,29, is ,59381,157,116,127.0,107.0,143.0,161.0,Yes,3,fixation,0.03125,-0.002240349264705882
37,2,1,27,29, is ,59431,160,116,127.0,107.0,143.0,161.0,Yes,3,fixation,0.06,0.000575
37,2,1,27,30, nearly ,59499,207,121,127.0,107.0,161.0,215.0,Yes,3,saccade,0.6950766057703808,0.009339361849564423
37,2,1,27,31, as ,59532,227,124,127.0,107.0,215.0,239.0,Yes,3,saccade,0.6128408610956572,-0.0024919922628704122
37,2,1,27,32, effective ,59582,250,127,127.0,107.0,239.0,311.0,Yes,3,saccade,0.46389654018972803,-0.0029788864181185828
37,2,1,27,32, effective ,59647,256,129,127.0,107.0,239.0,311.0,Yes,3,fixation,0.09730085108210398,-0.005639933678578832
37,2,1,27,32, effective ,59680,256,129,127.0,107.0,239.0,311.0,Yes,3,fixation,0.0,-0.0029485106388516358
37,2,1,27,32, effective ,59730,256,129,127.0,107.0,239.0,311.0,Yes,3,fixation,0.0,0.0
37,2,1,27,32, effective ,59795,256,129,127.0,107.0,239.0,311.0,Yes,3,fixation,0.0,0.0
37,2,1,27,32, effective ,59828,256,129,127.0,107.0,239.0,311.0,Yes,3,fixation,0.0,0.0
37,2,1,27,32, effective ,59881,257,129,127.0,107.0,239.0,311.0,Yes,3,fixation,0.018867924528301886,0.00035599857600569594
37,2,1,27,32, effective ,59945,272,126,127.0,107.0,239.0,311.0,Yes,3,saccade,0.2390165396996618,0.0034398221120524987
37,2,1,27,32, effective ,59971,292,121,127.0,107.0,239.0,311.0,Yes,3,saccade,0.7929049280033963,0.021303399550143633
37,2,1,27,34, learning ,60032,326,116,127.0,107.0,326.0,395.0,Yes,3,saccade,0.5633718123750683,-0.003762837961120131
37,2,1,27,34, learning ,60098,335,114,127.0,107.0,326.0,395.0,Yes,3,sliding,0.13969006753474073,-0.006419420376368599
37,2,1,27,34, learning ,60128,336,114,127.0,107.0,326.0,395.0,Yes,3,fixation,0.03333333333333333,-0.0035452244733802465
37,2,1,27,34, learning ,60181,344,112,127.0,107.0,326.0,395.0,Yes,3,saccade,0.1555888915327419,0.00230670864527186
37,2,1,27,34, learning ,60245,347,112,127.0,107.0,326.0,395.0,Yes,3,fixation,0.046875,-0.0016986545551990924
37,2,1,27,34, learning ,60277,350,112,127.0,107.0,326.0,395.0,Yes,3,fixation,0.09375,0.00146484375
37,2,1,27,34, learning ,60331,358,114,127.0,107.0,326.0,395.0,Yes,3,saccade,0.15270761576361705,0.0010918076993262416
37,2,1,27,34, learning ,60398,367,116,127.0,107.0,326.0,395.0,Yes,3,sliding,0.13760514115362518,-0.00022541006880584877
37,2,1,27,34, learning ,60429,369,116,127.0,107.0,326.0,395.0,Yes,3,fixation,0.06451612903225806,-0.0023577100684311976
37,2,1,27,34, learning ,60481,386,117,127.0,107.0,326.0,395.0,Yes,3,saccade,0.3274881993447385,0.005057155198316931
37,2,1,27,35, strategy ,60547,409,119,127.0,107.0,395.0,464.0,Yes,3,saccade,0.3497998903216726,0.0003380559238929407
37,2,1,27,35, strategy ,60580,411,119,127.0,107.0,395.0,464.0,Yes,3,fixation,0.06060606060606061,-0.008763449385321575
37,2,1,27,35, strategy ,60644,411,119,127.0,107.0,395.0,464.0,Yes,3,fixation,0.0,-0.000946969696969697
37,2,1,27,35, strategy ,60696,411,119,127.0,107.0,395.0,464.0,Yes,3,fixation,0.0,0.0
37,2,1,27,35, strategy ,60730,411,119,127.0,107.0,395.0,464.0,Yes,3,fixation,0.0,0.0
37,2,1,27,35, strategy ,60795,411,119,127.0,107.0,395.0,464.0,Yes,3,fixation,0.0,0.0
37,2,1,27,35, strategy ,60845,411,119,127.0,107.0,395.0,464.0,Yes,3,fixation,0.0,0.0
37,2,1,27,35, strategy ,60870,411,119,127.0,107.0,395.0,464.0,Yes,3,fixation,0.0,0.0
37,2,1,27,35, strategy ,60930,447,113,127.0,107.0,395.0,464.0,Yes,3,saccade,0.6082762530298219,0.010137937550497031
37,2,1,27,37, actually ,60990,490,113,127.0,107.0,488.0,554.0,Yes,3,saccade,0.7166666666666667,0.0018065068939474127
37,2,1,27,37, actually ,61019,510,113,127.0,107.0,488.0,554.0,Yes,3,saccade,0.6896551724137931,-0.0009314308363059836
37,2,1,27,37, actually ,61080,529,112,127.0,107.0,488.0,554.0,Yes,3,saccade,0.3119065178760729,-0.006192600894060988
37,2,1,27,37, actually ,61143,535,112,127.0,107.0,488.0,554.0,Yes,3,fixation,0.09523809523809523,-0.0034391813117139306
37,2,1,27,37, actually ,61169,537,111,127.0,107.0,488.0,554.0,Yes,3,fixation,0.08600261451922268,-0.00035521079687971343
37,2,1,27,37, actually ,61230,542,110,127.0,107.0,488.0,554.0,Yes,3,fixation,0.08359048382938991,-3.954312606283234e-05
37,2,1,27,38, physically ,61298,564,108,127.0,107.0,554.0,637.0,Yes,3,saccade,0.3248635593290371,0.0035481334632301055
37,2,1,27,38, physically ,61320,575,107,127.0,107.0,554.0,637.0,Yes,3,saccade,0.5020618644176028,0.008054468413116623
37,2,1,27,38, physically ,61380,608,106,127.0,107.0,554.0,637.0,Yes,3,saccade,0.5502524673073059,0.0008031767148283852
37,2,1,27,38, physically ,61441,623,106,127.0,107.0,554.0,637.0,Yes,3,saccade,0.2459016393442623,-0.004989357835459732
37,2,1,27,38, physically ,61470,632,106,127.0,107.0,554.0,637.0,Yes,3,saccade,0.3103448275862069,0.002222178904894642
37,2,1,27,39, doing ,61530,649,106,127.0,107.0,637.0,686.0,Yes,3,saccade,0.2833333333333333,-0.0004501915708812263
37,2,1,27,39, doing ,61592,664,107,127.0,107.0,637.0,686.0,Yes,3,saccade,0.24247252223182109,-0.0006590453403469717
37,2,1,27,39, doing ,61619,670,109,127.0,107.0,637.0,686.0,Yes,3,saccade,0.23424278964210218,-0.00030480491073032974
37,2,1,27,39, doing ,61680,676,111,127.0,107.0,637.0,686.0,Yes,3,sliding,0.103681234759619,-0.0021403533587292323
37,2,1,27,39, doing ,61739,680,114,127.0,107.0,637.0,686.0,Yes,3,fixation,0.0847457627118644,-0.0003209402041992305
37,2,1,27,39, doing ,61769,681,115,127.0,107.0,637.0,686.0,Yes,3,fixation,0.047140452079103175,-0.0012535103544253742
37,2,1,27,39, doing ,61834,685,118,127.0,107.0,637.0,686.0,Yes,3,fixation,0.07692307692307693,0.000458194228368827
37,2,1,27,40, it. ,61899,687,120,127.0,107.0,686.0,705.0,Yes,3,fixation,0.0435142634576337,-0.0005139817456222035
37,2,1,27,40, it. ,61925,687,121,127.0,107.0,686.0,705.0,Yes,3,fixation,0.038461538461538464,-0.00019433557677289368
37,2,1,27,40, it. ,61984,687,121,127.0,107.0,686.0,705.0,Yes,3,fixation,0.0,-0.0006518904823989571
37,2,1,27,40, it. ,62044,687,122,127.0,107.0,686.0,705.0,Yes,3,fixation,0.016666666666666666,0.0002777777777777778
37,2,1,27,40, it. ,62076,687,122,127.0,107.0,686.0,705.0,Yes,3,fixation,0.0,-0.0005208333333333333
37,2,1,27,40, it. ,62138,689,122,127.0,107.0,686.0,705.0,Yes,3,fixation,0.03225806451612903,0.0005202913631633714
37,2,1,27,40, it. ,62202,701,120,127.0,107.0,686.0,705.0,Yes,3,saccade,0.19008632907181935,0.0024660666336826613
37,2,1,27,40, it. ,62219,703,120,127.0,107.0,686.0,705.0,Yes,3,sliding,0.11764705882352941,-0.004261133544017056
37,2,1,27,41, But ,62285,716,119,127.0,107.0,705.0,737.0,Yes,3,saccade,0.1975515880364439,0.001210674685044159
37,2,1,27,41, But ,62351,725,119,127.0,107.0,705.0,737.0,Yes,3,sliding,0.13636363636363635,-0.0009270901768607205
37,2,1,27,41, But ,62378,726,119,127.0,107.0,705.0,737.0,Yes,3,fixation,0.037037037037037035,-0.003678762938022197
37,2,1,27,41, But ,62434,726,119,127.0,107.0,705.0,737.0,Yes,3,fixation,0.0,-0.0006613756613756613
37,2,1,27,-1,,62495,697,138,,,,,Yes,3,saccade,0.5683585515855644,0.009317353304681383
37,2,1,27,-1,,62524,574,164,,,,,Yes,3,saccade,4.335101319263007,0.12988768164404976
37,2,1,27,-1,,62581,255,176,,,,,Yes,3,saccade,5.600449570838604,0.022199092132905215
37,2,1,27,-1,,62647,117,180,,,,,Yes,3,saccade,2.0917872552027053,-0.05316155023690756
37,2,1,27,-1,,62677,109,180,,,,,Yes,3,saccade,0.26666666666666666,-0.06083735295120129
37,2,1,27,-1,,62732,92,183,,,,,Yes,3,saccade,0.31386684548421945,0.0008581850694100506
37,2,1,27,-1,,62797,83,185,,,,,Yes,3,sliding,0.14183914549681365,-0.002646579999806243
37,2,1,27,-1,,62826,81,185,,,,,Yes,3,fixation,0.06896551724137931,-0.0025128837329460117
37,2,1,27,-1,,62881,77,184,,,,,Yes,3,fixation,0.07496555682941201,0.0001090916288733219
37,2,1,27,-1,,62947,83,167,,,,,Yes,3,saccade,0.27314782389878706,0.003002761622263258
37,2,1,27,43, doesn’t ,62981,95,161,167.0,147.0,94.0,157.0,Yes,3,saccade,0.3946002313234923,0.0035721296301383897
37,2,1,27,43, doesn’t ,63032,120,160,167.0,147.0,94.0,157.0,Yes,3,saccade,0.4905880785567374,0.0018821146516322569
37,2,1,27,43, doesn’t ,63095,130,160,167.0,147.0,94.0,157.0,Yes,3,saccade,0.15873015873015872,-0.005267586028993312
37,2,1,27,43, doesn’t ,63131,136,160,167.0,147.0,94.0,157.0,Yes,3,saccade,0.16666666666666666,0.0002204585537918871
37,2,1,27,43, doesn’t ,63182,146,159,167.0,147.0,94.0,157.0,Yes,3,saccade,0.19705638472786058,0.0005958768247292925
37,2,1,27,43, doesn’t ,63247,150,159,167.0,147.0,94.0,157.0,Yes,3,fixation,0.06153846153846154,-0.0020848911259907545
37,2,1,27,43, doesn’t ,63280,150,159,167.0,147.0,94.0,157.0,Yes,3,fixation,0.0,-0.0018648018648018648
37,2,1,27,43, doesn’t ,63331,152,159,167.0,147.0,94.0,157.0,Yes,3,fixation,0.0392156862745098,0.0007689350249903883
37,2,1,27,44, stop ,63394,165,159,167.0,147.0,157.0,196.0,Yes,3,saccade,0.20634920634920634,0.002652913017058675
37,2,1,27,44, stop ,63426,178,160,167.0,147.0,157.0,196.0,Yes,3,saccade,0.40745015032516557,0.006284404499248726
37,2,1,27,44, stop ,63481,191,161,167.0,147.0,157.0,196.0,Yes,3,saccade,0.2370619056437327,-0.003097968085116961
37,2,1,27,45, there. ,63544,206,163,167.0,147.0,196.0,242.0,Yes,3,saccade,0.24020231667335804,4.9847794121037136e-05
37,2,1,27,45, there. ,63577,218,168,167.0,147.0,196.0,242.0,Yes,3,saccade,0.3939393939393939,0.0046586993110919964
37,2,1,27,-1,,63631,266,183,,,,,Yes,3,saccade,0.931280811902234,0.009950766999311854
37,2,1,28,2, was ,718,143,35,47.0,27.0,137.0,174.0,No,17,fixation,0.0,0.0
37,2,1,28,2, was ,779,141,38,47.0,27.0,137.0,174.0,No,17,fixation,0.05910739795842605,0.0009689737370233779
37,2,1,28,2, was ,812,139,39,47.0,27.0,137.0,174.0,No,17,fixation,0.06775963568181181,0.00026218902192078064
37,2,1,28,1, bill ,878,132,43,47.0,27.0,110.0,137.0,No,17,sliding,0.1221554204287659,0.0008241785567720315
37,2,1,28,1, bill ,929,128,45,47.0,27.0,110.0,137.0,No,17,fixation,0.08768894029410941,-0.0006758133359736566
37,2,1,28,1, bill ,959,126,46,47.0,27.0,110.0,137.0,No,17,fixation,0.07453559924999299,-0.00043844470147054725
37,2,1,28,1, bill ,1025,120,46,47.0,27.0,110.0,137.0,No,17,fixation,0.09090909090909091,0.0002480832069560291
37,2,1,28,1, bill ,1080,118,46,47.0,27.0,110.0,137.0,No,17,fixation,0.03636363636363636,-0.0009917355371900827
37,2,1,28,1, bill ,1109,118,46,47.0,27.0,110.0,137.0,No,17,fixation,0.0,-0.0012539184952978055
37,2,1,28,1, bill ,1176,117,46,47.0,27.0,110.0,137.0,No,17,fixation,0.014925373134328358,0.0002227667631989307
37,2,1,28,1, bill ,1228,116,46,47.0,27.0,110.0,137.0,No,17,fixation,0.019230769230769232,8.279607877770911e-05
37,2,1,28,1, bill ,1258,115,46,47.0,27.0,110.0,137.0,No,17,fixation,0.03333333333333333,0.00047008547008547003
37,2,1,28,0, A ,1318,100,42,47.0,27.0,94.0,110.0,No,17,saccade,0.25873624493766706,0.0037567151934055623
37,2,1,28,0, A ,1384,96,42,47.0,27.0,94.0,110.0,No,17,fixation,0.06060606060606061,-0.003001972489872825
37,2,1,28,0, A ,1416,96,42,47.0,27.0,94.0,110.0,No,17,fixation,0.0,-0.001893939393939394
37,2,1,28,0, A ,1470,96,42,47.0,27.0,94.0,110.0,No,17,fixation,0.0,0.0
37,2,1,28,0, A ,1529,97,41,47.0,27.0,94.0,110.0,No,17,fixation,0.023969721396154154,0.00040626646434159584
37,2,1,28,0, A ,1569,101,41,47.0,27.0,94.0,110.0,No,17,sliding,0.1,0.0019007569650961464
37,2,1,28,1, bill ,1621,111,44,47.0,27.0,110.0,137.0,No,17,saccade,0.20077512517135673,0.0019379831763722448
37,2,1,28,1, bill ,1684,116,46,47.0,27.0,110.0,137.0,No,17,fixation,0.08547880646245244,-0.0018301002969667347
37,2,1,28,1, bill ,1708,117,46,47.0,27.0,110.0,137.0,No,17,fixation,0.041666666666666664,-0.0018255058248244074
37,2,1,28,1, bill ,1770,120,47,47.0,27.0,110.0,137.0,No,17,fixation,0.05100447838981257,0.00015060986650235333
37,2,1,28,1, bill ,1829,123,47,47.0,27.0,110.0,137.0,No,17,fixation,0.05084745762711865,-2.6613688592190286e-06
37,2,1,28,1, bill ,1859,132,49,47.0,27.0,110.0,137.0,No,17,saccade,0.3073181485764296,0.0085490230316437
37,2,1,28,2, was ,1918,141,49,47.0,27.0,137.0,174.0,No,17,saccade,0.15254237288135594,-0.0026233182321198922
37,2,1,28,2, was ,1980,144,49,47.0,27.0,137.0,174.0,No,17,fixation,0.04838709677419355,-0.0016799238081800386
37,2,1,28,2, was ,2015,145,49,47.0,27.0,137.0,174.0,No,17,fixation,0.02857142857142857,-0.0005661619486504279
37,2,1,28,2, was ,2068,147,49,47.0,27.0,137.0,174.0,No,17,fixation,0.03773584905660377,0.00017291359405990946
37,2,1,28,2, was ,2131,157,47,47.0,27.0,137.0,174.0,No,17,saccade,0.16187363535215188,0.0019704410523102875
37,2,1,28,2, was ,2165,166,46,47.0,27.0,137.0,174.0,No,17,saccade,0.2663348570040417,0.0030723888721144064
37,2,1,28,3, drafted ,2217,175,45,47.0,27.0,174.0,235.0,No,17,saccade,0.17414202188725803,-0.0017729391368612245
37,2,1,28,3, drafted ,2281,181,44,47.0,27.0,174.0,235.0,No,17,fixation,0.09504316453590968,-0.001235919646114818
37,2,1,28,3, drafted ,2315,187,43,47.0,27.0,174.0,235.0,No,17,saccade,0.1789047803028888,0.0024665181107935037
37,2,1,28,3, drafted ,2370,194,43,47.0,27.0,174.0,235.0,No,17,sliding,0.12727272727272726,-0.0009387646005483919
37,2,1,28,3, drafted ,2431,202,43,47.0,27.0,174.0,235.0,No,17,sliding,0.13114754098360656,6.352153624392302e-05
37,2,1,28,3, drafted ,2464,206,43,47.0,27.0,174.0,235.0,No,17,sliding,0.12121212121212122,-0.0003010733264086469
37,2,1,28,3, drafted ,2521,212,44,47.0,27.0,174.0,235.0,No,17,sliding,0.10671513211049508,-0.0002543331421337919
37,2,1,28,3, drafted ,2581,217,44,47.0,27.0,174.0,235.0,No,17,fixation,0.08333333333333333,-0.0003896966462860291
37,2,1,28,3, drafted ,2614,221,44,47.0,27.0,174.0,235.0,No,17,sliding,0.12121212121212122,0.0011478420569329662
37,2,1,28,4, and ,2667,236,43,47.0,27.0,235.0,270.0,No,17,saccade,0.2836471014787341,0.0030648109484266587
37,2,1,28,4, and ,2728,257,43,47.0,27.0,235.0,270.0,No,17,saccade,0.3442622950819672,0.000993691698413657
37,2,1,28,5, introduced ,2758,272,43,47.0,27.0,271.0,360.0,No,17,saccade,0.5,0.005191256830601093
37,2,1,28,5, introduced ,2825,287,43,47.0,27.0,271.0,360.0,No,17,saccade,0.22388059701492538,-0.004121185119180219
37,2,1,28,5, introduced ,2892,287,43,47.0,27.0,271.0,360.0,No,17,fixation,0.0,-0.003341501447983961
37,2,1,28,5, introduced ,2910,287,43,47.0,27.0,271.0,360.0,No,17,fixation,0.0,0.0
37,2,1,28,5, introduced ,2970,287,43,47.0,27.0,271.0,360.0,No,17,fixation,0.0,0.0
37,2,1,28,5, introduced ,3040,287,43,47.0,27.0,271.0,360.0,No,17,fixation,0.0,0.0
37,2,1,28,5, introduced ,3065,287,43,47.0,27.0,271.0,360.0,No,17,fixation,0.0,0.0
37,2,1,28,5, introduced ,3125,287,43,47.0,27.0,271.0,360.0,No,17,fixation,0.0,0.0
37,2,1,28,5, introduced ,3185,301,43,47.0,27.0,271.0,360.0,No,17,saccade,0.23333333333333334,0.0038888888888888888
37,2,1,28,5, introduced ,3218,311,43,47.0,27.0,271.0,360.0,No,17,saccade,0.30303030303030304,0.0021120293847566576
37,2,1,28,5, introduced ,3269,325,43,47.0,27.0,271.0,360.0,No,17,saccade,0.27450980392156865,-0.0005592254727202821
37,2,1,28,5, introduced ,3328,338,43,47.0,27.0,271.0,360.0,No,17,saccade,0.22033898305084745,-0.0009181495062834101
37,2,1,28,5, introduced ,3361,351,43,47.0,27.0,271.0,360.0,No,17,saccade,0.3939393939393939,0.005260618511774135
37,2,1,28,6, into ,3422,360,43,47.0,27.0,360.0,394.0,No,17,sliding,0.14754098360655737,-0.004039318202177648
37,2,1,28,6, into ,3484,365,43,47.0,27.0,360.0,394.0,No,17,fixation,0.08064516129032258,-0.0010789648760683032
37,2,1,28,6, into ,3518,370,43,47.0,27.0,360.0,394.0,No,17,sliding,0.14705882352941177,0.001953343007032035
37,2,1,28,6, into ,3568,383,44,47.0,27.0,360.0,394.0,No,17,saccade,0.260768096208106,0.0022741854535738844
37,2,1,28,7, Parliament ,3635,395,44,47.0,27.0,394.0,485.0,No,17,saccade,0.1791044776119403,-0.0012188599790472492
37,2,1,28,7, Parliament ,3667,397,44,47.0,27.0,394.0,485.0,No,17,fixation,0.0625,-0.003643889925373134
37,2,1,28,7, Parliament ,3722,397,44,47.0,27.0,394.0,485.0,No,17,fixation,0.0,-0.0011363636363636363
37,2,1,28,7, Parliament ,3792,397,44,47.0,27.0,394.0,485.0,No,17,fixation,0.0,0.0
37,2,1,28,7, Parliament ,3809,397,44,47.0,27.0,394.0,485.0,No,17,fixation,0.0,0.0
37,2,1,28,7, Parliament ,3872,397,44,47.0,27.0,394.0,485.0,No,17,fixation,0.0,0.0
37,2,1,28,7, Parliament ,3939,397,44,47.0,27.0,394.0,485.0,No,17,fixation,0.0,0.0
37,2,1,28,7, Parliament ,3958,398,44,47.0,27.0,394.0,485.0,No,17,fixation,0.05263157894736842,0.002770083102493075
37,2,1,28,7, Parliament ,4018,402,44,47.0,27.0,394.0,485.0,No,17,fixation,0.06666666666666667,0.0002339181286549708
37,2,1,28,7, Parliament ,4085,414,44,47.0,27.0,394.0,485.0,No,17,saccade,0.1791044776119403,0.001678176282765278
37,2,1,28,7, Parliament ,4119,419,44,47.0,27.0,394.0,485.0,No,17,sliding,0.14705882352941177,-0.000942519237721427
37,2,1,28,7, Parliament ,4169,422,44,47.0,27.0,394.0,485.0,No,17,fixation,0.06,-0.0017411764705882354
37,2,1,28,7, Parliament ,4235,432,43,47.0,27.0,394.0,485.0,No,17,saccade,0.1522708427442559,0.001398043071882665
37,2,1,28,7, Parliament ,4264,438,42,47.0,27.0,394.0,485.0,No,17,saccade,0.20975043207924896,0.001982054804654933
37,2,1,28,7, Parliament ,4318,461,39,47.0,27.0,394.0,485.0,No,17,saccade,0.4295338335090075,0.004070062989439973
37,2,1,28,8, several ,4385,498,38,47.0,27.0,485.0,548.0,No,17,saccade,0.5524404633827387,0.0018344273115482267
37,2,1,28,8, several ,4419,518,38,47.0,27.0,485.0,548.0,No,17,saccade,0.5882352941176471,0.001052789139262012
37,2,1,28,8, several ,4472,534,39,47.0,27.0,485.0,548.0,No,17,saccade,0.3024758404128566,-0.005391687805750764
37,2,1,28,8, several ,4531,536,39,47.0,27.0,485.0,548.0,No,17,fixation,0.03389830508474576,-0.004552161615730691
37,2,1,28,8, several ,4565,536,39,47.0,27.0,485.0,548.0,No,17,fixation,0.0,-0.0009970089730807576
37,2,1,28,8, several ,4625,536,39,47.0,27.0,485.0,548.0,No,17,fixation,0.0,0.0
37,2,1,28,8, several ,4693,536,39,47.0,27.0,485.0,548.0,No,17,fixation,0.0,0.0
37,2,1,28,8, several ,4710,536,39,47.0,27.0,485.0,548.0,No,17,fixation,0.0,0.0
37,2,1,28,8, several ,4778,536,39,47.0,27.0,485.0,548.0,No,17,fixation,0.0,0.0
37,2,1,28,8, several ,4829,539,39,47.0,27.0,485.0,548.0,No,17,fixation,0.058823529411764705,0.0011534025374855825
37,2,1,28,8, several ,4862,547,37,47.0,27.0,485.0,548.0,No,17,saccade,0.24988518943137336,0.005789747273321474
37,2,1,28,9, times ,4919,575,34,47.0,27.0,548.0,596.0,No,17,saccade,0.4940395733448675,0.004283410244096388
37,2,1,28,10, but ,4980,604,33,47.0,27.0,596.0,626.0,No,17,saccade,0.47569239765727567,-0.0003007733719277346
37,2,1,28,10, but ,5018,624,33,47.0,27.0,596.0,626.0,No,17,saccade,0.5263157894736842,0.0013321945214844345
37,2,1,28,11, met ,5067,638,32,47.0,27.0,626.0,661.0,No,17,saccade,0.2864422213799632,-0.0048953789406881824
37,2,1,28,11, met ,5128,656,31,47.0,27.0,626.0,661.0,No,17,saccade,0.2955369897921303,0.00014909456413388612
37,2,1,28,12, with ,5164,672,31,47.0,27.0,661.0,698.0,No,17,saccade,0.4444444444444444,0.004136318184786504
37,2,1,28,12, with ,5219,686,33,47.0,27.0,661.0,698.0,No,17,saccade,0.25712973861329,-0.003405721924202807
37,2,1,28,13, great ,5280,700,34,47.0,27.0,698.0,739.0,No,17,saccade,0.2300929319281672,-0.00044322633910037404
37,2,1,28,13, great ,5314,706,36,47.0,27.0,698.0,739.0,No,17,saccade,0.18601633295108114,-0.0012963705581495904
37,2,1,28,13, great ,5378,711,36,47.0,27.0,698.0,739.0,No,17,fixation,0.078125,-0.0016858020773606428
37,2,1,28,13, great ,5428,717,39,47.0,27.0,698.0,739.0,No,17,sliding,0.1341640786499874,0.0011207815729997479
37,2,1,28,13, great ,5461,719,40,47.0,27.0,698.0,739.0,No,17,fixation,0.06775963568181181,-0.002012255847520472
37,2,1,28,13, great ,5526,719,41,47.0,27.0,698.0,739.0,No,17,fixation,0.015384615384615385,-0.0008057695430337912
37,2,1,28,-1,,5578,610,22,,,,,No,17,saccade,2.12776099783442,0.040622622739419315
37,2,1,28,-1,,5731,21,11,,,,,No,17,saccade,3.85034449355375,0.011258715658296276
37,2,1,28,-1,,5765,19,14,,,,,No,17,saccade,0.10604562574894086,-0.11012643728837673
37,2,1,28,-1,,5816,19,24,,,,,No,17,saccade,0.19607843137254902,0.0017653491298746699
37,2,1,28,-1,,5881,43,45,,,,,No,17,saccade,0.4906221144339069,0.004531441277867045
37,2,1,28,-1,,5910,57,53,,,,,No,17,saccade,0.5560177757447275,0.0022550228038214016
37,2,1,28,14," opposition, ",5967,99,66,87.0,67.0,94.0,186.0,No,17,saccade,0.7713315065607231,0.0037774338739648347
37,2,1,28,14," opposition, ",6031,119,71,87.0,67.0,94.0,186.0,No,17,saccade,0.32211762700137975,-0.00701896686811474
37,2,1,28,14," opposition, ",6059,121,73,87.0,67.0,94.0,186.0,No,17,sliding,0.10101525445522108,-0.007896513305219953
37,2,1,28,14," opposition, ",6118,137,81,87.0,67.0,94.0,186.0,No,17,saccade,0.3031956579660732,0.0034267865001839336
37,2,1,28,-1,,6181,154,90,,,,,No,17,saccade,0.30532355653446575,3.377616775226305e-05
37,2,1,28,-1,,6209,155,90,,,,,No,17,fixation,0.03571428571428571,-0.009628902529292145
37,2,1,28,-1,,6268,157,91,,,,,No,17,fixation,0.03789945724575915,3.70368056181938e-05
37,2,1,28,-1,,6329,159,91,,,,,No,17,fixation,0.03278688524590164,-8.381265573536895e-05
37,2,1,28,-1,,6360,164,91,,,,,No,17,saccade,0.16129032258064516,0.0041452721720885
37,2,1,28,14," opposition, ",6421,170,89,87.0,67.0,94.0,186.0,No,17,sliding,0.103681234759619,-0.0009444112757545271
37,2,1,28,14," opposition, ",6482,174,87,87.0,67.0,94.0,186.0,No,17,fixation,0.07331370418032097,-0.0004978283701524267
37,2,1,28,14," opposition, ",6514,177,85,87.0,67.0,94.0,186.0,No,17,sliding,0.11267347735824966,0.0012299929118102714
37,2,1,28,15, mostly ,6566,193,81,87.0,67.0,186.0,243.0,No,17,saccade,0.31716197120135853,0.003932471035444401
37,2,1,28,15, mostly ,6630,222,79,87.0,67.0,186.0,243.0,No,17,saccade,0.4542013079296448,0.002141239636379473
37,2,1,28,15, mostly ,6664,237,80,87.0,67.0,186.0,243.0,No,17,saccade,0.4421557758344973,-0.0003542803557396331
37,2,1,28,16, from ,6729,245,82,87.0,67.0,243.0,284.0,No,17,sliding,0.1268647884805434,-0.004850630574676214
37,2,1,28,16, from ,6779,245,82,87.0,67.0,243.0,284.0,No,17,fixation,0.0,-0.002537295769610868
37,2,1,28,16, from ,6809,245,82,87.0,67.0,243.0,284.0,No,17,fixation,0.0,0.0
37,2,1,28,16, from ,6876,245,82,87.0,67.0,243.0,284.0,No,17,fixation,0.0,0.0
37,2,1,28,16, from ,6928,245,82,87.0,67.0,243.0,284.0,No,17,fixation,0.0,0.0
37,2,1,28,16, from ,6961,245,82,87.0,67.0,243.0,284.0,No,17,fixation,0.0,0.0
37,2,1,28,16, from ,7019,245,82,87.0,67.0,243.0,284.0,No,17,fixation,0.0,0.0
37,2,1,28,16, from ,7079,245,82,87.0,67.0,243.0,284.0,No,17,fixation,0.0,0.0
37,2,1,28,16, from ,7113,245,82,87.0,67.0,243.0,284.0,No,17,fixation,0.0,0.0
37,2,1,28,16, from ,7173,245,82,87.0,67.0,243.0,284.0,No,17,fixation,0.0,0.0
37,2,1,28,16, from ,7226,245,82,87.0,67.0,243.0,284.0,No,17,fixation,0.0,0.0
37,2,1,28,16, from ,7261,245,82,87.0,67.0,243.0,284.0,No,17,fixation,0.0,0.0
37,2,1,28,16, from ,7320,245,82,87.0,67.0,243.0,284.0,No,17,fixation,0.0,0.0
37,2,1,28,16, from ,7381,245,82,87.0,67.0,243.0,284.0,No,17,fixation,0.0,0.0
37,2,1,28,16, from ,7416,245,82,87.0,67.0,243.0,284.0,No,17,fixation,0.0,0.0
37,2,1,28,16, from ,7469,245,82,87.0,67.0,243.0,284.0,No,17,fixation,0.0,0.0
37,2,1,28,16, from ,7536,245,82,87.0,67.0,243.0,284.0,No,17,fixation,0.0,0.0
37,2,1,28,16, from ,7571,245,82,87.0,67.0,243.0,284.0,No,17,fixation,0.0,0.0
37,2,1,28,16, from ,7624,245,82,87.0,67.0,243.0,284.0,No,17,fixation,0.0,0.0
37,2,1,28,16, from ,7693,245,82,87.0,67.0,243.0,284.0,No,17,fixation,0.0,0.0
37,2,1,28,16, from ,7711,245,82,87.0,67.0,243.0,284.0,No,17,fixation,0.0,0.0
37,2,1,28,16, from ,7771,245,82,87.0,67.0,243.0,284.0,No,17,fixation,0.0,0.0
37,2,1,28,16, from ,7831,245,82,87.0,67.0,243.0,284.0,No,17,fixation,0.0,0.0
37,2,1,28,16, from ,7866,245,82,87.0,67.0,243.0,284.0,No,17,fixation,0.0,0.0
37,2,1,28,16, from ,7919,245,82,87.0,67.0,243.0,284.0,No,17,fixation,0.0,0.0
37,2,1,28,16, from ,7987,245,82,87.0,67.0,243.0,284.0,No,17,fixation,0.0,0.0
37,2,1,28,16, from ,8021,245,82,87.0,67.0,243.0,284.0,No,17,fixation,0.0,0.0
37,2,1,28,16, from ,8075,245,82,87.0,67.0,243.0,284.0,No,17,fixation,0.0,0.0
37,2,1,28,16, from ,8143,245,82,87.0,67.0,243.0,284.0,No,17,fixation,0.0,0.0
37,2,1,28,16, from ,8160,245,82,87.0,67.0,243.0,284.0,No,17,fixation,0.0,0.0
37,2,1,28,16, from ,8229,245,82,87.0,67.0,243.0,284.0,No,17,fixation,0.0,0.0
37,2,1,28,16, from ,8290,245,82,87.0,67.0,243.0,284.0,No,17,fixation,0.0,0.0
37,2,1,28,16, from ,8315,245,82,87.0,67.0,243.0,284.0,No,17,fixation,0.0,0.0
37,2,1,28,16, from ,8375,245,82,87.0,67.0,243.0,284.0,No,17,fixation,0.0,0.0
37,2,1,28,16, from ,8435,245,82,87.0,67.0,243.0,284.0,No,17,fixation,0.0,0.0
37,2,1,28,16, from ,8470,245,82,87.0,67.0,243.0,284.0,No,17,fixation,0.0,0.0
37,2,1,28,16, from ,8521,245,82,87.0,67.0,243.0,284.0,No,17,fixation,0.0,0.0
37,2,1,28,16, from ,8582,245,82,87.0,67.0,243.0,284.0,No,17,fixation,0.0,0.0
37,2,1,28,16, from ,8612,245,82,87.0,67.0,243.0,284.0,No,17,fixation,0.0,0.0
37,2,1,28,16, from ,8673,245,82,87.0,67.0,243.0,284.0,No,17,fixation,0.0,0.0
37,2,1,28,16, from ,8735,245,82,87.0,67.0,243.0,284.0,No,17,fixation,0.0,0.0
37,2,1,28,16, from ,8769,245,82,87.0,67.0,243.0,284.0,No,17,fixation,0.0,0.0
37,2,1,28,16, from ,8820,245,82,87.0,67.0,243.0,284.0,No,17,fixation,0.0,0.0
37,2,1,28,16, from ,8890,245,82,87.0,67.0,243.0,284.0,No,17,fixation,0.0,0.0
37,2,1,28,16, from ,8915,245,82,87.0,67.0,243.0,284.0,No,17,fixation,0.0,0.0
37,2,1,28,16, from ,8975,245,82,87.0,67.0,243.0,284.0,No,17,fixation,0.0,0.0
37,2,1,28,16, from ,9030,245,82,87.0,67.0,243.0,284.0,No,17,fixation,0.0,0.0
37,2,1,28,16, from ,9056,247,82,87.0,67.0,243.0,284.0,No,17,fixation,0.07692307692307693,0.002958579881656805
37,2,1,28,16, from ,9118,251,81,87.0,67.0,243.0,284.0,No,17,fixation,0.06650170363899452,-0.0001680866658722969
37,2,1,28,16, from ,9185,275,78,87.0,67.0,243.0,284.0,No,17,saccade,0.3609966155954574,0.004395446447111387
37,2,1,28,17, farmers. ,9217,296,77,87.0,67.0,284.0,355.0,No,17,saccade,0.656993626300895,0.009249906584544923
37,2,1,28,17, farmers. ,9268,326,77,87.0,67.0,284.0,355.0,No,17,saccade,0.5882352941176471,-0.00134820259182839
37,2,1,28,18," Eventually, ",9335,369,78,87.0,67.0,356.0,448.0,No,17,saccade,0.6419645721673602,0.0008019295231300473
37,2,1,28,18," Eventually, ",9367,376,79,87.0,67.0,356.0,448.0,No,17,saccade,0.2209708691207961,-0.01315605322020513
37,2,1,28,18," Eventually, ",9418,384,81,87.0,67.0,356.0,448.0,No,17,saccade,0.16169041669088866,-0.0011623618123511265
37,2,1,28,18," Eventually, ",9480,390,81,87.0,67.0,356.0,448.0,No,17,fixation,0.0967741935483871,-0.001047035857137122
37,2,1,28,18," Eventually, ",9511,392,82,87.0,67.0,356.0,448.0,No,17,fixation,0.07213122508063838,-0.0007949344667015714
37,2,1,28,18," Eventually, ",9569,393,82,87.0,67.0,356.0,448.0,No,17,fixation,0.017241379310344827,-0.0009463766512119578
37,2,1,28,18," Eventually, ",9628,396,82,87.0,67.0,356.0,448.0,No,17,fixation,0.05084745762711865,0.0005695945477419292
37,2,1,28,18," Eventually, ",9657,396,82,87.0,67.0,356.0,448.0,No,17,fixation,0.0,-0.0017533606078316776
37,2,1,28,18," Eventually, ",9718,408,80,87.0,67.0,356.0,448.0,No,17,saccade,0.199434837058958,0.003269423558343574
37,2,1,28,18," Eventually, ",9777,410,79,87.0,67.0,356.0,448.0,No,17,fixation,0.03789945724575915,-0.002737887793444049
37,2,1,28,18," Eventually, ",9813,410,79,87.0,67.0,356.0,448.0,No,17,fixation,0.0,-0.0010527627012710875
37,2,1,28,18," Eventually, ",9874,410,79,87.0,67.0,356.0,448.0,No,17,fixation,0.0,0.0
37,2,1,28,18," Eventually, ",9943,410,79,87.0,67.0,356.0,448.0,No,17,fixation,0.0,0.0
37,2,1,28,18," Eventually, ",9960,410,79,87.0,67.0,356.0,448.0,No,17,fixation,0.0,0.0
37,2,1,28,18," Eventually, ",10029,410,79,87.0,67.0,356.0,448.0,No,17,fixation,0.0,0.0
37,2,1,28,18," Eventually, ",10082,410,79,87.0,67.0,356.0,448.0,No,17,fixation,0.0,0.0
37,2,1,28,18," Eventually, ",10116,410,79,87.0,67.0,356.0,448.0,No,17,fixation,0.0,0.0
37,2,1,28,18," Eventually, ",10169,410,79,87.0,67.0,356.0,448.0,No,17,fixation,0.0,0.0
37,2,1,28,18," Eventually, ",10237,410,79,87.0,67.0,356.0,448.0,No,17,fixation,0.0,0.0
37,2,1,28,18," Eventually, ",10271,410,79,87.0,67.0,356.0,448.0,No,17,fixation,0.0,0.0
37,2,1,28,18," Eventually, ",10323,410,79,87.0,67.0,356.0,448.0,No,17,fixation,0.0,0.0
37,2,1,28,18," Eventually, ",10391,410,79,87.0,67.0,356.0,448.0,No,17,fixation,0.0,0.0
37,2,1,28,18," Eventually, ",10409,410,79,87.0,67.0,356.0,448.0,No,17,fixation,0.0,0.0
37,2,1,28,18," Eventually, ",10476,410,79,87.0,67.0,356.0,448.0,No,17,fixation,0.0,0.0
37,2,1,28,18," Eventually, ",10529,410,79,87.0,67.0,356.0,448.0,No,17,fixation,0.0,0.0
37,2,1,28,18," Eventually, ",10563,410,79,87.0,67.0,356.0,448.0,No,17,fixation,0.0,0.0
37,2,1,28,18," Eventually, ",10633,410,79,87.0,67.0,356.0,448.0,No,17,fixation,0.0,0.0
37,2,1,28,18," Eventually, ",10686,410,79,87.0,67.0,356.0,448.0,No,17,fixation,0.0,0.0
37,2,1,28,18," Eventually, ",10721,410,79,87.0,67.0,356.0,448.0,No,17,fixation,0.0,0.0
37,2,1,28,18," Eventually, ",10783,410,79,87.0,67.0,356.0,448.0,No,17,fixation,0.0,0.0
37,2,1,28,18," Eventually, ",10836,410,79,87.0,67.0,356.0,448.0,No,17,fixation,0.0,0.0
37,2,1,28,18," Eventually, ",10871,410,79,87.0,67.0,356.0,448.0,No,17,fixation,0.0,0.0
37,2,1,28,18," Eventually, ",10932,410,79,87.0,67.0,356.0,448.0,No,17,fixation,0.0,0.0
37,2,1,28,18," Eventually, ",10984,410,79,87.0,67.0,356.0,448.0,No,17,fixation,0.0,0.0
37,2,1,28,18," Eventually, ",11010,410,79,87.0,67.0,356.0,448.0,No,17,fixation,0.0,0.0
37,2,1,28,18," Eventually, ",11077,410,79,87.0,67.0,356.0,448.0,No,17,fixation,0.0,0.0
37,2,1,28,18," Eventually, ",11134,413,79,87.0,67.0,356.0,448.0,No,17,fixation,0.05263157894736842,0.0009233610341643582
37,2,1,28,18," Eventually, ",11168,424,79,87.0,67.0,356.0,448.0,No,17,saccade,0.3235294117647059,0.007967583318156985
37,2,1,28,18," Eventually, ",11218,445,79,87.0,67.0,356.0,448.0,No,17,saccade,0.42,0.0019294117647058818
37,2,1,28,20,"1925,",11285,467,80,87.0,67.0,466.0,516.0,No,17,saccade,0.3286972469484364,-0.001362727657486024
37,2,1,28,20,"1925,",11317,484,80,87.0,67.0,466.0,516.0,No,17,saccade,0.53125,0.006329773532861363
37,2,1,28,20,"1925,",11368,507,82,87.0,67.0,466.0,516.0,No,17,saccade,0.4526822110045175,-0.0015405448822643627
37,2,1,28,21, it ,11434,527,82,87.0,67.0,516.0,530.0,No,17,saccade,0.30303030303030304,-0.0022674531511244615
37,2,1,28,22, was ,11462,532,82,87.0,67.0,530.0,567.0,No,17,saccade,0.17857142857142858,-0.0044449598021026595
37,2,1,28,22, was ,11531,532,82,87.0,67.0,530.0,567.0,No,17,fixation,0.0,-0.002587991718426501
37,2,1,28,22, was ,11584,532,82,87.0,67.0,530.0,567.0,No,17,fixation,0.0,0.0
37,2,1,28,22, was ,11609,532,82,87.0,67.0,530.0,567.0,No,17,fixation,0.0,0.0
37,2,1,28,22, was ,11671,532,82,87.0,67.0,530.0,567.0,No,17,fixation,0.0,0.0
37,2,1,28,22, was ,11740,532,82,87.0,67.0,530.0,567.0,No,17,fixation,0.0,0.0
37,2,1,28,22, was ,11760,532,82,87.0,67.0,530.0,567.0,No,17,fixation,0.0,0.0
37,2,1,28,22, was ,11820,533,82,87.0,67.0,530.0,567.0,No,17,fixation,0.016666666666666666,0.0002777777777777778
37,2,1,28,22, was ,11877,544,80,87.0,67.0,530.0,567.0,No,17,saccade,0.19614631381577102,0.0031487657394579714
37,2,1,28,23, decided ,11913,585,76,87.0,67.0,567.0,635.0,No,17,saccade,1.1442961068914432,0.026337494252102005
37,2,1,28,23, decided ,11971,614,76,87.0,67.0,567.0,635.0,No,17,saccade,0.5,-0.01110855356709385
37,2,1,28,23, decided ,12027,620,76,87.0,67.0,567.0,635.0,No,17,sliding,0.10714285714285714,-0.00701530612244898
37,2,1,28,23, decided ,12061,622,76,87.0,67.0,567.0,635.0,No,17,fixation,0.058823529411764705,-0.0014211566979733068
37,2,1,28,23, decided ,12129,623,76,87.0,67.0,567.0,635.0,No,17,fixation,0.014705882352941176,-0.0006487889273356401
37,2,1,28,23, decided ,12177,623,76,87.0,67.0,567.0,635.0,No,17,fixation,0.0,-0.00030637254901960784
37,2,1,28,23, decided ,12210,624,76,87.0,67.0,567.0,635.0,No,17,fixation,0.030303030303030304,0.0009182736455463728
37,2,1,28,23, decided ,12268,630,76,87.0,67.0,567.0,635.0,No,17,sliding,0.10344827586206896,0.001261124923431701
37,2,1,28,24, that ,12334,661,72,87.0,67.0,635.0,670.0,No,17,saccade,0.4735908972147813,0.005608221535647157
37,2,1,28,25, summer ,12367,675,72,87.0,67.0,670.0,735.0,No,17,saccade,0.42424242424242425,-0.001495408271889608
37,2,1,28,25, summer ,12418,694,77,87.0,67.0,670.0,735.0,No,17,saccade,0.38523299420369606,-0.000764890785073102
37,2,1,28,25, summer ,12484,717,84,87.0,67.0,670.0,735.0,No,17,saccade,0.36426712970216085,-0.0003176646136596243
37,2,1,28,25, summer ,12517,720,84,87.0,67.0,670.0,735.0,No,17,fixation,0.09090909090909091,-0.008283576933123333
37,2,1,28,25, summer ,12570,721,85,87.0,67.0,670.0,735.0,No,17,fixation,0.026683274761756512,-0.0012118078518364981
37,2,1,28,25, summer ,12628,722,85,87.0,67.0,670.0,735.0,No,17,fixation,0.017241379310344827,-0.00016279130088640837
37,2,1,28,25, summer ,12661,722,85,87.0,67.0,670.0,735.0,No,17,fixation,0.0,-0.000522466039707419
37,2,1,28,24, that ,12718,659,79,87.0,67.0,635.0,670.0,No,17,saccade,1.1102643741962626,0.019478322354320395
37,2,1,28,-1,,12803,327,104,,,,,No,17,saccade,3.9169404061497692,0.03301971802298243
37,2,1,28,29, on ,12875,256,120,127.0,107.0,240.0,265.0,No,17,saccade,1.010840165162709,-0.0403625033470425
37,2,1,28,28, begin ,12931,226,123,127.0,107.0,191.0,240.0,No,17,saccade,0.5383861939886191,-0.008436678056680177
37,2,1,28,28, begin ,12961,211,123,127.0,107.0,191.0,240.0,No,17,saccade,0.5,-0.0012795397996206363
37,2,1,28,27, should ,13017,167,123,127.0,107.0,133.0,191.0,No,17,saccade,0.7857142857142857,0.00510204081632653
37,2,1,28,26, time ,13086,124,122,127.0,107.0,94.0,133.0,No,17,saccade,0.623356903408886,-0.002353005540657966
37,2,1,28,26, time ,13118,108,124,127.0,107.0,94.0,133.0,No,17,saccade,0.5038911092686593,-0.0037333060668820854
37,2,1,28,26, time ,13169,97,124,127.0,107.0,94.0,133.0,No,17,saccade,0.21568627450980393,-0.005651075191350105
37,2,1,28,26, time ,13228,94,124,127.0,107.0,94.0,133.0,No,17,fixation,0.05084745762711865,-0.0027938782522489033
37,2,1,28,-1,,13258,93,124,,,,,No,17,fixation,0.03333333333333333,-0.0005838041431261772
37,2,1,28,-1,,13317,93,124,,,,,No,17,fixation,0.0,-0.0005649717514124294
37,2,1,28,-1,,13381,93,124,,,,,No,17,fixation,0.0,0.0
37,2,1,28,-1,,13414,93,124,,,,,No,17,fixation,0.0,0.0
37,2,1,28,26, time ,13468,94,124,127.0,107.0,94.0,133.0,No,17,fixation,0.018518518518518517,0.0003429355281207133
37,2,1,28,26, time ,13534,129,123,127.0,107.0,94.0,133.0,No,17,saccade,0.5305194363639878,0.007757589664325292
37,2,1,28,27, should ,13568,156,121,127.0,107.0,133.0,191.0,No,17,saccade,0.7962933159224049,0.00781687881054168
37,2,1,28,27, should ,13618,178,120,127.0,107.0,133.0,191.0,No,17,saccade,0.44045431091090476,-0.007116780100230004
37,2,1,28,28, begin ,13684,197,120,127.0,107.0,191.0,240.0,No,17,saccade,0.2878787878787879,-0.0023117503489714676
37,2,1,28,28, begin ,13717,202,122,127.0,107.0,191.0,240.0,No,17,saccade,0.1631868123374092,-0.003778544713375112
37,2,1,28,28, begin ,13767,207,124,127.0,107.0,191.0,240.0,No,17,sliding,0.10770329614269007,-0.0011096703238943826
37,2,1,28,28, begin ,13834,213,124,127.0,107.0,191.0,240.0,No,17,fixation,0.08955223880597014,-0.00027091130353313323
37,2,1,28,28, begin ,13865,217,124,127.0,107.0,191.0,240.0,No,17,sliding,0.12903225806451613,0.001273549008340193
37,2,1,28,28, begin ,13918,225,124,127.0,107.0,191.0,240.0,No,17,saccade,0.1509433962264151,0.00041341770116790495
37,2,1,28,29, on ,13983,252,120,127.0,107.0,240.0,265.0,No,17,saccade,0.4199182788909594,0.0041380751179160655
37,2,1,28,30, the ,14016,269,119,127.0,107.0,266.0,296.0,No,17,saccade,0.5160420110886789,0.002912840369627863
37,2,1,28,31, day ,14067,297,119,127.0,107.0,296.0,330.0,No,17,saccade,0.5490196078431373,0.0006466195442050674
37,2,1,28,31, day ,14132,305,119,127.0,107.0,296.0,330.0,No,17,sliding,0.12307692307692308,-0.006552964381018681
37,2,1,28,31, day ,14161,305,119,127.0,107.0,296.0,330.0,No,17,fixation,0.0,-0.004244031830238727
37,2,1,28,31, day ,14221,305,119,127.0,107.0,296.0,330.0,No,17,fixation,0.0,0.0
37,2,1,28,31, day ,14290,305,119,127.0,107.0,296.0,330.0,No,17,fixation,0.0,0.0
37,2,1,28,31, day ,14307,305,119,127.0,107.0,296.0,330.0,No,17,fixation,0.0,0.0
37,2,1,28,31, day ,14370,305,119,127.0,107.0,296.0,330.0,No,17,fixation,0.0,0.0
37,2,1,28,31, day ,14437,305,119,127.0,107.0,296.0,330.0,No,17,fixation,0.0,0.0
37,2,1,28,31, day ,14460,305,119,127.0,107.0,296.0,330.0,No,17,fixation,0.0,0.0
37,2,1,28,31, day ,14518,314,119,127.0,107.0,296.0,330.0,No,17,saccade,0.15517241379310345,0.00267538644470868
37,2,1,28,31, day ,14579,327,117,127.0,107.0,296.0,330.0,No,17,saccade,0.21562207275353942,0.000990978015744852
37,2,1,28,32, following ,14612,334,117,127.0,107.0,330.0,405.0,No,17,saccade,0.21212121212121213,-0.00010608668582809988
37,2,1,28,32, following ,14668,347,118,127.0,107.0,330.0,405.0,No,17,saccade,0.23282865732866603,0.00036977580727596263
37,2,1,28,32, following ,14730,362,119,127.0,107.0,330.0,405.0,No,17,saccade,0.24247252223182109,0.00015554620811540407
37,2,1,28,32, following ,14762,369,120,127.0,107.0,330.0,405.0,No,17,saccade,0.2209708691207961,-0.0006719266597195305
37,2,1,28,32, following ,14818,390,123,127.0,107.0,330.0,405.0,No,17,saccade,0.37880720420707903,0.0028185059836836235
37,2,1,28,33, the ,14886,406,126,127.0,107.0,405.0,435.0,No,17,saccade,0.23939442053087803,-0.00205018799523825
37,2,1,28,33, the ,14916,408,126,127.0,107.0,405.0,435.0,No,17,fixation,0.06666666666666667,-0.0057575917954737115
37,2,1,28,33, the ,14967,409,126,127.0,107.0,405.0,435.0,No,17,fixation,0.0196078431372549,-0.000922722029988466
37,2,1,28,33, the ,15034,409,126,127.0,107.0,405.0,435.0,No,17,fixation,0.0,-0.000292654375182909
37,2,1,28,33, the ,15070,409,126,127.0,107.0,405.0,435.0,No,17,fixation,0.0,0.0
37,2,1,28,33, the ,15121,409,126,127.0,107.0,405.0,435.0,No,17,fixation,0.0,0.0
37,2,1,28,33, the ,15190,409,126,127.0,107.0,405.0,435.0,No,17,fixation,0.0,0.0
37,2,1,28,33, the ,15220,409,126,127.0,107.0,405.0,435.0,No,17,fixation,0.0,0.0
37,2,1,28,33, the ,15271,430,122,127.0,107.0,405.0,435.0,No,17,saccade,0.4191678103221951,0.008218976672984218
37,2,1,28,35, Saturday ,15337,479,119,127.0,107.0,475.0,552.0,No,17,saccade,0.7438144065838532,0.004918887822146336
37,2,1,28,35, Saturday ,15357,491,119,127.0,107.0,475.0,552.0,No,17,saccade,0.6,-0.007190720329192662
37,2,1,28,35, Saturday ,15420,510,122,127.0,107.0,475.0,552.0,No,17,saccade,0.30532355653446575,-0.00467740386453229
37,2,1,28,35, Saturday ,15478,512,122,127.0,107.0,475.0,552.0,No,17,fixation,0.034482758620689655,-0.004669668929547863
37,2,1,28,35, Saturday ,15507,512,122,127.0,107.0,475.0,552.0,No,17,fixation,0.0,-0.0011890606420927466
37,2,1,28,35, Saturday ,15576,512,122,127.0,107.0,475.0,552.0,No,17,fixation,0.0,0.0
37,2,1,28,35, Saturday ,15628,512,122,127.0,107.0,475.0,552.0,No,17,fixation,0.0,0.0
37,2,1,28,35, Saturday ,15663,512,122,127.0,107.0,475.0,552.0,No,17,fixation,0.0,0.0
37,2,1,28,35, Saturday ,15718,513,122,127.0,107.0,475.0,552.0,No,17,fixation,0.01818181818181818,0.0003305785123966942
37,2,1,28,35, Saturday ,15784,550,118,127.0,107.0,475.0,552.0,No,17,saccade,0.5638725474523756,0.008268041352584203
37,2,1,28,37, April ,15819,571,117,127.0,107.0,570.0,611.0,No,17,saccade,0.6006798869036754,0.0010516382700371362
37,2,1,28,37, April ,15867,600,118,127.0,107.0,570.0,611.0,No,17,saccade,0.6045257553561212,8.012225942595486e-05
37,2,1,28,38, and ,15927,612,119,127.0,107.0,611.0,646.0,No,17,saccade,0.2006932429798716,-0.006730541872937494
37,2,1,28,38, and ,15960,613,119,127.0,107.0,611.0,646.0,No,17,fixation,0.030303030303030304,-0.005163339778086099
37,2,1,28,38, and ,16026,613,119,127.0,107.0,611.0,646.0,No,17,fixation,0.0,-0.0004591368227731864
37,2,1,28,38, and ,16090,613,119,127.0,107.0,611.0,646.0,No,17,fixation,0.0,0.0
37,2,1,28,38, and ,16107,613,119,127.0,107.0,611.0,646.0,No,17,fixation,0.0,0.0
37,2,1,28,38, and ,16169,619,118,127.0,107.0,611.0,646.0,No,17,fixation,0.09810907306932612,0.0015824044043439697
37,2,1,28,39, close ,16234,660,109,127.0,107.0,646.0,693.0,No,17,saccade,0.645787441902011,0.008425821058964382
37,2,1,28,39, close ,16259,670,107,127.0,107.0,646.0,693.0,No,17,saccade,0.4079215610874228,-0.009514635232583528
37,2,1,28,40, after ,16318,708,109,127.0,107.0,693.0,734.0,No,17,saccade,0.6449592403539134,0.004017587784177807
37,2,1,28,40, after ,16379,722,112,127.0,107.0,693.0,734.0,No,17,saccade,0.2347183780864976,-0.006725260037170751
37,2,1,28,40, after ,16412,729,113,127.0,107.0,693.0,734.0,No,17,saccade,0.21427478217774168,-0.0006195029063259368
37,2,1,28,41, the ,16467,740,115,127.0,107.0,734.0,759.0,No,17,saccade,0.20327890704543544,-0.00019992500240556795
37,2,1,28,41, the ,16530,748,115,127.0,107.0,734.0,759.0,No,17,sliding,0.12698412698412698,-0.0012110282549414042
37,2,1,28,41, the ,16566,752,116,127.0,107.0,734.0,759.0,No,17,sliding,0.1145307118227128,-0.00034592819892817174
37,2,1,28,41, the ,16617,753,116,127.0,107.0,734.0,759.0,No,17,fixation,0.0196078431372549,-0.0018612327193227038
37,2,1,28,41, the ,16681,753,117,127.0,107.0,734.0,759.0,No,17,fixation,0.015625,-6.223192401960784e-05
37,2,1,28,41, the ,16713,741,118,127.0,107.0,734.0,759.0,No,17,saccade,0.37629983058725924,0.011271088455851851
37,2,1,28,38, and ,16769,634,115,127.0,107.0,611.0,646.0,No,17,saccade,1.9114651395178088,0.02741366623090267
37,2,1,28,34, third ,16827,460,118,127.0,107.0,435.0,475.0,No,17,saccade,3.0004458646082433,0.018775529742938526
37,2,1,28,-1,,16860,255,138,,,,,No,17,saccade,6.241615128498782,0.09821725042092541
37,2,1,28,43, Saturday ,16916,170,151,167.0,147.0,128.0,205.0,No,17,saccade,1.5355066304789757,-0.08403765175035369
37,2,1,28,43, Saturday ,16980,148,157,167.0,147.0,128.0,205.0,No,17,saccade,0.3563048203434806,-0.01842502828336711
37,2,1,28,43, Saturday ,17010,146,158,167.0,147.0,128.0,205.0,No,17,fixation,0.07453559924999299,-0.00939230736978292
37,2,1,28,43, Saturday ,17067,145,159,167.0,147.0,128.0,205.0,No,17,fixation,0.024810764252159563,-0.0008723655262777794
37,2,1,28,43, Saturday ,17141,145,160,167.0,147.0,128.0,205.0,No,17,fixation,0.013513513513513514,-0.0001526655505222439
37,2,1,28,43, Saturday ,17157,145,160,167.0,147.0,128.0,205.0,No,17,fixation,0.0,-0.0008445945945945946
37,2,1,28,42, first ,17217,127,162,167.0,147.0,94.0,128.0,No,17,saccade,0.30184617127124724,0.005030769521187454
37,2,1,28,42, first ,17285,109,161,167.0,147.0,94.0,128.0,No,17,saccade,0.26511406437235213,-0.0005401780426308104
37,2,1,28,42, first ,17318,105,161,167.0,147.0,94.0,128.0,No,17,sliding,0.12121212121212122,-0.004360664944249422
37,2,1,28,42, first ,17367,101,161,167.0,147.0,94.0,128.0,No,17,fixation,0.08163265306122448,-0.0008077442479774844
37,2,1,28,42, first ,17431,100,162,167.0,147.0,94.0,128.0,No,17,fixation,0.02209708691207961,-0.0009302432210803887
37,2,1,28,42, first ,17465,100,162,167.0,147.0,94.0,128.0,No,17,fixation,0.0,-0.000649914320943518
37,2,1,28,42, first ,17518,101,162,167.0,147.0,94.0,128.0,No,17,fixation,0.018867924528301886,0.00035599857600569594
37,2,1,28,43, Saturday ,17579,129,160,167.0,147.0,128.0,205.0,No,17,saccade,0.4601858638563344,0.007234720316852993
37,2,1,28,43, Saturday ,17618,169,155,167.0,147.0,128.0,205.0,No,17,saccade,1.0336227882434037,0.014703510881719725
37,2,1,28,43, Saturday ,17668,196,152,167.0,147.0,128.0,205.0,No,17,saccade,0.5433231082882449,-0.009805993599103176
37,2,1,28,44, in ,17734,217,151,167.0,147.0,205.0,224.0,No,17,saccade,0.3185423642671006,-0.003405768848805217
37,2,1,28,45, October. ,17768,228,151,167.0,147.0,224.0,292.0,No,17,saccade,0.3235294117647059,0.00014667786757662684
37,2,1,28,45, October. ,17818,247,154,167.0,147.0,224.0,292.0,No,17,saccade,0.38470768123342686,0.0012235653893744192
37,2,1,28,-1,,17889,313,161,,,,,No,17,saccade,0.9347911834391616,0.00774765496064415
37,2,1,28,-1,,17906,324,163,,,,,No,17,saccade,0.6576670522058206,-0.016301419484314177
37,2,1,28,-1,,17968,389,185,,,,,No,17,saccade,1.1068089331805009,0.007244223886688392
37,2,1,29,0, When ,20569,94,49,47.0,27.0,94.0,146.0,No,11,fixation,0.0,0.0
37,2,1,29,0, When ,20619,98,48,47.0,27.0,94.0,146.0,No,11,fixation,0.0824621125123532,0.0016492422502470642
37,2,1,29,0, When ,20669,100,47,47.0,27.0,94.0,146.0,No,11,fixation,0.044721359549995794,-0.0007548150592471482
37,2,1,29,0, When ,20715,101,47,47.0,27.0,94.0,146.0,No,11,fixation,0.021739130434782608,-0.0004996136764176779
37,2,1,29,0, When ,20792,103,46,47.0,27.0,94.0,146.0,No,11,fixation,0.029039843863633633,9.481446011494837e-05
37,2,1,29,0, When ,20825,109,44,47.0,27.0,94.0,146.0,No,11,saccade,0.19165319152535634,0.004927677201870385
37,2,1,29,0, When ,20871,123,36,47.0,27.0,94.0,146.0,No,11,saccade,0.3505329455781978,0.0034539076968009013
37,2,1,29,0, When ,20922,133,33,47.0,27.0,94.0,146.0,No,11,saccade,0.20471189233157944,-0.002859236338168988
37,2,1,29,0, When ,20972,143,32,47.0,27.0,94.0,146.0,No,11,saccade,0.2009975124224178,-7.42875981832325e-05
37,2,1,29,1, early ,21019,146,32,47.0,27.0,146.0,190.0,No,11,fixation,0.06382978723404255,-0.0029184622380505378
37,2,1,29,1, early ,21069,147,32,47.0,27.0,146.0,190.0,No,11,fixation,0.02,-0.0008765957446808509
37,2,1,29,1, early ,21123,147,32,47.0,27.0,146.0,190.0,No,11,fixation,0.0,-0.00037037037037037035
37,2,1,29,1, early ,21173,147,32,47.0,27.0,146.0,190.0,No,11,fixation,0.0,0.0
37,2,1,29,1, early ,21223,147,32,47.0,27.0,146.0,190.0,No,11,fixation,0.0,0.0
37,2,1,29,1, early ,21267,147,32,47.0,27.0,146.0,190.0,No,11,fixation,0.0,0.0
37,2,1,29,1, early ,21321,149,32,47.0,27.0,146.0,190.0,No,11,fixation,0.037037037037037035,0.0006858710562414266
37,2,1,29,1, early ,21371,159,32,47.0,27.0,146.0,190.0,No,11,saccade,0.2,0.0032592592592592595
37,2,1,29,1, early ,21420,166,34,47.0,27.0,146.0,190.0,No,11,sliding,0.1485736712098065,-0.0010495169140855819
37,2,1,29,1, early ,21469,169,35,47.0,27.0,146.0,190.0,No,11,fixation,0.06453627877894652,-0.0017150488251195914
37,2,1,29,1, early ,21521,174,36,47.0,27.0,146.0,190.0,No,11,fixation,0.09805806756909201,0.0006446497844258748
37,2,1,29,1, early ,21567,177,36,47.0,27.0,146.0,190.0,No,11,fixation,0.06521739130434782,-0.0007139277448857431
37,2,1,29,1, early ,21617,181,37,47.0,27.0,146.0,190.0,No,11,fixation,0.0824621125123532,0.00034489442416010764
37,2,1,29,2, Europeans ,21671,190,38,47.0,27.0,190.0,282.0,No,11,saccade,0.16769231737291512,0.0015783371270474428
37,2,1,29,2, Europeans ,21717,197,39,47.0,27.0,190.0,282.0,No,11,saccade,0.15371886547533642,-0.00030377069342562397
37,2,1,29,2, Europeans ,21766,204,40,47.0,27.0,190.0,282.0,No,11,sliding,0.14430750636460155,-0.00019206855328030354
37,2,1,29,2, Europeans ,21818,214,40,47.0,27.0,190.0,282.0,No,11,saccade,0.19230769230769232,0.0009230804989055918
37,2,1,29,2, Europeans ,21871,229,40,47.0,27.0,190.0,282.0,No,11,saccade,0.2830188679245283,0.0017115316154119996
37,2,1,29,2, Europeans ,21921,238,40,47.0,27.0,190.0,282.0,No,11,saccade,0.18,-0.002060377358490566
37,2,1,29,2, Europeans ,21974,238,40,47.0,27.0,190.0,282.0,No,11,fixation,0.0,-0.0033962264150943396
37,2,1,29,2, Europeans ,22017,238,40,47.0,27.0,190.0,282.0,No,11,fixation,0.0,0.0
37,2,1,29,2, Europeans ,22070,238,40,47.0,27.0,190.0,282.0,No,11,fixation,0.0,0.0
37,2,1,29,2, Europeans ,22121,238,40,47.0,27.0,190.0,282.0,No,11,fixation,0.0,0.0
37,2,1,29,2, Europeans ,22167,238,40,47.0,27.0,190.0,282.0,No,11,fixation,0.0,0.0
37,2,1,29,2, Europeans ,22218,238,40,47.0,27.0,190.0,282.0,No,11,fixation,0.0,0.0
37,2,1,29,2, Europeans ,22273,261,36,47.0,27.0,190.0,282.0,No,11,saccade,0.42445881927013646,0.007717433077638844
37,2,1,29,3, discovered ,22330,306,33,47.0,27.0,283.0,375.0,No,11,saccade,0.7912261251775214,0.006434514138726052
37,2,1,29,3, discovered ,22368,335,37,47.0,27.0,283.0,375.0,No,11,saccade,0.7703832193844447,-0.0005484975208704419
37,2,1,29,3, discovered ,22415,340,37,47.0,27.0,283.0,375.0,No,11,saccade,0.10638297872340426,-0.014127664694915752
37,2,1,29,3, discovered ,22470,340,37,47.0,27.0,283.0,375.0,No,11,fixation,0.0,-0.0019342359767891683
37,2,1,29,3, discovered ,22521,340,37,47.0,27.0,283.0,375.0,No,11,fixation,0.0,0.0
37,2,1,29,3, discovered ,22572,340,37,47.0,27.0,283.0,375.0,No,11,fixation,0.0,0.0
37,2,1,29,3, discovered ,22624,340,37,47.0,27.0,283.0,375.0,No,11,fixation,0.0,0.0
37,2,1,29,3, discovered ,22676,340,37,47.0,27.0,283.0,375.0,No,11,fixation,0.0,0.0
37,2,1,29,3, discovered ,22727,340,37,47.0,27.0,283.0,375.0,No,11,fixation,0.0,0.0
37,2,1,29,3, discovered ,22767,342,38,47.0,27.0,283.0,375.0,No,11,fixation,0.05590169943749475,0.0013975424859373688
37,2,1,29,3, discovered ,22818,352,38,47.0,27.0,283.0,375.0,No,11,saccade,0.19607843137254902,0.0027485633712755735
37,2,1,29,4, Easter ,22868,376,38,47.0,27.0,375.0,432.0,No,11,saccade,0.48,0.00567843137254902
37,2,1,29,4, Easter ,22918,409,41,47.0,27.0,375.0,432.0,No,11,saccade,0.6627216610312356,0.0036544332206247133
37,2,1,29,4, Easter ,22968,422,44,47.0,27.0,375.0,432.0,No,11,saccade,0.2668332812825267,-0.007917767594974178
37,2,1,29,4, Easter ,23024,422,44,47.0,27.0,375.0,432.0,No,11,fixation,0.0,-0.0047648800229022625
37,2,1,29,4, Easter ,23076,422,44,47.0,27.0,375.0,432.0,No,11,fixation,0.0,0.0
37,2,1,29,4, Easter ,23127,422,44,47.0,27.0,375.0,432.0,No,11,fixation,0.0,0.0
37,2,1,29,4, Easter ,23180,422,44,47.0,27.0,375.0,432.0,No,11,fixation,0.0,0.0
37,2,1,29,4, Easter ,23231,422,44,47.0,27.0,375.0,432.0,No,11,fixation,0.0,0.0
37,2,1,29,4, Easter ,23272,423,44,47.0,27.0,375.0,432.0,No,11,fixation,0.024390243902439025,0.000594883997620464
37,2,1,29,4, Easter ,23318,429,43,47.0,27.0,375.0,432.0,No,11,sliding,0.1322339680499613,0.0023444287858157015
37,2,1,29,5," Island, ",23373,446,43,47.0,27.0,432.0,490.0,No,11,saccade,0.3090909090909091,0.003215580746199051
37,2,1,29,5," Island, ",23422,455,43,47.0,27.0,432.0,490.0,No,11,saccade,0.1836734693877551,-0.0025595395857786526
37,2,1,29,5," Island, ",23468,464,43,47.0,27.0,432.0,490.0,No,11,saccade,0.1956521739130435,0.00026040662011496467
37,2,1,29,5," Island, ",23522,475,44,47.0,27.0,432.0,490.0,No,11,saccade,0.20454372254050485,0.0001646583079159511
37,2,1,29,5," Island, ",23572,480,44,47.0,27.0,432.0,490.0,No,11,sliding,0.1,-0.0020908744508100967
37,2,1,29,5," Island, ",23618,483,44,47.0,27.0,432.0,490.0,No,11,fixation,0.06521739130434782,-0.0007561436672967865
37,2,1,29,6, its ,23673,502,42,47.0,27.0,490.0,513.0,No,11,saccade,0.3473631486280509,0.005129922860430965
37,2,1,29,7, somewhat ,23722,519,41,47.0,27.0,513.0,600.0,No,11,saccade,0.34753849726380415,3.578543586800968e-06
37,2,1,29,7, somewhat ,23768,530,41,47.0,27.0,513.0,600.0,No,11,saccade,0.2391304347826087,-0.0023566970104607703
37,2,1,29,7, somewhat ,23818,539,41,47.0,27.0,513.0,600.0,No,11,saccade,0.18,-0.0011826086956521742
37,2,1,29,7, somewhat ,23865,540,41,47.0,27.0,513.0,600.0,No,11,fixation,0.02127659574468085,-0.003377093707559982
37,2,1,29,7, somewhat ,23921,540,41,47.0,27.0,513.0,600.0,No,11,fixation,0.0,-0.00037993920972644377
37,2,1,29,7, somewhat ,23973,540,41,47.0,27.0,513.0,600.0,No,11,fixation,0.0,0.0
37,2,1,29,7, somewhat ,24016,540,41,47.0,27.0,513.0,600.0,No,11,fixation,0.0,0.0
37,2,1,29,7, somewhat ,24066,540,41,47.0,27.0,513.0,600.0,No,11,fixation,0.0,0.0
37,2,1,29,7, somewhat ,24123,547,40,47.0,27.0,513.0,600.0,No,11,sliding,0.12405382126079782,0.002176382829136804
37,2,1,29,7, somewhat ,24173,586,38,47.0,27.0,513.0,600.0,No,11,saccade,0.7810249675906654,0.013139422926597352
37,2,1,29,8, isolated ,24224,618,37,47.0,27.0,600.0,667.0,No,11,saccade,0.6277572781796911,-0.0030052488119798894
37,2,1,29,8, isolated ,24273,646,39,47.0,27.0,600.0,667.0,No,11,saccade,0.5728844427599264,-0.001119853784076829
37,2,1,29,8, isolated ,24335,656,41,47.0,27.0,600.0,667.0,No,11,saccade,0.16448450043847693,-0.006587095843894347
37,2,1,29,8, isolated ,24389,659,41,47.0,27.0,600.0,667.0,No,11,fixation,0.05555555555555555,-0.0020172026830170627
37,2,1,29,8, isolated ,24420,662,42,47.0,27.0,600.0,667.0,No,11,sliding,0.10200895677962514,0.0014984968136796642
37,2,1,29,9, ecosystem ,24482,668,42,47.0,27.0,667.0,753.0,No,11,fixation,0.0967741935483871,-8.443166501996849e-05
37,2,1,29,9, ecosystem ,24539,680,41,47.0,27.0,667.0,753.0,No,11,saccade,0.21125604524197011,0.0020084535384839127
37,2,1,29,9, ecosystem ,24567,685,40,47.0,27.0,667.0,753.0,No,11,saccade,0.18210783977117087,-0.00104100733824283
37,2,1,29,9, ecosystem ,24635,697,39,47.0,27.0,667.0,753.0,No,11,saccade,0.17708227321753375,-7.390539049466349e-05
37,2,1,29,9, ecosystem ,24691,703,39,47.0,27.0,667.0,753.0,No,11,sliding,0.10714285714285714,-0.001248918144190654
37,2,1,29,9, ecosystem ,24718,709,39,47.0,27.0,667.0,753.0,No,11,saccade,0.2222222222222222,0.004262198706643151
37,2,1,29,9, ecosystem ,24777,716,39,47.0,27.0,667.0,753.0,No,11,sliding,0.11864406779661017,-0.0017555619394171531
37,2,1,29,9, ecosystem ,24842,721,39,47.0,27.0,667.0,753.0,No,11,fixation,0.07692307692307693,-0.0006418613980543576
37,2,1,29,9, ecosystem ,24883,721,39,47.0,27.0,667.0,753.0,No,11,fixation,0.0,-0.001876172607879925
37,2,1,29,9, ecosystem ,24930,721,39,47.0,27.0,667.0,753.0,No,11,fixation,0.0,0.0
37,2,1,29,-1,,24994,571,22,,,,,No,11,saccade,2.3587540573627,0.03685553214629219
37,2,1,29,-1,,25017,412,9,,,,,No,11,saccade,6.936111362410355,0.19901553500207197
37,2,1,29,-1,,25079,143,4,,,,,No,11,saccade,4.339459103041749,-0.04188148805433236
37,2,1,29,-1,,25144,111,11,,,,,No,11,saccade,0.5039489032048984,-0.059007849228259246
37,2,1,29,-1,,25170,107,14,,,,,No,11,saccade,0.19230769230769232,-0.011986200419123311
37,2,1,29,-1,,25229,104,25,,,,,No,11,saccade,0.19325007205070135,1.597253801710231e-05
37,2,1,29,0, When ,25289,106,44,47.0,27.0,94.0,146.0,No,11,saccade,0.3184162195757133,0.002086102458750199
37,2,1,29,-1,,25321,109,53,,,,,No,11,saccade,0.29646353064078557,-0.000686021529216492
37,2,1,29,-1,,25387,109,64,,,,,No,11,saccade,0.16666666666666666,-0.0019666191511230136
37,2,1,29,10, was ,25438,109,69,87.0,67.0,94.0,131.0,No,11,fixation,0.09803921568627451,-0.0013456362937331794
37,2,1,29,10, was ,25471,108,71,87.0,67.0,94.0,131.0,No,11,fixation,0.06775963568181181,-0.0009175630304382635
37,2,1,29,10, was ,25537,108,74,87.0,67.0,94.0,131.0,No,11,fixation,0.045454545454545456,-0.00033795591253433875
37,2,1,29,10, was ,25594,107,75,87.0,67.0,94.0,131.0,No,11,fixation,0.024810764252159563,-0.0003621716000418578
37,2,1,29,10, was ,25621,107,76,87.0,67.0,94.0,131.0,No,11,fixation,0.037037037037037035,0.0004528249179584249
37,2,1,29,10, was ,25684,107,77,87.0,67.0,94.0,131.0,No,11,fixation,0.015873015873015872,-0.0003359368438733518
37,2,1,29,10, was ,25744,110,79,87.0,67.0,94.0,131.0,No,11,fixation,0.06009252125773315,0.0007369917564119547
37,2,1,29,10, was ,25777,113,81,87.0,67.0,94.0,131.0,No,11,sliding,0.10925912955951482,0.0014898972212661111
37,2,1,29,10, was ,25828,117,82,87.0,67.0,94.0,131.0,No,11,fixation,0.08084520834544433,-0.0005571357100798136
37,2,1,29,10, was ,25888,127,84,87.0,67.0,94.0,131.0,No,11,saccade,0.1699673171197595,0.0014853684795719192
37,2,1,29,11, suffering ,25921,131,85,87.0,67.0,131.0,205.0,No,11,sliding,0.12494259471568668,-0.0013643855273961457
37,2,1,29,11, suffering ,25987,150,86,87.0,67.0,131.0,205.0,No,11,saccade,0.28827723621879464,0.0024747672955016354
37,2,1,29,11, suffering ,26037,163,87,87.0,67.0,131.0,205.0,No,11,saccade,0.260768096208106,-0.0005501828002137731
37,2,1,29,11, suffering ,26072,173,87,87.0,67.0,131.0,205.0,No,11,saccade,0.2857142857142857,0.0007127482716051348
37,2,1,29,11, suffering ,26127,184,85,87.0,67.0,131.0,205.0,No,11,saccade,0.20327890704543544,-0.0014988250667063684
37,2,1,29,11, suffering ,26196,184,85,87.0,67.0,131.0,205.0,No,11,fixation,0.0,-0.0029460711166005137
37,2,1,29,11, suffering ,26219,184,85,87.0,67.0,131.0,205.0,No,11,fixation,0.0,0.0
37,2,1,29,11, suffering ,26279,184,85,87.0,67.0,131.0,205.0,No,11,fixation,0.0,0.0
37,2,1,29,11, suffering ,26348,184,85,87.0,67.0,131.0,205.0,No,11,fixation,0.0,0.0
37,2,1,29,11, suffering ,26382,184,85,87.0,67.0,131.0,205.0,No,11,fixation,0.0,0.0
37,2,1,29,11, suffering ,26439,200,82,87.0,67.0,131.0,205.0,No,11,saccade,0.2855933437912229,0.005010409540196894
37,2,1,29,12, from ,26490,237,80,87.0,67.0,205.0,246.0,No,11,saccade,0.7265493064176042,0.008646195345615318
37,2,1,29,13, the ,26518,255,81,87.0,67.0,246.0,276.0,No,11,saccade,0.643848442047141,-0.0029536022989451144
37,2,1,29,13, the ,26578,271,84,87.0,67.0,246.0,276.0,No,11,saccade,0.2713136766016618,-0.006208912757424653
37,2,1,29,13, the ,26647,271,84,87.0,67.0,246.0,276.0,No,11,fixation,0.0,-0.003932082269589301
37,2,1,29,13, the ,26673,271,84,87.0,67.0,246.0,276.0,No,11,fixation,0.0,0.0
37,2,1,29,13, the ,26742,271,84,87.0,67.0,246.0,276.0,No,11,fixation,0.0,0.0
37,2,1,29,13, the ,26797,271,84,87.0,67.0,246.0,276.0,No,11,fixation,0.0,0.0
37,2,1,29,13, the ,26823,271,84,87.0,67.0,246.0,276.0,No,11,fixation,0.0,0.0
37,2,1,29,14, effects ,26878,287,82,87.0,67.0,276.0,334.0,No,11,saccade,0.29317300902903815,0.005330418345982512
37,2,1,29,14, effects ,26938,329,80,87.0,67.0,276.0,334.0,No,11,saccade,0.7007932013876214,0.006793669872643054
37,2,1,29,15, of ,26973,344,80,87.0,67.0,334.0,354.0,No,11,saccade,0.42857142857142855,-0.007777764937605509
37,2,1,29,15, of ,27033,349,80,87.0,67.0,334.0,354.0,No,11,fixation,0.08333333333333333,-0.0057539682539682535
37,2,1,29,15, of ,27100,349,80,87.0,67.0,334.0,354.0,No,11,fixation,0.0,-0.0012437810945273632
37,2,1,29,15, of ,27117,349,80,87.0,67.0,334.0,354.0,No,11,fixation,0.0,0.0
37,2,1,29,15, of ,27187,349,80,87.0,67.0,334.0,354.0,No,11,fixation,0.0,0.0
37,2,1,29,15, of ,27238,349,80,87.0,67.0,334.0,354.0,No,11,fixation,0.0,0.0
37,2,1,29,15, of ,27268,352,80,87.0,67.0,334.0,354.0,No,11,sliding,0.1,0.0033333333333333335
37,2,1,29,16, limited ,27330,387,79,87.0,67.0,354.0,411.0,No,11,saccade,0.5647464967745677,0.007495911238299479
37,2,1,29,17, natural ,27390,419,79,87.0,67.0,411.0,471.0,No,11,saccade,0.5333333333333333,-0.0005235527240205725
37,2,1,29,17, natural ,27428,419,79,87.0,67.0,411.0,471.0,No,11,saccade,0.0,-0.014035087719298246
37,2,1,29,17, natural ,27481,419,79,87.0,67.0,411.0,471.0,No,11,fixation,0.0,0.0
37,2,1,29,17, natural ,27550,419,79,87.0,67.0,411.0,471.0,No,11,fixation,0.0,0.0
37,2,1,29,17, natural ,27576,419,79,87.0,67.0,411.0,471.0,No,11,fixation,0.0,0.0
37,2,1,29,17, natural ,27635,419,79,87.0,67.0,411.0,471.0,No,11,fixation,0.0,0.0
37,2,1,29,17, natural ,27692,435,78,87.0,67.0,411.0,471.0,No,11,saccade,0.28124946564704206,0.004934201151702493
37,2,1,29,17, natural ,27725,460,77,87.0,67.0,411.0,471.0,No,11,saccade,0.7581815759513214,0.014452488191038768
37,2,1,29,18," resources, ",27791,494,77,87.0,67.0,471.0,560.0,No,11,saccade,0.5151515151515151,-0.0036822736484819134
37,2,1,29,18," resources, ",27838,494,77,87.0,67.0,471.0,560.0,No,11,saccade,0.0,-0.01096067053513862
37,2,1,29,18," resources, ",27874,494,77,87.0,67.0,471.0,560.0,No,11,fixation,0.0,0.0
37,2,1,29,18," resources, ",27944,494,77,87.0,67.0,471.0,560.0,No,11,fixation,0.0,0.0
37,2,1,29,18," resources, ",27997,494,77,87.0,67.0,471.0,560.0,No,11,fixation,0.0,0.0
37,2,1,29,18," resources, ",28027,494,77,87.0,67.0,471.0,560.0,No,11,fixation,0.0,0.0
37,2,1,29,18," resources, ",28089,511,77,87.0,67.0,471.0,560.0,No,11,saccade,0.27419354838709675,0.004422476586888657
37,2,1,29,18," resources, ",28140,549,79,87.0,67.0,471.0,560.0,No,11,saccade,0.7461293172721744,0.009253642527158384
37,2,1,29,19," deforestation, ",28173,566,81,87.0,67.0,560.0,674.0,No,11,saccade,0.51870432632193,-0.006891666392431647
37,2,1,29,19," deforestation, ",28239,577,83,87.0,67.0,560.0,674.0,No,11,saccade,0.16939908920452953,-0.005292503592687886
37,2,1,29,19," deforestation, ",28289,583,83,87.0,67.0,560.0,674.0,No,11,sliding,0.12,-0.0009879817840905908
37,2,1,29,19," deforestation, ",28323,589,83,87.0,67.0,560.0,674.0,No,11,saccade,0.17647058823529413,0.0016608996539792392
37,2,1,29,19," deforestation, ",28389,620,80,87.0,67.0,560.0,674.0,No,11,saccade,0.47189125764840717,0.004476070748683531
37,2,1,29,19," deforestation, ",28439,644,78,87.0,67.0,560.0,674.0,No,11,saccade,0.48166378315169184,0.00019545051006569336
37,2,1,29,19," deforestation, ",28473,658,78,87.0,67.0,560.0,674.0,No,11,saccade,0.4117647058823529,-0.0020558552138040856
37,2,1,29,19," deforestation, ",28528,671,78,87.0,67.0,560.0,674.0,No,11,saccade,0.23636363636363636,-0.0031891103548857555
37,2,1,29,20, and ,28590,683,78,87.0,67.0,674.0,704.0,No,11,saccade,0.1935483870967742,-0.0006905685365622931
37,2,1,29,20, and ,28623,689,79,87.0,67.0,674.0,704.0,No,11,saccade,0.18432613728176422,-0.00027946211560636255
37,2,1,29,20, and ,28680,693,79,87.0,67.0,674.0,704.0,No,11,fixation,0.07017543859649122,-0.002002643836583737
37,2,1,29,20, and ,28746,693,79,87.0,67.0,674.0,704.0,No,11,fixation,0.0,-0.0010632642211589579
37,2,1,29,20, and ,28780,693,79,87.0,67.0,674.0,704.0,No,11,fixation,0.0,0.0
37,2,1,29,18," resources, ",28839,541,68,87.0,67.0,471.0,560.0,No,11,saccade,2.5830085854454525,0.043779806532973774
37,2,1,29,-1,,28889,194,57,,,,,No,11,saccade,6.943486156103432,0.08720955141315959
37,2,1,29,-1,,28918,115,58,,,,,No,11,saccade,2.724356167600508,-0.14548724098285942
37,2,1,29,-1,,28985,78,60,,,,,No,11,saccade,0.5530449944372807,-0.03240762945019742
37,2,1,29,-1,,29038,75,63,,,,,No,11,fixation,0.08004982428526952,-0.008924437172679456
37,2,1,29,-1,,29068,74,67,,,,,No,11,sliding,0.13743685418725535,0.0019129009967328609
37,2,1,29,-1,,29130,76,77,,,,,No,11,saccade,0.16448450043847693,0.00043625235889067064
37,2,1,29,-1,,29187,84,96,,,,,No,11,saccade,0.3616759320717246,0.0034594988005832925
37,2,1,29,-1,,29220,87,105,,,,,No,11,saccade,0.28747978728803447,-0.002248368023748186
37,2,1,29,21, overpopulation. ,29285,95,117,127.0,107.0,94.0,222.0,No,11,saccade,0.22188007849009164,-0.0010092262891991204
37,2,1,29,21, overpopulation. ,29337,103,122,127.0,107.0,94.0,222.0,No,11,saccade,0.1814227140780116,-0.0007780262386938468
37,2,1,29,21, overpopulation. ,29369,108,123,127.0,107.0,94.0,222.0,No,11,saccade,0.15934435979977452,-0.0006899485711949092
37,2,1,29,21, overpopulation. ,29435,117,124,127.0,107.0,94.0,222.0,No,11,sliding,0.1372028051232942,-0.00033547810115879277
37,2,1,29,21, overpopulation. ,29487,123,124,127.0,107.0,94.0,222.0,No,11,sliding,0.11538461538461539,-0.0004195805718976692
37,2,1,29,21, overpopulation. ,29519,128,124,127.0,107.0,94.0,222.0,No,11,saccade,0.15625,0.001277043269230769
37,2,1,29,21, overpopulation. ,29583,136,124,127.0,107.0,94.0,222.0,No,11,sliding,0.125,-0.00048828125
37,2,1,29,21, overpopulation. ,29637,154,124,127.0,107.0,94.0,222.0,No,11,saccade,0.3333333333333333,0.0038580246913580245
37,2,1,29,21, overpopulation. ,29669,163,124,127.0,107.0,94.0,222.0,No,11,saccade,0.28125,-0.001627604166666666
37,2,1,29,21, overpopulation. ,29731,184,125,127.0,107.0,94.0,222.0,No,11,saccade,0.3390934845423974,0.000932959428103184
37,2,1,29,21, overpopulation. ,29798,191,125,127.0,107.0,94.0,222.0,No,11,sliding,0.1044776119402985,-0.0035017294418223715
37,2,1,29,21, overpopulation. ,29833,191,125,127.0,107.0,94.0,222.0,No,11,fixation,0.0,-0.0029850746268656717
37,2,1,29,21, overpopulation. ,29886,191,125,127.0,107.0,94.0,222.0,No,11,fixation,0.0,0.0
37,2,1,29,21, overpopulation. ,29954,191,125,127.0,107.0,94.0,222.0,No,11,fixation,0.0,0.0
37,2,1,29,21, overpopulation. ,29971,191,125,127.0,107.0,94.0,222.0,No,11,fixation,0.0,0.0
37,2,1,29,21, overpopulation. ,30033,191,125,127.0,107.0,94.0,222.0,No,11,fixation,0.0,0.0
37,2,1,29,21, overpopulation. ,30090,210,120,127.0,107.0,94.0,222.0,No,11,saccade,0.34468215270857017,0.006047055310676669
37,2,1,29,22, Over ,30123,237,118,127.0,107.0,222.0,266.0,No,11,saccade,0.820423416404902,0.014416401930191874
37,2,1,29,23, the ,30184,281,125,127.0,107.0,266.0,296.0,No,11,saccade,0.7303826036047693,-0.0014760788983628323
37,2,1,29,23, the ,30240,291,127,127.0,107.0,266.0,296.0,No,11,saccade,0.18210783977117087,-0.009790620782742829
37,2,1,29,23, the ,30270,291,127,127.0,107.0,266.0,296.0,No,11,fixation,0.0,-0.0060702613257056955
37,2,1,29,23, the ,30337,291,127,127.0,107.0,266.0,296.0,No,11,fixation,0.0,0.0
37,2,1,29,23, the ,30390,291,127,127.0,107.0,266.0,296.0,No,11,fixation,0.0,0.0
37,2,1,29,23, the ,30420,291,127,127.0,107.0,266.0,296.0,No,11,fixation,0.0,0.0
37,2,1,29,23, the ,30480,292,127,127.0,107.0,266.0,296.0,No,11,fixation,0.016666666666666666,0.0002777777777777778
37,2,1,29,24, following ,30546,316,126,127.0,107.0,297.0,372.0,No,11,saccade,0.36395188331710043,0.00526189722197627
37,2,1,29,24, following ,30568,338,125,127.0,107.0,297.0,372.0,No,11,saccade,1.001032524797511,0.028958210976382293
37,2,1,29,24, following ,30632,368,126,127.0,107.0,297.0,372.0,No,11,saccade,0.4690103443688636,-0.008312846569197615
37,2,1,29,25, years ,30699,373,126,127.0,107.0,372.0,421.0,No,11,fixation,0.07462686567164178,-0.0058863205775704745
37,2,1,29,25, years ,30720,373,126,127.0,107.0,372.0,421.0,No,11,fixation,0.0,-0.00355366027007818
37,2,1,29,25, years ,30783,373,126,127.0,107.0,372.0,421.0,No,11,fixation,0.0,0.0
37,2,1,29,25, years ,30838,373,126,127.0,107.0,372.0,421.0,No,11,fixation,0.0,0.0
37,2,1,29,25, years ,30870,373,126,127.0,107.0,372.0,421.0,No,11,fixation,0.0,0.0
37,2,1,29,25, years ,30933,382,125,127.0,107.0,372.0,421.0,No,11,sliding,0.14373627203392725,0.002281528127522655
37,2,1,29,26, the ,30987,433,120,127.0,107.0,421.0,451.0,No,11,saccade,0.948972442616219,0.014911780936709107
37,2,1,29,27, island's ,31018,455,120,127.0,107.0,451.0,515.0,No,11,saccade,0.7096774193548387,-0.007719194298754203
37,2,1,29,27, island's ,31080,465,121,127.0,107.0,451.0,515.0,No,11,saccade,0.162094768082595,-0.008831978246326512
37,2,1,29,27, island's ,31138,465,121,127.0,107.0,451.0,515.0,No,11,fixation,0.0,-0.0027947373807343965
37,2,1,29,27, island's ,31182,465,121,127.0,107.0,451.0,515.0,No,11,fixation,0.0,0.0
37,2,1,29,27, island's ,31234,465,121,127.0,107.0,451.0,515.0,No,11,fixation,0.0,0.0
37,2,1,29,27, island's ,31303,465,121,127.0,107.0,451.0,515.0,No,11,fixation,0.0,0.0
37,2,1,29,27, island's ,31319,465,121,127.0,107.0,451.0,515.0,No,11,fixation,0.0,0.0
37,2,1,29,27, island's ,31383,494,120,127.0,107.0,451.0,515.0,No,11,saccade,0.4533943165170909,0.007084286195579545
37,2,1,29,28, population ,31439,537,120,127.0,107.0,515.0,603.0,No,11,saccade,0.7678571428571429,0.005615407613215215
37,2,1,29,28, population ,31467,542,120,127.0,107.0,515.0,603.0,No,11,saccade,0.17857142857142858,-0.021045918367346938
37,2,1,29,28, population ,31533,542,120,127.0,107.0,515.0,603.0,No,11,fixation,0.0,-0.0027056277056277055
37,2,1,29,28, population ,31594,542,120,127.0,107.0,515.0,603.0,No,11,fixation,0.0,0.0
37,2,1,29,28, population ,31630,542,120,127.0,107.0,515.0,603.0,No,11,fixation,0.0,0.0
37,2,1,29,28, population ,31682,542,120,127.0,107.0,515.0,603.0,No,11,fixation,0.0,0.0
37,2,1,29,28, population ,31739,555,117,127.0,107.0,515.0,603.0,No,11,saccade,0.2340642818267778,0.0041063909092417155
37,2,1,29,28, population ,31772,580,113,127.0,107.0,515.0,603.0,No,11,saccade,0.7672114485558887,0.016155974749367
37,2,1,29,30, four ,31840,634,115,127.0,107.0,623.0,659.0,No,11,saccade,0.7946621227121351,0.00040368638465068175
37,2,1,29,30, four ,31893,644,116,127.0,107.0,623.0,659.0,No,11,saccade,0.18962029473813,-0.01141588354667934
37,2,1,29,30, four ,31918,644,116,127.0,107.0,623.0,659.0,No,11,fixation,0.0,-0.0075848117895252
37,2,1,29,30, four ,31980,644,116,127.0,107.0,623.0,659.0,No,11,fixation,0.0,0.0
37,2,1,29,30, four ,32045,644,116,127.0,107.0,623.0,659.0,No,11,fixation,0.0,0.0
37,2,1,29,30, four ,32070,644,116,127.0,107.0,623.0,659.0,No,11,fixation,0.0,0.0
37,2,1,29,30, four ,32131,646,116,127.0,107.0,623.0,659.0,No,11,fixation,0.03278688524590164,0.0005374899220639614
37,2,1,29,31, thousand ,32192,676,114,127.0,107.0,659.0,738.0,No,11,saccade,0.49289496322534126,0.007542755376712125
37,2,1,29,31, thousand ,32218,700,115,127.0,107.0,659.0,738.0,No,11,saccade,0.9238778576511011,0.01657626517022153
37,2,1,29,31, thousand ,32282,725,119,127.0,107.0,659.0,738.0,No,11,saccade,0.3955934031616301,-0.008254444601397983
37,2,1,29,32, or ,32342,739,123,127.0,107.0,738.0,754.0,No,11,saccade,0.24267032964268392,-0.0025487178919824365
37,2,1,29,32, or ,32368,741,123,127.0,107.0,738.0,754.0,No,11,fixation,0.07692307692307693,-0.0063748943353695
37,2,1,29,32, or ,32433,745,124,127.0,107.0,738.0,754.0,No,11,fixation,0.0634323942402717,-0.00020754896435084974
37,2,1,29,32, or ,32488,749,125,127.0,107.0,738.0,754.0,No,11,fixation,0.07496555682941201,0.0002096938652570967
37,2,1,29,32, or ,32526,749,125,127.0,107.0,738.0,754.0,No,11,fixation,0.0,-0.001972777811300316
37,2,1,29,32, or ,32586,749,125,127.0,107.0,738.0,754.0,No,11,fixation,0.0,0.0
37,2,1,29,32, or ,32643,749,126,127.0,107.0,738.0,754.0,No,11,fixation,0.017543859649122806,0.0003077870113881194
37,2,1,29,31, thousand ,32672,716,120,127.0,107.0,659.0,738.0,No,11,saccade,1.1565868849136842,0.03927734569877798
37,2,1,29,30, four ,32729,625,116,127.0,107.0,623.0,659.0,No,11,saccade,1.5980328011299478,0.007744665196776555
37,2,1,29,-1,,33179,110,172,,,,,No,11,saccade,1.1511904734546927,-0.0009929829503894558
37,2,1,29,-1,,33242,86,138,,,,,No,11,saccade,0.6605921284661845,-0.007787275317277908
37,2,1,29,-1,,33275,82,132,,,,,No,11,saccade,0.21851825911902964,-0.013396177859004692
37,2,1,29,-1,,33328,79,129,,,,,No,11,fixation,0.08004982428526952,-0.002612611977995474
37,2,1,29,-1,,33389,78,129,,,,,No,11,fixation,0.01639344262295082,-0.0010435472403658803
37,2,1,29,-1,,33421,78,129,,,,,No,11,fixation,0.0,-0.0005122950819672131
37,2,1,29,-1,,33477,79,129,,,,,No,11,fixation,0.017857142857142856,0.00031887755102040814
37,2,1,29,-1,,33540,93,141,,,,,No,11,saccade,0.29268395102517103,0.0043623302883814
37,2,1,29,33, so ,33568,99,148,167.0,147.0,94.0,118.0,No,11,saccade,0.3292694449033174,0.00130662478136237
37,2,1,29,33, so ,33629,107,156,167.0,147.0,94.0,118.0,No,11,saccade,0.18547063113089773,-0.0023573576028265517
37,2,1,29,33, so ,33696,112,162,167.0,147.0,94.0,118.0,No,11,sliding,0.11657089068517394,-0.001028354335010803
37,2,1,29,33, so ,33719,112,162,167.0,147.0,94.0,118.0,No,11,fixation,0.0,-0.005068299595007562
37,2,1,29,33, so ,33786,112,163,167.0,147.0,94.0,118.0,No,11,fixation,0.014925373134328358,0.0002227667631989307
37,2,1,29,33, so ,33839,112,163,167.0,147.0,94.0,118.0,No,11,fixation,0.0,-0.000281610813855252
37,2,1,29,33, so ,33871,113,163,167.0,147.0,94.0,118.0,No,11,fixation,0.03125,0.0009765625
37,2,1,29,33, so ,33938,114,163,167.0,147.0,94.0,118.0,No,11,fixation,0.014925373134328358,-0.00024365114724883045
37,2,1,29,33, so ,33988,116,163,167.0,147.0,94.0,118.0,No,11,fixation,0.04,0.0005014925373134329
37,2,1,29,33, so ,34022,117,163,167.0,147.0,94.0,118.0,No,11,fixation,0.029411764705882353,-0.0003114186851211073
37,2,1,29,34, was ,34079,124,163,167.0,147.0,118.0,155.0,No,11,sliding,0.12280701754385964,0.001638513207683812
37,2,1,29,34, was ,34137,134,163,167.0,147.0,118.0,155.0,No,11,saccade,0.1724137931034483,0.0008552892337860111
37,2,1,29,34, was ,34171,146,163,167.0,147.0,118.0,155.0,No,11,saccade,0.35294117647058826,0.00530962892256294
37,2,1,29,35, slowly ,34238,177,156,167.0,147.0,155.0,209.0,No,11,saccade,0.4743357785692748,0.0018118597328162166
37,2,1,29,35, slowly ,34287,197,154,167.0,147.0,155.0,209.0,No,11,saccade,0.4101990049437098,-0.0013089137474605096
37,2,1,29,36, eroded ,34321,210,154,167.0,147.0,209.0,270.0,No,11,saccade,0.38235294117647056,-0.0008190018755070367
37,2,1,29,36, eroded ,34388,248,158,167.0,147.0,209.0,270.0,No,11,saccade,0.5702977067027701,0.0028051457541238742
37,2,1,29,36, eroded ,34437,266,161,167.0,147.0,209.0,270.0,No,11,saccade,0.3724140324672379,-0.004038442331337392
37,2,1,29,36, eroded ,34470,269,161,167.0,147.0,209.0,270.0,No,11,fixation,0.09090909090909091,-0.008530452774489302
37,2,1,29,36, eroded ,34534,269,161,167.0,147.0,209.0,270.0,No,11,fixation,0.0,-0.0014204545454545455
37,2,1,29,37, by ,34589,272,161,167.0,147.0,270.0,294.0,No,11,fixation,0.05454545454545454,0.0009917355371900827
37,2,1,29,37, by ,34622,291,155,167.0,147.0,270.0,294.0,No,11,saccade,0.6037836013688266,0.01664358020676885
37,2,1,29,38, Western ,34689,336,146,167.0,147.0,295.0,367.0,No,11,saccade,0.6849429197363442,0.0012113331099629502
37,2,1,29,-1,,34739,354,145,,,,,No,11,saccade,0.3605551275463989,-0.006487755843798907
37,2,1,29,-1,,34767,357,145,,,,,No,11,sliding,0.10714285714285714,-0.00905043822869792
37,2,1,29,-1,,34833,358,145,,,,,No,11,fixation,0.015151515151515152,-0.00139380821199003
37,2,1,29,-1,,34889,358,145,,,,,No,11,fixation,0.0,-0.00027056277056277056
37,2,1,29,-1,,34918,358,145,,,,,No,11,fixation,0.0,0.0
37,2,1,29,-1,,34983,358,145,,,,,No,11,fixation,0.0,0.0
37,2,1,29,-1,,35045,358,145,,,,,No,11,fixation,0.0,0.0
37,2,1,29,-1,,35067,358,145,,,,,No,11,fixation,0.0,0.0
37,2,1,29,38, Western ,35132,354,155,167.0,147.0,295.0,367.0,No,11,saccade,0.16569737868106166,0.0025491904412471024
37,2,1,29,38, Western ,35187,346,168,167.0,147.0,295.0,367.0,No,11,saccade,0.27753340949952265,0.002033382378517473
37,2,1,29,38, Western ,35218,345,169,167.0,147.0,295.0,367.0,No,11,fixation,0.04561979233461597,-0.007481084424674409
37,2,1,29,-1,,35283,345,170,,,,,No,11,fixation,0.015384615384615385,-0.0004651565684615475
37,2,1,29,-1,,35339,345,170,,,,,No,11,fixation,0.0,-0.0002747252747252747
37,2,1,29,-1,,35368,345,170,,,,,No,11,fixation,0.0,0.0
37,2,1,29,-1,,35430,346,170,,,,,No,11,fixation,0.016129032258064516,0.0002601456815816857
37,2,1,29,39, disease ,35489,396,165,167.0,147.0,366.0,433.0,No,11,saccade,0.8516843746712619,0.014161954956155888
37,2,1,29,39, disease ,35522,413,165,167.0,147.0,366.0,433.0,No,11,saccade,0.5151515151515151,-0.010197965439992325
37,2,1,29,39, disease ,35578,420,165,167.0,147.0,366.0,433.0,No,11,sliding,0.125,-0.006966991341991342
37,2,1,29,39, disease ,35642,421,165,167.0,147.0,366.0,433.0,No,11,fixation,0.015625,-0.001708984375
37,2,1,29,39, disease ,35672,423,165,167.0,147.0,366.0,433.0,No,11,fixation,0.06666666666666667,0.0017013888888888888
37,2,1,29,40, and ,35729,436,167,167.0,147.0,433.0,468.0,No,11,saccade,0.2307534462801036,0.002878715431814683
37,2,1,29,40, and ,35795,452,168,167.0,147.0,433.0,468.0,No,11,saccade,0.24289726578608178,0.00018399726524209357
37,2,1,29,40, and ,35819,454,168,167.0,147.0,433.0,468.0,No,11,fixation,0.08333333333333333,-0.0066484971855311865
37,2,1,29,40, and ,35880,454,168,167.0,147.0,433.0,468.0,No,11,fixation,0.0,-0.001366120218579235
37,2,1,29,40, and ,35947,454,168,167.0,147.0,433.0,468.0,No,11,fixation,0.0,0.0
37,2,1,29,40, and ,35967,454,168,167.0,147.0,433.0,468.0,No,11,fixation,0.0,0.0
37,2,1,29,40, and ,36033,454,168,167.0,147.0,433.0,468.0,No,11,fixation,0.0,0.0
37,2,1,29,40, and ,36087,454,168,167.0,147.0,433.0,468.0,No,11,fixation,0.0,0.0
37,2,1,29,40, and ,36118,463,166,167.0,147.0,433.0,468.0,No,11,saccade,0.2974046599126738,0.009593698706860445
37,2,1,29,41, deportation ,36186,511,156,167.0,147.0,468.0,563.0,No,11,saccade,0.7210382748312507,0.006229906101743779
37,2,1,29,41, deportation ,36238,546,155,167.0,147.0,468.0,563.0,No,11,saccade,0.6733515923081383,-0.0009170515869829301
37,2,1,29,41, deportation ,36267,559,157,167.0,147.0,468.0,563.0,No,11,saccade,0.4535498771712381,-0.007579369487479318
37,2,1,29,42, by ,36336,571,160,167.0,147.0,563.0,587.0,No,11,saccade,0.17926546198337653,-0.003975136451997994
37,2,1,29,42, by ,36388,576,162,167.0,147.0,563.0,587.0,No,11,sliding,0.10356086167566353,-0.00145585769822525
37,2,1,29,42, by ,36418,579,162,167.0,147.0,563.0,587.0,No,11,sliding,0.1,-0.00011869538918878412
37,2,1,29,42, by ,36481,582,163,167.0,147.0,563.0,587.0,No,11,fixation,0.050194883494736185,-0.0007905574048454575
37,2,1,29,43, slave ,36540,589,164,167.0,147.0,587.0,634.0,No,11,sliding,0.11984860698077077,0.0011805715845090606
37,2,1,29,43, slave ,36567,598,164,167.0,147.0,587.0,634.0,No,11,saccade,0.3333333333333333,0.007906841716761577
37,2,1,29,43, slave ,36634,608,163,167.0,147.0,587.0,634.0,No,11,sliding,0.14999814359881924,-0.0027363461154405085
37,2,1,29,43, slave ,36688,622,161,167.0,147.0,587.0,634.0,No,11,saccade,0.2618914004394621,0.002072097348900793
37,2,1,29,43, slave ,36718,630,160,167.0,147.0,587.0,634.0,No,11,saccade,0.26874192494328497,0.00022835081679409657
37,2,1,29,44, traders. ,36784,643,159,167.0,147.0,634.0,695.0,No,11,saccade,0.1975515880364439,-0.0010786414682854707
37,2,1,29,44, traders. ,36841,652,159,167.0,147.0,634.0,695.0,No,11,saccade,0.15789473684210525,-0.0006957342314796254
37,2,1,29,44, traders. ,36867,654,159,167.0,147.0,634.0,695.0,No,11,fixation,0.07692307692307693,-0.0031142946122703205
37,2,1,29,44, traders. ,36932,656,159,167.0,147.0,634.0,695.0,No,11,fixation,0.03076923076923077,-0.0007100591715976332
37,2,1,29,44, traders. ,36989,657,159,167.0,147.0,634.0,695.0,No,11,fixation,0.017543859649122806,-0.00023202405473873622
37,2,1,29,44, traders. ,37022,659,159,167.0,147.0,634.0,695.0,No,11,fixation,0.06060606060606061,0.0013049151805132667
37,2,1,29,44, traders. ,37082,660,159,167.0,147.0,634.0,695.0,No,11,fixation,0.016666666666666666,-0.0007323232323232324
37,2,1,29,44, traders. ,37140,663,160,167.0,147.0,634.0,695.0,No,11,fixation,0.05452202862359275,0.00065267865442976
37,2,1,29,44, traders. ,37170,664,160,167.0,147.0,634.0,695.0,No,11,fixation,0.03333333333333333,-0.0007062898430086472
37,2,1,29,44, traders. ,37233,664,160,167.0,147.0,634.0,695.0,No,11,fixation,0.0,-0.0005291005291005291
37,2,1,29,44, traders. ,37289,639,165,167.0,147.0,634.0,695.0,No,11,saccade,0.4552695994279272,0.008129814275498701
37,2,1,29,-1,,37324,606,176,,,,,No,11,saccade,0.9938586931957764,0.015388259821938546
37,2,1,30,0, Binge ,987,114,26,47.0,27.0,94.0,145.0,Yes,6,fixation,0.0,0.0
37,2,1,30,0, Binge ,1047,106,44,47.0,27.0,94.0,145.0,Yes,6,saccade,0.32829526005987014,0.005471587667664503
37,2,1,30,0, Binge ,1081,105,44,47.0,27.0,94.0,145.0,Yes,6,fixation,0.029411764705882353,-0.00879069103982317
37,2,1,30,0, Binge ,1135,105,45,47.0,27.0,94.0,145.0,Yes,6,fixation,0.018518518518518517,-0.00020172678124747844
37,2,1,30,0, Binge ,1199,105,45,47.0,27.0,94.0,145.0,Yes,6,fixation,0.0,-0.00028935185185185184
37,2,1,30,0, Binge ,1233,105,45,47.0,27.0,94.0,145.0,Yes,6,fixation,0.0,0.0
37,2,1,30,0, Binge ,1286,105,45,47.0,27.0,94.0,145.0,Yes,6,fixation,0.0,0.0
37,2,1,30,0, Binge ,1349,105,45,47.0,27.0,94.0,145.0,Yes,6,fixation,0.0,0.0
37,2,1,30,0, Binge ,1374,108,44,47.0,27.0,94.0,145.0,Yes,6,sliding,0.1264911064067352,0.005059644256269408
37,2,1,30,0, Binge ,1434,142,34,47.0,27.0,94.0,145.0,Yes,6,saccade,0.590668171555645,0.007736284419148496
37,2,1,30,1, drinking ,1498,171,31,47.0,27.0,145.0,213.0,Yes,6,saccade,0.4555431167847891,-0.0021113289807946235
37,2,1,30,1, drinking ,1525,174,31,47.0,27.0,145.0,213.0,Yes,6,saccade,0.1111111111111111,-0.012756740950876963
37,2,1,30,1, drinking ,1586,180,31,47.0,27.0,145.0,213.0,Yes,6,fixation,0.09836065573770492,-0.00020902385858042932
37,2,1,30,1, drinking ,1651,180,31,47.0,27.0,145.0,213.0,Yes,6,fixation,0.0,-0.0015132408575031526
37,2,1,30,1, drinking ,1686,180,31,47.0,27.0,145.0,213.0,Yes,6,fixation,0.0,0.0
37,2,1,30,1, drinking ,1738,180,31,47.0,27.0,145.0,213.0,Yes,6,fixation,0.0,0.0
37,2,1,30,1, drinking ,1807,180,31,47.0,27.0,145.0,213.0,Yes,6,fixation,0.0,0.0
37,2,1,30,1, drinking ,1824,180,31,47.0,27.0,145.0,213.0,Yes,6,fixation,0.0,0.0
37,2,1,30,1, drinking ,1887,191,31,47.0,27.0,145.0,213.0,Yes,6,saccade,0.1746031746031746,0.002771478961955152
37,2,1,30,2, may ,1953,216,33,47.0,27.0,213.0,252.0,Yes,6,saccade,0.37999806678740766,0.0031120438209732283
37,2,1,30,2, may ,1974,222,36,47.0,27.0,213.0,252.0,Yes,6,saccade,0.31943828249996997,-0.0028837992517827473
37,2,1,30,2, may ,2037,234,42,47.0,27.0,213.0,252.0,Yes,6,saccade,0.21295885499998,-0.0016901496428569837
37,2,1,30,2, may ,2095,236,44,47.0,27.0,213.0,252.0,Yes,6,fixation,0.048765984909417075,-0.0028309115532855673
37,2,1,30,2, may ,2139,236,44,47.0,27.0,213.0,252.0,Yes,6,fixation,0.0,-0.001108317838850388
37,2,1,30,2, may ,2186,238,44,47.0,27.0,213.0,252.0,Yes,6,fixation,0.0425531914893617,0.0009053870529651426
37,2,1,30,3, not ,2248,265,46,47.0,27.0,252.0,282.0,Yes,6,saccade,0.43667697969938335,0.006356835293710027
37,2,1,30,4, necessarily ,2276,289,47,47.0,27.0,283.0,378.0,Yes,6,saccade,0.8578865821045938,0.015043200085900373
37,2,1,30,4, necessarily ,2336,305,48,47.0,27.0,283.0,378.0,Yes,6,saccade,0.26718699236468996,-0.009844993162331731
37,2,1,30,4, necessarily ,2400,305,48,47.0,27.0,283.0,378.0,Yes,6,fixation,0.0,-0.004174796755698281
37,2,1,30,4, necessarily ,2433,305,48,47.0,27.0,283.0,378.0,Yes,6,fixation,0.0,0.0
37,2,1,30,4, necessarily ,2487,305,48,47.0,27.0,283.0,378.0,Yes,6,fixation,0.0,0.0
37,2,1,30,4, necessarily ,2549,305,48,47.0,27.0,283.0,378.0,Yes,6,fixation,0.0,0.0
37,2,1,30,4, necessarily ,2577,306,48,47.0,27.0,283.0,378.0,Yes,6,fixation,0.03571428571428571,0.0012755102040816326
37,2,1,30,4, necessarily ,2640,349,37,47.0,27.0,283.0,378.0,Yes,6,saccade,0.7045187625768936,0.010615944077184252
37,2,1,30,5, kill ,2699,384,35,47.0,27.0,378.0,404.0,Yes,6,saccade,0.5941880726426476,-0.0018700116938007796
37,2,1,30,5, kill ,2726,398,35,47.0,27.0,378.0,404.0,Yes,6,saccade,0.5185185185185185,-0.002802576078671449
37,2,1,30,5, kill ,2786,398,35,47.0,27.0,378.0,404.0,Yes,6,fixation,0.0,-0.008641975308641974
37,2,1,30,5, kill ,2849,398,35,47.0,27.0,378.0,404.0,Yes,6,fixation,0.0,0.0
37,2,1,30,5, kill ,2883,398,35,47.0,27.0,378.0,404.0,Yes,6,fixation,0.0,0.0
37,2,1,30,5, kill ,2935,398,35,47.0,27.0,378.0,404.0,Yes,6,fixation,0.0,0.0
37,2,1,30,5, kill ,2996,398,35,47.0,27.0,378.0,404.0,Yes,6,fixation,0.0,0.0
37,2,1,30,5, kill ,3025,401,35,47.0,27.0,378.0,404.0,Yes,6,sliding,0.10344827586206896,0.0035671819262782403
37,2,1,30,6, or ,3087,415,35,47.0,27.0,404.0,425.0,Yes,6,saccade,0.22580645161290322,0.001973518963723133
37,2,1,30,6, or ,3145,418,36,47.0,27.0,404.0,425.0,Yes,6,fixation,0.05452202862359275,-0.0029531797067122493
37,2,1,30,6, or ,3174,419,36,47.0,27.0,404.0,425.0,Yes,6,fixation,0.034482758620689655,-0.0006910093104449342
37,2,1,30,6, or ,3240,419,37,47.0,27.0,404.0,425.0,Yes,6,fixation,0.015151515151515152,-0.0002928976283208258
37,2,1,30,6, or ,3308,419,37,47.0,27.0,404.0,425.0,Yes,6,fixation,0.0,-0.00022281639928698754
37,2,1,30,6, or ,3327,419,37,47.0,27.0,404.0,425.0,Yes,6,fixation,0.0,0.0
37,2,1,30,6, or ,3396,419,37,47.0,27.0,404.0,425.0,Yes,6,fixation,0.0,0.0
37,2,1,30,6, or ,3447,420,37,47.0,27.0,404.0,425.0,Yes,6,fixation,0.0196078431372549,0.00038446751249519417
37,2,1,30,6, or ,3485,424,37,47.0,27.0,404.0,425.0,Yes,6,sliding,0.10526315789473684,0.002254087230460051
37,2,1,30,7, even ,3536,454,38,47.0,27.0,425.0,469.0,Yes,6,saccade,0.5885620007766131,0.009476447899644634
37,2,1,30,8, damage ,3598,492,41,47.0,27.0,469.0,539.0,Yes,6,saccade,0.614810275888578,0.0004233592759994325
37,2,1,30,8, damage ,3630,520,46,47.0,27.0,469.0,539.0,Yes,6,saccade,0.8888414158329933,0.008563473123262978
37,2,1,30,-1,,3686,551,51,,,,,Yes,6,saccade,0.5607256595752708,-0.005859209933173616
37,2,1,30,-1,,3750,551,51,,,,,Yes,6,fixation,0.0,-0.008761338430863606
37,2,1,30,-1,,3783,551,51,,,,,Yes,6,fixation,0.0,0.0
37,2,1,30,-1,,3836,551,51,,,,,Yes,6,fixation,0.0,0.0
37,2,1,30,-1,,3896,551,51,,,,,Yes,6,fixation,0.0,0.0
37,2,1,30,-1,,3930,551,51,,,,,Yes,6,fixation,0.0,0.0
37,2,1,30,10," cells, ",3983,588,45,47.0,27.0,584.0,630.0,Yes,6,saccade,0.7072326344902382,0.013344011971513928
37,2,1,30,11, as ,4049,631,44,47.0,27.0,630.0,654.0,Yes,6,saccade,0.65169130810929,-0.0008415352481961851
37,2,1,30,11, as ,4082,637,44,47.0,27.0,630.0,654.0,Yes,6,saccade,0.18181818181818182,-0.014238579584579036
37,2,1,30,11, as ,4134,639,45,47.0,27.0,630.0,654.0,Yes,6,fixation,0.04300130725961134,-0.0026695552799725093
37,2,1,30,11, as ,4198,646,46,47.0,27.0,630.0,654.0,Yes,6,sliding,0.11048543456039805,0.0010544394890747923
37,2,1,30,12, commonly ,4232,654,46,47.0,27.0,654.0,736.0,Yes,6,saccade,0.23529411764705882,0.003670843620195905
37,2,1,30,12, commonly ,4284,663,46,47.0,27.0,654.0,736.0,Yes,6,saccade,0.17307692307692307,-0.001196484510964149
37,2,1,30,12, commonly ,4348,681,46,47.0,27.0,654.0,736.0,Yes,6,saccade,0.28125,0.001690204326923077
37,2,1,30,12, commonly ,4378,685,46,47.0,27.0,654.0,736.0,Yes,6,sliding,0.13333333333333333,-0.004930555555555555
37,2,1,30,12, commonly ,4434,695,47,47.0,27.0,654.0,736.0,Yes,6,saccade,0.17946206466287304,0.0008237273451703519
37,2,1,30,12, commonly ,4495,696,47,47.0,27.0,654.0,736.0,Yes,6,fixation,0.01639344262295082,-0.0026732560990151183
37,2,1,30,12, commonly ,4532,693,47,47.0,27.0,654.0,736.0,Yes,6,fixation,0.08108108108108109,0.0017483145529224395
37,2,1,30,7, even ,4584,455,47,47.0,27.0,425.0,469.0,Yes,6,saccade,4.576923076923077,0.08645849992003839
37,2,1,30,13," thought, ",4649,146,73,87.0,67.0,94.0,164.0,Yes,6,saccade,4.770644951622146,0.002980336533831841
37,2,1,30,13," thought, ",4681,123,76,87.0,67.0,94.0,164.0,Yes,6,saccade,0.7248383440464501,-0.1264314564867405
37,2,1,30,13," thought, ",4743,117,77,87.0,67.0,94.0,164.0,Yes,6,saccade,0.09810907306932612,-0.01010853662866329
37,2,1,30,13," thought, ",4796,117,77,87.0,67.0,94.0,164.0,Yes,6,fixation,0.0,-0.0018511145862137005
37,2,1,30,13," thought, ",4824,117,77,87.0,67.0,94.0,164.0,Yes,6,fixation,0.0,0.0
37,2,1,30,13," thought, ",4885,116,77,87.0,67.0,94.0,164.0,Yes,6,fixation,0.01639344262295082,0.0002687449610319807
37,2,1,30,13," thought, ",4946,115,77,87.0,67.0,94.0,164.0,Yes,6,fixation,0.01639344262295082,0.0
37,2,1,30,13," thought, ",4979,114,77,87.0,67.0,94.0,164.0,Yes,6,fixation,0.030303030303030304,0.00042150265697210555
37,2,1,30,13," thought, ",5046,114,78,87.0,67.0,94.0,164.0,Yes,6,fixation,0.014925373134328358,-0.0002295172711746559
37,2,1,30,13," thought, ",5101,129,81,87.0,67.0,94.0,164.0,Yes,6,saccade,0.278128337105061,0.004785508435831503
37,2,1,30,13," thought, ",5135,146,84,87.0,67.0,94.0,164.0,Yes,6,saccade,0.5077257794597667,0.006752865951608991
37,2,1,30,13," thought, ",5185,161,85,87.0,67.0,94.0,164.0,Yes,6,saccade,0.30066592756745814,-0.004141197037846172
37,2,1,30,14, a ,5252,178,85,87.0,67.0,164.0,179.0,Yes,6,saccade,0.2537313432835821,-0.0007005161833414334
37,2,1,30,15, new ,5286,188,85,87.0,67.0,179.0,217.0,Yes,6,saccade,0.29411764705882354,0.0011878324639776894
37,2,1,30,15, new ,5336,195,85,87.0,67.0,179.0,217.0,Yes,6,sliding,0.14,-0.0030823529411764705
37,2,1,30,15, new ,5402,201,85,87.0,67.0,179.0,217.0,Yes,6,fixation,0.09090909090909091,-0.0007438016528925622
37,2,1,30,15, new ,5435,210,85,87.0,67.0,179.0,217.0,Yes,6,saccade,0.2727272727272727,0.005509641873278236
37,2,1,30,16, animal ,5486,233,81,87.0,67.0,217.0,275.0,Yes,6,saccade,0.4577497070560295,0.00362789086919131
37,2,1,30,17, study ,5552,292,80,87.0,67.0,276.0,324.0,Yes,6,saccade,0.8940677873898139,0.006610880005057339
37,2,1,30,17, study ,5585,306,80,87.0,67.0,276.0,324.0,Yes,6,saccade,0.42424242424242425,-0.014237132216587563
37,2,1,30,17, study ,5638,310,80,87.0,67.0,276.0,324.0,Yes,6,fixation,0.07547169811320754,-0.006580579738287108
37,2,1,30,17, study ,5706,310,80,87.0,67.0,276.0,324.0,Yes,6,fixation,0.0,-0.0011098779134295228
37,2,1,30,17, study ,5732,310,80,87.0,67.0,276.0,324.0,Yes,6,fixation,0.0,0.0
37,2,1,30,17, study ,5793,310,80,87.0,67.0,276.0,324.0,Yes,6,fixation,0.0,0.0
37,2,1,30,17, study ,5844,310,80,87.0,67.0,276.0,324.0,Yes,6,fixation,0.0,0.0
37,2,1,30,17, study ,5875,310,80,87.0,67.0,276.0,324.0,Yes,6,fixation,0.0,0.0
37,2,1,30,18, suggests. ,5935,330,77,87.0,67.0,324.0,406.0,Yes,6,saccade,0.33706247360261143,0.005617707893376857
37,2,1,30,18, suggests. ,5997,374,71,87.0,67.0,324.0,406.0,Yes,6,saccade,0.7162452681024039,0.0061158515241902
37,2,1,30,18, suggests. ,6024,381,71,87.0,67.0,324.0,406.0,Yes,6,saccade,0.25925925925925924,-0.016925407734931282
37,2,1,30,18, suggests. ,6087,384,71,87.0,67.0,324.0,406.0,Yes,6,fixation,0.047619047619047616,-0.003359368438733518
37,2,1,30,18, suggests. ,6146,385,71,87.0,67.0,324.0,406.0,Yes,6,fixation,0.01694915254237288,-0.0005198287301131312
37,2,1,30,18, suggests. ,6179,385,71,87.0,67.0,324.0,406.0,Yes,6,fixation,0.0,-0.0005136106831022085
37,2,1,30,18, suggests. ,6240,385,71,87.0,67.0,324.0,406.0,Yes,6,fixation,0.0,0.0
37,2,1,30,18, suggests. ,6297,387,71,87.0,67.0,324.0,406.0,Yes,6,fixation,0.03508771929824561,0.0006155740227762388
37,2,1,30,18, suggests. ,6323,389,71,87.0,67.0,324.0,406.0,Yes,6,fixation,0.07692307692307693,0.001609052216339666
37,2,1,30,18, suggests. ,6385,391,71,87.0,67.0,324.0,406.0,Yes,6,fixation,0.03225806451612903,-0.0007204034259185144
37,2,1,30,18, suggests. ,6448,401,72,87.0,67.0,324.0,406.0,Yes,6,saccade,0.15952183525588715,0.0020200598530120337
37,2,1,30,19, But ,6480,413,74,87.0,67.0,406.0,438.0,Yes,6,saccade,0.3801726581436387,0.006895338215242236
37,2,1,30,19, But ,6535,425,79,87.0,67.0,406.0,438.0,Yes,6,saccade,0.23636363636363636,-0.0026147094869091335
37,2,1,30,19, But ,6596,426,80,87.0,67.0,406.0,438.0,Yes,6,fixation,0.023183828891362217,-0.0034947509421684284
37,2,1,30,19, But ,6630,426,80,87.0,67.0,406.0,438.0,Yes,6,fixation,0.0,-0.0006818773203341828
37,2,1,30,19, But ,6691,426,80,87.0,67.0,406.0,438.0,Yes,6,fixation,0.0,0.0
37,2,1,30,19, But ,6751,426,80,87.0,67.0,406.0,438.0,Yes,6,fixation,0.0,0.0
37,2,1,30,19, But ,6778,427,80,87.0,67.0,406.0,438.0,Yes,6,fixation,0.037037037037037035,0.0013717421124828531
37,2,1,30,19, But ,6835,431,81,87.0,67.0,406.0,438.0,Yes,6,fixation,0.07233518641434493,0.0006192657785492613
37,2,1,30,21, can ,6904,460,82,87.0,67.0,452.0,486.0,Yes,6,saccade,0.4205396558999104,0.005046441586747325
37,2,1,30,21, can ,6936,472,82,87.0,67.0,452.0,486.0,Yes,6,saccade,0.375,-0.0014231142468721994
37,2,1,30,21, can ,6984,481,82,87.0,67.0,452.0,486.0,Yes,6,saccade,0.1875,-0.00390625
37,2,1,30,21, can ,7048,481,82,87.0,67.0,452.0,486.0,Yes,6,fixation,0.0,-0.0029296875
37,2,1,30,21, can ,7082,481,82,87.0,67.0,452.0,486.0,Yes,6,fixation,0.0,0.0
37,2,1,30,21, can ,7136,481,82,87.0,67.0,452.0,486.0,Yes,6,fixation,0.0,0.0
37,2,1,30,21, can ,7196,481,82,87.0,67.0,452.0,486.0,Yes,6,fixation,0.0,0.0
37,2,1,30,21, can ,7229,481,82,87.0,67.0,452.0,486.0,Yes,6,fixation,0.0,0.0
37,2,1,30,22, block ,7286,486,82,87.0,67.0,486.0,533.0,Yes,6,fixation,0.08771929824561403,0.001538935056940597
37,2,1,30,22, block ,7352,528,77,87.0,67.0,486.0,533.0,Yes,6,saccade,0.6408571509865637,0.008380876556681054
37,2,1,30,23, key ,7381,542,77,87.0,67.0,533.0,566.0,Yes,6,saccade,0.4827586206896552,-0.005451673458514087
37,2,1,30,23, key ,7435,553,76,87.0,67.0,533.0,566.0,Yes,6,saccade,0.20454372254050485,-0.005152127743502784
37,2,1,30,23, key ,7507,553,76,87.0,67.0,533.0,566.0,Yes,6,fixation,0.0,-0.0028408850352847894
37,2,1,30,23, key ,7532,553,76,87.0,67.0,533.0,566.0,Yes,6,fixation,0.0,0.0
37,2,1,30,23, key ,7585,555,76,87.0,67.0,533.0,566.0,Yes,6,fixation,0.03773584905660377,0.0007119971520113919
37,2,1,30,24, receptors ,7647,576,78,87.0,67.0,566.0,646.0,Yes,6,saccade,0.3402423082214353,0.004879136438142444
37,2,1,30,24, receptors ,7682,593,82,87.0,67.0,566.0,646.0,Yes,6,saccade,0.4989785484735137,0.004535321150059383
37,2,1,30,24, receptors ,7734,613,86,87.0,67.0,566.0,646.0,Yes,6,saccade,0.39223227027636803,-0.002052813042252801
37,2,1,30,24, receptors ,7800,618,86,87.0,67.0,566.0,646.0,Yes,6,fixation,0.07575757575757576,-0.004795071129072611
37,2,1,30,24, receptors ,7825,618,86,87.0,67.0,566.0,646.0,Yes,6,fixation,0.0,-0.0030303030303030303
37,2,1,30,24, receptors ,7886,618,86,87.0,67.0,566.0,646.0,Yes,6,fixation,0.0,0.0
37,2,1,30,24, receptors ,7948,618,86,87.0,67.0,566.0,646.0,Yes,6,fixation,0.0,0.0
37,2,1,30,24, receptors ,7983,618,86,87.0,67.0,566.0,646.0,Yes,6,fixation,0.0,0.0
37,2,1,30,24, receptors ,8035,618,86,87.0,67.0,566.0,646.0,Yes,6,fixation,0.0,0.0
37,2,1,30,24, receptors ,8095,618,86,87.0,67.0,566.0,646.0,Yes,6,fixation,0.0,0.0
37,2,1,30,24, receptors ,8134,642,82,87.0,67.0,566.0,646.0,Yes,6,saccade,0.6238730800305866,0.015996745641809914
37,2,1,30,26, the ,8186,684,76,87.0,67.0,665.0,695.0,Yes,6,saccade,0.8158924398306318,0.003692679996154714
37,2,1,30,27, brain ,8246,716,75,87.0,67.0,695.0,735.0,Yes,6,saccade,0.5335936864527374,-0.004704979222964906
37,2,1,30,-1,,8286,746,77,,,,,Yes,6,saccade,0.7516648189186454,0.005451778311647701
37,2,1,30,-1,,8341,761,82,,,,,Yes,6,saccade,0.28747978728803447,-0.00843972784782929
37,2,1,30,-1,,8395,764,83,,,,,Yes,6,fixation,0.058560697410525546,-0.004239242405139054
37,2,1,30,-1,,8428,764,83,,,,,Yes,6,fixation,0.0,-0.0017745665881977438
37,2,1,30,-1,,8486,750,84,,,,,Yes,6,saccade,0.24199429047617585,0.004172315353037514
37,2,1,30,33, steroid ,8556,354,106,127.0,107.0,310.0,369.0,Yes,6,saccade,5.66586629001484,0.07748388570769521
37,2,1,30,30, production ,8580,253,117,127.0,107.0,185.0,274.0,Yes,6,saccade,4.2332185023795885,-0.05969365781813548
37,2,1,30,30, production ,8647,197,126,127.0,107.0,185.0,274.0,Yes,6,saccade,0.8465463231335661,-0.05054734595889586
37,2,1,30,30, production ,8698,190,128,127.0,107.0,185.0,274.0,Yes,6,saccade,0.14274725273099054,-0.013799981772599522
37,2,1,30,30, production ,8731,189,128,127.0,107.0,185.0,274.0,Yes,6,fixation,0.030303030303030304,-0.0034074006796351586
37,2,1,30,30, production ,8785,189,128,127.0,107.0,185.0,274.0,Yes,6,fixation,0.0,-0.0005611672278338945
37,2,1,30,30, production ,8849,188,128,127.0,107.0,185.0,274.0,Yes,6,fixation,0.015625,0.000244140625
37,2,1,30,30, production ,8880,188,128,127.0,107.0,185.0,274.0,Yes,6,fixation,0.0,-0.0005040322580645161
37,2,1,30,30, production ,8936,185,125,127.0,107.0,185.0,274.0,Yes,6,fixation,0.0757614408414158,0.0013528828721681393
37,2,1,30,29, trigger ,8999,179,108,127.0,107.0,129.0,185.0,Yes,6,saccade,0.2861548631320626,0.003339578131597569
37,2,1,30,29, trigger ,9029,179,108,127.0,107.0,129.0,185.0,Yes,6,fixation,0.0,-0.00953849543773542
37,2,1,30,29, trigger ,9085,179,108,127.0,107.0,129.0,185.0,Yes,6,fixation,0.0,0.0
37,2,1,30,29, trigger ,9149,179,108,127.0,107.0,129.0,185.0,Yes,6,fixation,0.0,0.0
37,2,1,30,29, trigger ,9179,179,108,127.0,107.0,129.0,185.0,Yes,6,fixation,0.0,0.0
37,2,1,30,29, trigger ,9239,179,108,127.0,107.0,129.0,185.0,Yes,6,fixation,0.0,0.0
37,2,1,30,29, trigger ,9302,175,108,127.0,107.0,129.0,185.0,Yes,6,fixation,0.06349206349206349,0.0010078105316200553
37,2,1,30,29, trigger ,9324,165,108,127.0,107.0,129.0,185.0,Yes,6,saccade,0.45454545454545453,0.0177751541387905
37,2,1,30,28, and ,9385,118,112,127.0,107.0,94.0,129.0,Yes,6,saccade,0.7732771419718528,0.005225109629940956
37,2,1,30,28, and ,9451,97,115,127.0,107.0,94.0,129.0,Yes,6,saccade,0.32141217326661253,-0.006846438919776368
37,2,1,30,28, and ,9483,95,115,127.0,107.0,94.0,129.0,Yes,6,fixation,0.0625,-0.008091005414581642
37,2,1,30,28, and ,9536,95,116,127.0,107.0,94.0,129.0,Yes,6,fixation,0.018867924528301886,-0.000823246707013172
37,2,1,30,28, and ,9601,95,116,127.0,107.0,94.0,129.0,Yes,6,fixation,0.0,-0.00029027576197387516
37,2,1,30,28, and ,9636,95,116,127.0,107.0,94.0,129.0,Yes,6,fixation,0.0,0.0
37,2,1,30,28, and ,9687,95,116,127.0,107.0,94.0,129.0,Yes,6,fixation,0.0,0.0
37,2,1,30,28, and ,9756,95,116,127.0,107.0,94.0,129.0,Yes,6,fixation,0.0,0.0
37,2,1,30,28, and ,9776,96,116,127.0,107.0,94.0,129.0,Yes,6,fixation,0.05,0.0025
37,2,1,30,28, and ,9835,119,117,127.0,107.0,94.0,129.0,Yes,6,saccade,0.390198794346486,0.005766081260109933
37,2,1,30,29, trigger ,9896,142,117,127.0,107.0,129.0,185.0,Yes,6,saccade,0.3770491803278688,-0.00021556744292815073
37,2,1,30,29, trigger ,9926,154,119,127.0,107.0,129.0,185.0,Yes,6,saccade,0.4055175020198813,0.0009489440564004155
37,2,1,30,29, trigger ,9986,164,119,127.0,107.0,129.0,185.0,Yes,6,saccade,0.16666666666666666,-0.003980847255886911
37,2,1,30,29, trigger ,10052,165,119,127.0,107.0,129.0,185.0,Yes,6,fixation,0.015151515151515152,-0.0022956841138659315
37,2,1,30,29, trigger ,10086,165,119,127.0,107.0,129.0,185.0,Yes,6,fixation,0.0,-0.00044563279857397507
37,2,1,30,29, trigger ,10137,165,119,127.0,107.0,129.0,185.0,Yes,6,fixation,0.0,0.0
37,2,1,30,29, trigger ,10197,165,119,127.0,107.0,129.0,185.0,Yes,6,fixation,0.0,0.0
37,2,1,30,29, trigger ,10230,165,119,127.0,107.0,129.0,185.0,Yes,6,fixation,0.0,0.0
37,2,1,30,29, trigger ,10291,172,118,127.0,107.0,129.0,185.0,Yes,6,sliding,0.11591914445681108,0.0019003138435542799
37,2,1,30,30, production ,10347,217,110,127.0,107.0,185.0,274.0,Yes,6,saccade,0.8161710630018886,0.012504498545447813
37,2,1,30,30, production ,10388,263,106,127.0,107.0,185.0,274.0,Yes,6,saccade,1.126185012742946,0.007561315847342865
37,2,1,30,30, production ,10438,265,106,127.0,107.0,185.0,274.0,Yes,6,saccade,0.04,-0.02172370025485892
37,2,1,30,30, production ,10507,265,106,127.0,107.0,185.0,274.0,Yes,6,fixation,0.0,-0.0005797101449275362
37,2,1,30,30, production ,10523,265,106,127.0,107.0,185.0,274.0,Yes,6,fixation,0.0,0.0
37,2,1,30,30, production ,10593,265,106,127.0,107.0,185.0,274.0,Yes,6,fixation,0.0,0.0
37,2,1,30,30, production ,10644,265,106,127.0,107.0,185.0,274.0,Yes,6,fixation,0.0,0.0
37,2,1,30,30, production ,10677,265,106,127.0,107.0,185.0,274.0,Yes,6,fixation,0.0,0.0
37,2,1,30,30, production ,10740,269,108,127.0,107.0,185.0,274.0,Yes,6,fixation,0.07098628499999332,0.0011267664285713225
37,2,1,30,30, production ,10804,270,115,127.0,107.0,185.0,274.0,Yes,6,sliding,0.11048543456039805,0.000617174211881324
37,2,1,30,30, production ,10826,269,116,127.0,107.0,185.0,274.0,Yes,6,fixation,0.0642824346533225,-0.0021001363594125248
37,2,1,30,30, production ,10888,260,124,127.0,107.0,185.0,274.0,Yes,6,saccade,0.19421926739987574,0.002095755366879891
37,2,1,30,30, production ,10945,254,125,127.0,107.0,185.0,274.0,Yes,6,sliding,0.10671513211049508,-0.0015351602682347485
37,2,1,30,30, production ,10978,254,125,127.0,107.0,185.0,274.0,Yes,6,fixation,0.0,-0.0032337918821362145
37,2,1,30,30, production ,11035,258,121,127.0,107.0,185.0,274.0,Yes,6,fixation,0.09924305700863825,0.0017411062633094431
37,2,1,30,-1,,11104,324,95,,,,,Yes,6,saccade,1.028066542085113,0.01346120992864456
37,2,1,30,-1,,11128,333,94,,,,,Yes,6,saccade,0.37730771408905905,-0.027114951166502244
37,2,1,30,-1,,11194,379,97,,,,,Yes,6,saccade,0.6984503376737036,0.0048657973270400685
37,2,1,30,35, interferes ,11245,415,111,127.0,107.0,404.0,484.0,Yes,6,saccade,0.7573807025814889,0.0011554973511330464
37,2,1,30,35, interferes ,11282,440,124,127.0,107.0,404.0,484.0,Yes,6,saccade,0.7615677191138038,0.00011316260898148385
37,2,1,30,35, interferes ,11343,443,126,127.0,107.0,404.0,484.0,Yes,6,saccade,0.05910739795842605,-0.011515742969760292
37,2,1,30,35, interferes ,11393,444,127,127.0,107.0,404.0,484.0,Yes,6,fixation,0.0282842712474619,-0.000616462534219283
37,2,1,30,35, interferes ,11431,444,128,127.0,107.0,404.0,484.0,Yes,6,fixation,0.02631578947368421,-5.180215194151822e-05
37,2,1,30,-1,,11486,433,135,,,,,Yes,6,saccade,0.2370619056437327,0.0038317475667281544
37,2,1,30,-1,,11552,391,132,,,,,Yes,6,saccade,0.637984947619009,0.006074591545079945
37,2,1,30,33, steroid ,11586,361,120,127.0,107.0,310.0,369.0,Yes,6,saccade,0.95032320125903,0.0091864192247065
37,2,1,30,33, steroid ,11635,344,113,127.0,107.0,310.0,369.0,Yes,6,saccade,0.37519951654796396,-0.01173721805532788
37,2,1,30,33, steroid ,11699,340,111,127.0,107.0,310.0,369.0,Yes,6,fixation,0.06987712429686843,-0.004770662378923368
37,2,1,30,33, steroid ,11732,339,111,127.0,107.0,310.0,369.0,Yes,6,fixation,0.030303030303030304,-0.0011992149695102463
37,2,1,30,33, steroid ,11785,338,111,127.0,107.0,310.0,369.0,Yes,6,fixation,0.018867924528301886,-0.00021575671273072486
37,2,1,30,33, steroid ,11848,338,111,127.0,107.0,310.0,369.0,Yes,6,fixation,0.0,-0.00029949086552860134
37,2,1,30,33, steroid ,11880,338,111,127.0,107.0,310.0,369.0,Yes,6,fixation,0.0,0.0
37,2,1,30,33, steroid ,11938,337,111,127.0,107.0,310.0,369.0,Yes,6,fixation,0.017241379310344827,0.00029726516052318666
37,2,1,30,34, that ,11997,370,116,127.0,107.0,369.0,404.0,Yes,6,saccade,0.5657057379077504,0.009296006077922128
37,2,1,30,34, that ,12025,386,116,127.0,107.0,369.0,404.0,Yes,6,saccade,0.5714285714285714,0.00020438691145789414
37,2,1,30,35, interferes ,12085,426,123,127.0,107.0,404.0,484.0,Yes,6,saccade,0.6767980168082317,0.0017561574229943385
37,2,1,30,35, interferes ,12146,435,125,127.0,107.0,404.0,484.0,Yes,6,saccade,0.1511400730703752,-0.008617343339964861
37,2,1,30,35, interferes ,12177,435,125,127.0,107.0,404.0,484.0,Yes,6,fixation,0.0,-0.004875486228076619
37,2,1,30,35, interferes ,12239,435,125,127.0,107.0,404.0,484.0,Yes,6,fixation,0.0,0.0
37,2,1,30,35, interferes ,12300,440,125,127.0,107.0,404.0,484.0,Yes,6,fixation,0.08196721311475409,0.001343724805159903
37,2,1,30,35, interferes ,12335,461,122,127.0,107.0,404.0,484.0,Yes,6,saccade,0.6060915267313265,0.014974980389044925
37,2,1,30,36, with ,12385,490,115,127.0,107.0,484.0,521.0,Yes,6,saccade,0.5966573556070519,-0.00018868342248549164
37,2,1,30,36, with ,12451,507,112,127.0,107.0,484.0,521.0,Yes,6,saccade,0.26155570457018285,-0.005077297742982864
37,2,1,30,36, with ,12485,514,112,127.0,107.0,484.0,521.0,Yes,6,saccade,0.20588235294117646,-0.0016374515185001877
37,2,1,30,36, with ,12538,517,112,127.0,107.0,484.0,521.0,Yes,6,fixation,0.05660377358490566,-0.002816576968986242
37,2,1,30,36, with ,12606,517,112,127.0,107.0,484.0,521.0,Yes,6,fixation,0.0,-0.0008324084350721421
37,2,1,30,36, with ,12631,517,112,127.0,107.0,484.0,521.0,Yes,6,fixation,0.0,0.0
37,2,1,30,36, with ,12691,517,112,127.0,107.0,484.0,521.0,Yes,6,fixation,0.0,0.0
37,2,1,30,36, with ,12751,517,112,127.0,107.0,484.0,521.0,Yes,6,fixation,0.0,0.0
37,2,1,30,36, with ,12784,517,112,127.0,107.0,484.0,521.0,Yes,6,fixation,0.0,0.0
37,2,1,30,37, brain ,12834,538,112,127.0,107.0,521.0,566.0,Yes,6,saccade,0.42,0.0084
37,2,1,30,38, functions ,12902,577,117,127.0,107.0,566.0,643.0,Yes,6,saccade,0.5782236250393382,0.0023268180152843858
37,2,1,30,38, functions ,12924,581,118,127.0,107.0,566.0,643.0,Yes,6,saccade,0.18741389207353001,-0.0177640787711731
37,2,1,30,38, functions ,12984,585,118,127.0,107.0,566.0,643.0,Yes,6,fixation,0.06666666666666667,-0.0020124537567810558
37,2,1,30,38, functions ,13047,589,120,127.0,107.0,566.0,643.0,Yes,6,fixation,0.07098628499999332,6.856537037026437e-05
37,2,1,30,38, functions ,13080,604,121,127.0,107.0,566.0,643.0,Yes,6,saccade,0.4555544357082699,0.011653580324493231
37,2,1,30,38, functions ,13135,621,122,127.0,107.0,566.0,643.0,Yes,6,saccade,0.3096252066532073,-0.0026532587100920476
37,2,1,30,38, functions ,13194,634,122,127.0,107.0,566.0,643.0,Yes,6,saccade,0.22033898305084745,-0.001513325823768811
37,2,1,30,39, critical ,13227,647,123,127.0,107.0,643.0,699.0,Yes,6,saccade,0.3951031760728878,0.0052958846370315255
37,2,1,30,39, critical ,13290,679,125,127.0,107.0,643.0,699.0,Yes,6,saccade,0.5089276045041714,0.0018067369592267239
37,2,1,30,39, critical ,13346,693,125,127.0,107.0,643.0,699.0,Yes,6,saccade,0.25,-0.004623707223288775
37,2,1,30,39, critical ,13380,696,125,127.0,107.0,643.0,699.0,Yes,6,fixation,0.08823529411764706,-0.004757785467128027
37,2,1,30,40, to ,13441,700,125,127.0,107.0,699.0,714.0,Yes,6,fixation,0.06557377049180328,-0.00037150038730891446
37,2,1,30,40, to ,13500,701,125,127.0,107.0,699.0,714.0,Yes,6,fixation,0.01694915254237288,-0.0008241460669394984
37,2,1,30,40, to ,13536,701,125,127.0,107.0,699.0,714.0,Yes,6,fixation,0.0,-0.00047080979284369113
37,2,1,30,38, functions ,13585,584,111,127.0,107.0,566.0,643.0,Yes,6,saccade,2.404788364988315,0.049077313571190107
37,2,1,30,29, trigger ,13648,172,129,127.0,107.0,129.0,185.0,Yes,6,saccade,6.545920895709778,0.06573226239240418
37,2,1,30,-1,,13674,65,153,,,,,Yes,6,saccade,4.2176369614348665,-0.0895493820874966
37,2,1,30,-1,,13742,23,167,,,,,Yes,6,saccade,0.651057165328784,-0.05244970288391298
37,2,1,30,-1,,13797,22,168,,,,,Yes,6,saccade,0.025712973861329,-0.011369894390317364
37,2,1,30,-1,,13827,22,168,,,,,Yes,6,fixation,0.0,-0.0008570991287109667
37,2,1,30,-1,,13886,22,168,,,,,Yes,6,fixation,0.0,0.0
37,2,1,30,-1,,13948,41,168,,,,,Yes,6,saccade,0.3064516129032258,0.004942767950052029
37,2,1,30,-1,,13975,57,167,,,,,Yes,6,saccade,0.5937488719215332,0.010640639222900275
37,2,1,30,-1,,14033,93,167,,,,,Yes,6,saccade,0.6206896551724138,0.00046449626294621656
37,2,1,30,41, learning ,14098,126,164,167.0,147.0,94.0,163.0,Yes,6,saccade,0.5097858931009505,-0.0017062117241763593
37,2,1,30,41, learning ,14131,148,162,167.0,147.0,94.0,163.0,Yes,6,saccade,0.6694158192234704,0.00483727048856121
37,2,1,30,42, and ,14198,173,161,167.0,147.0,163.0,198.0,Yes,6,saccade,0.3734327165133374,-0.004417658249404969
37,2,1,30,42, and ,14247,175,161,167.0,147.0,163.0,198.0,Yes,6,fixation,0.04081632653061224,-0.006788089591484188
37,2,1,30,42, and ,14281,179,161,167.0,147.0,163.0,198.0,Yes,6,sliding,0.11764705882352941,0.002259727420379917
37,2,1,30,42, and ,14336,196,164,167.0,147.0,163.0,198.0,Yes,6,saccade,0.31386684548421945,0.003567632484739819
37,2,1,30,43, memory. ,14398,225,166,167.0,147.0,198.0,267.0,Yes,6,saccade,0.46885296302414947,0.00249977608935371
37,2,1,30,43, memory. ,14431,242,169,167.0,147.0,198.0,267.0,Yes,6,saccade,0.5231114091403657,0.001644195336855037
37,2,1,30,-1,,14487,279,177,,,,,Yes,6,saccade,0.6759819010981322,0.0027298302135315444
37,2,1,31,0, When ,70030,113,44,47.0,27.0,94.0,146.0,Yes,15,fixation,0.0,0.0
37,2,1,31,0, When ,70081,113,43,47.0,27.0,94.0,146.0,Yes,15,fixation,0.0196078431372549,0.00038446751249519417
37,2,1,31,0, When ,70129,113,43,47.0,27.0,94.0,146.0,Yes,15,fixation,0.0,-0.0004084967320261438
37,2,1,31,0, When ,70179,113,43,47.0,27.0,94.0,146.0,Yes,15,fixation,0.0,0.0
37,2,1,31,0, When ,70218,113,43,47.0,27.0,94.0,146.0,Yes,15,fixation,0.0,0.0
37,2,1,31,0, When ,70272,115,41,47.0,27.0,94.0,146.0,Yes,15,fixation,0.052378280087892415,0.0009699681497757855
37,2,1,31,0, When ,70325,128,38,47.0,27.0,94.0,146.0,Yes,15,saccade,0.2517295106438931,0.00376134397275473
37,2,1,31,1, preparing ,70369,159,37,47.0,27.0,146.0,227.0,Yes,15,saccade,0.7049119281486738,0.010299600397835925
37,2,1,31,1, preparing ,70425,183,37,47.0,27.0,146.0,227.0,Yes,15,saccade,0.42857142857142855,-0.004934651778165093
37,2,1,31,1, preparing ,70475,221,34,47.0,27.0,146.0,227.0,Yes,15,saccade,0.7623647421018367,0.0066758662706081625
37,2,1,31,2, to ,70528,233,34,47.0,27.0,227.0,247.0,Yes,15,saccade,0.22641509433962265,-0.010112257504947436
37,2,1,31,2, to ,70568,233,34,47.0,27.0,227.0,247.0,Yes,15,fixation,0.0,-0.0056603773584905665
37,2,1,31,2, to ,70619,233,34,47.0,27.0,227.0,247.0,Yes,15,fixation,0.0,0.0
37,2,1,31,2, to ,70682,233,34,47.0,27.0,227.0,247.0,Yes,15,fixation,0.0,0.0
37,2,1,31,2, to ,70725,233,34,47.0,27.0,227.0,247.0,Yes,15,fixation,0.0,0.0
37,2,1,31,2, to ,70771,234,34,47.0,27.0,227.0,247.0,Yes,15,fixation,0.021739130434782608,0.0004725897920604915
37,2,1,31,3, check ,70818,256,26,47.0,27.0,247.0,299.0,Yes,15,saccade,0.4980723366263671,0.010134749067906052
37,2,1,31,-1,,70871,307,19,,,,,Yes,15,saccade,0.9712858623572642,0.00892855708926221
37,2,1,31,-1,,70919,335,20,,,,,Yes,15,saccade,0.5837052385884125,-0.008074596328517744
37,2,1,31,-1,,70983,335,20,,,,,Yes,15,fixation,0.0,-0.009120394352943945
37,2,1,31,-1,,71018,335,20,,,,,Yes,15,fixation,0.0,0.0
37,2,1,31,-1,,71072,335,20,,,,,Yes,15,fixation,0.0,0.0
37,2,1,31,-1,,71125,335,20,,,,,Yes,15,fixation,0.0,0.0
37,2,1,31,-1,,71171,335,20,,,,,Yes,15,fixation,0.0,0.0
37,2,1,31,5, of ,71220,332,30,47.0,27.0,330.0,350.0,Yes,15,saccade,0.2130674797736847,0.004348315913748667
37,2,1,31,4, out ,71270,323,45,47.0,27.0,300.0,330.0,Yes,15,saccade,0.34985711369071804,0.0027357926783406665
37,2,1,31,-1,,71318,316,52,,,,,Yes,15,saccade,0.20623947784607635,-0.0029920340800967016
37,2,1,31,-1,,71368,307,54,,,,,Yes,15,saccade,0.18439088914585774,-0.0004369717740043721
37,2,1,31,-1,,71420,294,52,,,,,Yes,15,saccade,0.25294127765319047,0.0013182767020640908
37,2,1,31,3, check ,71471,286,46,47.0,27.0,247.0,299.0,Yes,15,saccade,0.19607843137254902,-0.001114957770208656
37,2,1,31,3, check ,71532,283,44,47.0,27.0,247.0,299.0,Yes,15,fixation,0.05910739795842605,-0.0022454267772807047
37,2,1,31,3, check ,71579,283,44,47.0,27.0,247.0,299.0,Yes,15,fixation,0.0,-0.0012576042118814053
37,2,1,31,3, check ,71618,285,42,47.0,27.0,247.0,299.0,Yes,15,fixation,0.0725237724293895,0.0018595839084458844
37,2,1,31,4, out ,71670,311,39,47.0,27.0,300.0,330.0,Yes,15,saccade,0.5033173972424,0.008284492784865587
37,2,1,31,6, their ,71721,350,37,47.0,27.0,350.0,390.0,Yes,15,saccade,0.7657107525398681,0.005144967750930747
37,2,1,31,6, their ,71768,368,37,47.0,27.0,350.0,390.0,Yes,15,saccade,0.3829787234042553,-0.008143234662459847
37,2,1,31,6, their ,71820,380,40,47.0,27.0,350.0,390.0,Yes,15,saccade,0.23787147840101885,-0.002790523942369932
37,2,1,31,7, hotel ,71871,397,43,47.0,27.0,390.0,434.0,Yes,15,saccade,0.3384838529731778,0.001972791658277626
37,2,1,31,7, hotel ,71918,408,43,47.0,27.0,390.0,434.0,Yes,15,saccade,0.23404255319148937,-0.002222155314504009
37,2,1,31,7, hotel ,71968,409,43,47.0,27.0,390.0,434.0,Yes,15,fixation,0.02,-0.004280851063829787
37,2,1,31,7, hotel ,72029,409,43,47.0,27.0,390.0,434.0,Yes,15,fixation,0.0,-0.0003278688524590164
37,2,1,31,7, hotel ,72083,409,43,47.0,27.0,390.0,434.0,Yes,15,fixation,0.0,0.0
37,2,1,31,7, hotel ,72134,409,43,47.0,27.0,390.0,434.0,Yes,15,fixation,0.0,0.0
37,2,1,31,7, hotel ,72170,409,43,47.0,27.0,390.0,434.0,Yes,15,fixation,0.0,0.0
37,2,1,31,7, hotel ,72223,409,43,47.0,27.0,390.0,434.0,Yes,15,fixation,0.0,0.0
37,2,1,31,7, hotel ,72268,422,37,47.0,27.0,390.0,434.0,Yes,15,saccade,0.3181738014061412,0.007070528920136472
37,2,1,31,-1,,72319,466,24,,,,,Yes,15,saccade,0.8996133134866244,0.01140077474667614
37,2,1,31,-1,,72370,504,23,,,,,Yes,15,saccade,0.7453559924999299,-0.003024653352680285
37,2,1,31,-1,,72431,520,24,,,,,Yes,15,saccade,0.2628068777357606,-0.007910641225642119
37,2,1,31,-1,,72475,520,24,,,,,Yes,15,fixation,0.0,-0.005972883584903651
37,2,1,31,-1,,72520,520,24,,,,,Yes,15,fixation,0.0,0.0
37,2,1,31,-1,,72569,520,24,,,,,Yes,15,fixation,0.0,0.0
37,2,1,31,-1,,72623,520,24,,,,,Yes,15,fixation,0.0,0.0
37,2,1,31,9, some ,72672,521,27,47.0,27.0,485.0,534.0,Yes,15,fixation,0.06453627877894652,0.0013170669138560514
37,2,1,31,9, some ,72725,522,34,47.0,27.0,485.0,534.0,Yes,15,sliding,0.13341637380878255,0.001299624434525208
37,2,1,31,9, some ,72769,523,40,47.0,27.0,485.0,534.0,Yes,15,sliding,0.13824460296132315,0.00010973248073955928
37,2,1,31,9, some ,72822,523,42,47.0,27.0,485.0,534.0,Yes,15,fixation,0.03773584905660377,-0.001896391583107913
37,2,1,31,9, some ,72872,522,43,47.0,27.0,485.0,534.0,Yes,15,fixation,0.0282842712474619,-0.0001890315561828374
37,2,1,31,9, some ,72921,504,44,47.0,27.0,485.0,534.0,Yes,15,saccade,0.3679133954555091,0.006931206616490759
37,2,1,31,9, some ,72973,495,44,47.0,27.0,485.0,534.0,Yes,15,saccade,0.17307692307692307,-0.0037468552380497313
37,2,1,31,9, some ,73018,489,44,47.0,27.0,485.0,534.0,Yes,15,sliding,0.13333333333333333,-0.0008831908831908831
37,2,1,31,9, some ,73072,488,44,47.0,27.0,485.0,534.0,Yes,15,fixation,0.018518518518518517,-0.0021262002743484224
37,2,1,31,9, some ,73124,487,44,47.0,27.0,485.0,534.0,Yes,15,fixation,0.019230769230769232,1.3697129081744506e-05
37,2,1,31,9, some ,73175,487,44,47.0,27.0,485.0,534.0,Yes,15,fixation,0.0,-0.0003770739064856712
37,2,1,31,9, some ,73222,509,39,47.0,27.0,485.0,534.0,Yes,15,saccade,0.48002187968844584,0.01021323148273289
37,2,1,31,10, frequent ,73279,558,32,47.0,27.0,534.0,605.0,Yes,15,saccade,0.8683767488255847,0.006813243318195418
37,2,1,31,10, frequent ,73319,575,32,47.0,27.0,534.0,605.0,Yes,15,saccade,0.425,-0.011084418720639618
37,2,1,31,10, frequent ,73380,601,37,47.0,27.0,534.0,605.0,Yes,15,saccade,0.4340394195040566,0.0001481872049845348
37,2,1,31,11, travelers ,73426,607,37,47.0,27.0,605.0,679.0,Yes,15,sliding,0.13043478260869565,-0.006600100802073065
37,2,1,31,11, travelers ,73478,608,38,47.0,27.0,605.0,679.0,Yes,15,fixation,0.02719641466102106,-0.001985353229762973
37,2,1,31,11, travelers ,73529,608,38,47.0,27.0,605.0,679.0,Yes,15,fixation,0.0,-0.0005332630325690404
37,2,1,31,11, travelers ,73580,608,38,47.0,27.0,605.0,679.0,Yes,15,fixation,0.0,0.0
37,2,1,31,11, travelers ,73632,608,38,47.0,27.0,605.0,679.0,Yes,15,fixation,0.0,0.0
37,2,1,31,11, travelers ,73684,608,38,47.0,27.0,605.0,679.0,Yes,15,fixation,0.0,0.0
37,2,1,31,11, travelers ,73719,608,38,47.0,27.0,605.0,679.0,Yes,15,fixation,0.0,0.0
37,2,1,31,11, travelers ,73768,618,37,47.0,27.0,605.0,679.0,Yes,15,saccade,0.2050995024718549,0.004185704132078672
37,2,1,31,11, travelers ,73819,653,30,47.0,27.0,605.0,679.0,Yes,15,saccade,0.6998654234343039,0.009701292567891156
37,2,1,31,11, travelers ,73868,676,29,47.0,27.0,605.0,679.0,Yes,15,saccade,0.46983120135597295,-0.004694575960782265
37,2,1,31,12, pile ,73923,694,30,47.0,27.0,679.0,712.0,Yes,15,saccade,0.3277773886785445,-0.002582796594135063
37,2,1,31,12, pile ,73970,700,32,47.0,27.0,679.0,712.0,Yes,15,sliding,0.13456500681567574,-0.004110901741763165
37,2,1,31,13, up ,74051,714,36,47.0,27.0,712.0,732.0,Yes,15,saccade,0.17975579973532144,0.0005579110236993296
37,2,1,31,13, up ,74078,716,37,47.0,27.0,712.0,732.0,Yes,15,fixation,0.08281733249999222,-0.0035903136013084895
37,2,1,31,13, up ,74130,721,38,47.0,27.0,712.0,732.0,Yes,15,fixation,0.09805806756909201,0.0002930910590211497
37,2,1,31,13, up ,74205,722,38,47.0,27.0,712.0,732.0,Yes,15,fixation,0.013333333333333334,-0.001129663123143449
37,2,1,31,13, up ,74223,722,38,47.0,27.0,712.0,732.0,Yes,15,fixation,0.0,-0.0007407407407407408
37,2,1,31,11, travelers ,74284,618,31,47.0,27.0,605.0,679.0,Yes,15,saccade,1.7087755855033948,0.028012714516449096
37,2,1,31,-1,,74372,156,2,,,,,Yes,15,saccade,5.260332708737307,0.04035860367311264
37,2,1,31,-1,,74439,103,21,,,,,Yes,15,saccade,0.8403395976274177,-0.06597004643447596
37,2,1,31,-1,,74491,92,28,,,,,Yes,15,saccade,0.2507385540462557,-0.01133848160733004
37,2,1,31,-1,,74522,88,30,,,,,Yes,15,sliding,0.14426245016127676,-0.0034347130285477087
37,2,1,31,-1,,74582,84,33,,,,,Yes,15,fixation,0.08333333333333333,-0.0010154852804657238
37,2,1,31,-1,,74650,84,42,,,,,Yes,15,sliding,0.1323529411764706,0.0007208765859284892
37,2,1,31,-1,,74683,88,50,,,,,Yes,15,saccade,0.27103854272724726,0.004202593986387172
37,2,1,31,-1,,74732,96,62,,,,,Yes,15,saccade,0.2943307163644073,0.00047535048239102077
37,2,1,31,14, their ,74791,101,69,87.0,67.0,94.0,134.0,Yes,15,sliding,0.14580212317021402,-0.002517433782952428
37,2,1,31,14, their ,74820,103,71,87.0,67.0,94.0,134.0,Yes,15,fixation,0.09753196981883415,-0.0016644880465993058
37,2,1,31,14, their ,74884,104,75,87.0,67.0,94.0,134.0,Yes,15,fixation,0.06442352540027595,-0.0005173194440399719
37,2,1,31,14, their ,74940,105,76,87.0,67.0,94.0,134.0,Yes,15,fixation,0.02525381361380527,-0.0006994591390441192
37,2,1,31,14, their ,74970,105,76,87.0,67.0,94.0,134.0,Yes,15,fixation,0.0,-0.0008417937871268423
37,2,1,31,14, their ,75031,107,77,87.0,67.0,94.0,134.0,Yes,15,fixation,0.03665685209016049,0.0006009320014780408
37,2,1,31,14, their ,75099,110,77,87.0,67.0,94.0,134.0,Yes,15,fixation,0.04411764705882353,0.0001097175730685742
37,2,1,31,14, their ,75121,111,77,87.0,67.0,94.0,134.0,Yes,15,fixation,0.045454545454545456,6.076810889645107e-05
37,2,1,31,14, their ,75182,119,80,87.0,67.0,94.0,134.0,Yes,15,sliding,0.14006563516913983,0.0015510014707310555
37,2,1,31,14, their ,75240,125,82,87.0,67.0,94.0,134.0,Yes,15,sliding,0.1090440572471855,-0.0005348547917578334
37,2,1,31,14, their ,75273,127,83,87.0,67.0,94.0,134.0,Yes,15,fixation,0.06775963568181181,-0.0012510430777385965
37,2,1,31,15, used ,75330,139,85,87.0,67.0,134.0,178.0,Yes,15,saccade,0.21343026422099015,0.002555625062090848
37,2,1,31,15, used ,75398,151,88,87.0,67.0,134.0,178.0,Yes,15,saccade,0.18190171877724973,-0.00046365508005500624
37,2,1,31,15, used ,75424,157,88,87.0,67.0,134.0,178.0,Yes,15,saccade,0.23076923076923078,0.0018795196919992713
37,2,1,31,15, used ,75482,170,87,87.0,67.0,134.0,178.0,Yes,15,saccade,0.2248000829380224,-0.000102916341917386
37,2,1,31,16, bath ,75549,180,84,87.0,67.0,178.0,218.0,Yes,15,saccade,0.15582547028224703,-0.0010294718306832144
37,2,1,31,16, bath ,75581,189,83,87.0,67.0,178.0,218.0,Yes,15,saccade,0.2829807855667943,0.003973603602642102
37,2,1,31,16, bath ,75632,198,83,87.0,67.0,178.0,218.0,Yes,15,saccade,0.17647058823529413,-0.0020884352417941208
37,2,1,31,16, bath ,75695,205,84,87.0,67.0,178.0,218.0,Yes,15,sliding,0.11223917161691231,-0.0010195462955298702
37,2,1,31,16, bath ,75728,208,85,87.0,67.0,178.0,218.0,Yes,15,fixation,0.09582659576267817,-0.0004973507834616406
37,2,1,31,16, bath ,75786,210,85,87.0,67.0,178.0,218.0,Yes,15,fixation,0.034482758620689655,-0.0010576523645170434
37,2,1,31,16, bath ,75845,210,85,87.0,67.0,178.0,218.0,Yes,15,fixation,0.0,-0.0005844535359438924
37,2,1,31,16, bath ,75880,210,85,87.0,67.0,178.0,218.0,Yes,15,fixation,0.0,0.0
37,2,1,31,16, bath ,75939,210,85,87.0,67.0,178.0,218.0,Yes,15,fixation,0.0,0.0
37,2,1,31,16, bath ,75994,210,85,87.0,67.0,178.0,218.0,Yes,15,fixation,0.0,0.0
37,2,1,31,16, bath ,76024,210,85,87.0,67.0,178.0,218.0,Yes,15,fixation,0.0,0.0
37,2,1,31,17, towels ,76083,221,81,87.0,67.0,219.0,275.0,Yes,15,saccade,0.19838474424948518,0.0033624532923641555
37,2,1,31,17, towels ,76144,245,76,87.0,67.0,219.0,275.0,Yes,15,saccade,0.4018901859715168,0.0033361547823283874
37,2,1,31,17, towels ,76173,263,78,87.0,67.0,219.0,275.0,Yes,15,saccade,0.624509319871546,0.007676521858621696
37,2,1,31,18, on ,76233,280,81,87.0,67.0,275.0,300.0,Yes,15,saccade,0.2877112750272011,-0.005613300747405748
37,2,1,31,18, on ,76300,290,83,87.0,67.0,275.0,300.0,Yes,15,saccade,0.1522095377191876,-0.0020224139896718434
37,2,1,31,18, on ,76327,292,83,87.0,67.0,275.0,300.0,Yes,15,fixation,0.07407407407407407,-0.002893906060930131
37,2,1,31,19, the ,76384,324,87,87.0,67.0,300.0,330.0,Yes,15,saccade,0.5657724735648104,0.008626287710363795
37,2,1,31,20, bathroom ,76441,340,88,87.0,67.0,330.0,411.0,Yes,15,saccade,0.28124946564704206,-0.004991631717855586
37,2,1,31,20, bathroom ,76475,347,88,87.0,67.0,330.0,411.0,Yes,15,saccade,0.20588235294117646,-0.0022166797854666354
37,2,1,31,20, bathroom ,76531,373,83,87.0,67.0,330.0,411.0,Yes,15,saccade,0.4727929391026331,0.004766260467168868
37,2,1,31,20, bathroom ,76593,388,83,87.0,67.0,330.0,411.0,Yes,15,saccade,0.24193548387096775,-0.003723507342446215
37,2,1,31,20, bathroom ,76625,396,83,87.0,67.0,330.0,411.0,Yes,15,saccade,0.25,0.00025201612903225784
37,2,1,31,20, bathroom ,76680,403,82,87.0,67.0,330.0,411.0,Yes,15,sliding,0.128564869306645,-0.0022079114671519086
37,2,1,31,20, bathroom ,76743,403,82,87.0,67.0,330.0,411.0,Yes,15,fixation,0.0,-0.0020407122112165877
37,2,1,31,20, bathroom ,76775,403,82,87.0,67.0,330.0,411.0,Yes,15,fixation,0.0,0.0
37,2,1,31,20, bathroom ,76843,403,82,87.0,67.0,330.0,411.0,Yes,15,fixation,0.0,0.0
37,2,1,31,20, bathroom ,76905,403,82,87.0,67.0,330.0,411.0,Yes,15,fixation,0.0,0.0
37,2,1,31,20, bathroom ,76922,403,82,87.0,67.0,330.0,411.0,Yes,15,fixation,0.0,0.0
37,2,1,31,21," floor, ",76983,426,79,87.0,67.0,411.0,455.0,Yes,15,saccade,0.3802430657292853,0.006233492880807955
37,2,1,31,22, which ,77052,477,78,87.0,67.0,455.0,506.0,Yes,15,saccade,0.7392725069482232,0.005203325235057071
37,2,1,31,22, which ,77084,497,80,87.0,67.0,455.0,506.0,Yes,15,saccade,0.6281172263200556,-0.0034736025196302374
37,2,1,31,23, would ,77134,508,82,87.0,67.0,506.0,558.0,Yes,15,saccade,0.223606797749979,-0.008090208571401532
37,2,1,31,23, would ,77193,515,84,87.0,67.0,506.0,558.0,Yes,15,sliding,0.12339169303865284,-0.001698561096802138
37,2,1,31,23, would ,77235,520,84,87.0,67.0,506.0,558.0,Yes,15,sliding,0.11904761904761904,-0.0001034303331198524
37,2,1,31,23, would ,77284,524,84,87.0,67.0,506.0,558.0,Yes,15,fixation,0.08163265306122448,-0.0007635707344162154
37,2,1,31,23, would ,77349,541,82,87.0,67.0,506.0,558.0,Yes,15,saccade,0.26334219644036444,0.0027955314366021533
37,2,1,31,23, would ,77371,545,81,87.0,67.0,506.0,558.0,Yes,15,saccade,0.18741389207353001,-0.0034512865621288374
37,2,1,31,24, make ,77438,564,78,87.0,67.0,558.0,607.0,Yes,15,saccade,0.2870952845025574,0.0014877819765526474
37,2,1,31,24, make ,77496,579,77,87.0,67.0,558.0,607.0,Yes,15,saccade,0.25919476514436046,-0.0004810434372102919
37,2,1,31,24, make ,77523,581,77,87.0,67.0,558.0,607.0,Yes,15,fixation,0.07407407407407407,-0.006856321891492089
37,2,1,31,24, make ,77588,589,78,87.0,67.0,558.0,607.0,Yes,15,sliding,0.12403473458920845,0.0007686255463866829
37,2,1,31,24, make ,77648,589,78,87.0,67.0,558.0,607.0,Yes,15,fixation,0.0,-0.0020672455764868076
37,2,1,31,24, make ,77683,589,78,87.0,67.0,558.0,607.0,Yes,15,fixation,0.0,0.0
37,2,1,31,24, make ,77734,589,78,87.0,67.0,558.0,607.0,Yes,15,fixation,0.0,0.0
37,2,1,31,24, make ,77794,589,78,87.0,67.0,558.0,607.0,Yes,15,fixation,0.0,0.0
37,2,1,31,24, make ,77820,596,76,87.0,67.0,558.0,607.0,Yes,15,saccade,0.28000422651078916,0.010769393327338044
37,2,1,31,25, them ,77887,648,71,87.0,67.0,607.0,652.0,Yes,15,saccade,0.7796989783050136,0.007458130623794394
37,2,1,31,26, easy ,77952,671,73,87.0,67.0,652.0,695.0,Yes,15,saccade,0.35518142709585215,-0.006531039249371714
37,2,1,31,26, easy ,77970,672,73,87.0,67.0,652.0,695.0,Yes,15,saccade,0.05555555555555555,-0.016645881752238703
37,2,1,31,26, easy ,78036,673,73,87.0,67.0,652.0,695.0,Yes,15,fixation,0.015151515151515152,-0.0006121824303642485
37,2,1,31,26, easy ,78099,676,76,87.0,67.0,652.0,695.0,Yes,15,fixation,0.06734350297014738,0.0008284442510894005
37,2,1,31,26, easy ,78123,677,76,87.0,67.0,652.0,695.0,Yes,15,fixation,0.041666666666666664,-0.0010698681793116964
37,2,1,31,26, easy ,78184,689,82,87.0,67.0,652.0,695.0,Yes,15,saccade,0.21994111254096294,0.0029225318995786276
37,2,1,31,27, for ,78245,697,84,87.0,67.0,695.0,716.0,Yes,15,sliding,0.13518379100385772,-0.001389464287493528
37,2,1,31,27, for ,78272,701,84,87.0,67.0,695.0,716.0,Yes,15,sliding,0.14814814814814814,0.0004801613757144601
37,2,1,31,27, for ,78329,709,84,87.0,67.0,695.0,716.0,Yes,15,sliding,0.14035087719298245,-0.00013679422728360863
37,2,1,31,27, for ,78390,709,84,87.0,67.0,695.0,716.0,Yes,15,fixation,0.0,-0.0023008340523439745
37,2,1,31,23, would ,78434,555,88,87.0,67.0,506.0,558.0,Yes,15,saccade,3.50118043848213,0.07957228269277568
37,2,1,31,-1,,78481,280,90,,,,,Yes,15,saccade,5.851218566619297,0.05000081123696099
37,2,1,31,-1,,78548,50,108,,,,,Yes,15,saccade,3.4433324272425234,-0.035938599095175716
37,2,1,31,-1,,78581,43,114,,,,,Yes,15,saccade,0.27938013506948145,-0.09587734218706187
37,2,1,31,-1,,78632,41,124,,,,,Yes,15,saccade,0.1999615495526582,-0.001557227166996534
37,2,1,31,-1,,78695,42,135,,,,,Yes,15,saccade,0.17532319074900415,-0.00039108506037546125
37,2,1,31,-1,,78727,43,137,,,,,Yes,15,fixation,0.06987712429686843,-0.0032951895766292413
37,2,1,31,-1,,78781,47,138,,,,,Yes,15,fixation,0.07635380788180852,0.00011993858490629803
37,2,1,31,-1,,78848,78,128,,,,,Yes,15,saccade,0.4861641037284278,0.006116571579800288
37,2,1,31,-1,,78871,81,128,,,,,Yes,15,saccade,0.13043478260869565,-0.015466492222597049
37,2,1,31,-1,,78931,90,128,,,,,Yes,15,sliding,0.15,0.0003260869565217391
37,2,1,31,28, housekeepers ,78994,101,126,127.0,107.0,94.0,212.0,Yes,15,saccade,0.17746571249998333,0.000435963690475926
37,2,1,31,28, housekeepers ,79029,107,126,127.0,107.0,94.0,212.0,Yes,15,saccade,0.17142857142857143,-0.00017248974489748287
37,2,1,31,28, housekeepers ,79081,117,126,127.0,107.0,94.0,212.0,Yes,15,saccade,0.19230769230769232,0.0004015215553677094
37,2,1,31,28, housekeepers ,79148,138,126,127.0,107.0,94.0,212.0,Yes,15,saccade,0.31343283582089554,0.00180783796288363
37,2,1,31,28, housekeepers ,79181,156,124,127.0,107.0,94.0,212.0,Yes,15,saccade,0.5488112204931768,0.007132678323402461
37,2,1,31,28, housekeepers ,79231,187,121,127.0,107.0,94.0,212.0,Yes,15,saccade,0.6228964600958975,0.0014817047920544146
37,2,1,31,29, to ,79298,220,121,127.0,107.0,212.0,232.0,Yes,15,saccade,0.4925373134328358,-0.0019456589054188313
37,2,1,31,29, to ,79320,228,121,127.0,107.0,212.0,232.0,Yes,15,saccade,0.36363636363636365,-0.005859134081657825
37,2,1,31,30, spot. ,79381,244,121,127.0,107.0,232.0,276.0,Yes,15,saccade,0.26229508196721313,-0.0016613324863795167
37,2,1,31,30, spot. ,79446,244,121,127.0,107.0,232.0,276.0,Yes,15,fixation,0.0,-0.00403530895334174
37,2,1,31,30, spot. ,79479,244,121,127.0,107.0,232.0,276.0,Yes,15,fixation,0.0,0.0
37,2,1,31,30, spot. ,79536,244,121,127.0,107.0,232.0,276.0,Yes,15,fixation,0.0,0.0
37,2,1,31,30, spot. ,79596,244,121,127.0,107.0,232.0,276.0,Yes,15,fixation,0.0,0.0
37,2,1,31,30, spot. ,79630,244,121,127.0,107.0,232.0,276.0,Yes,15,fixation,0.0,0.0
37,2,1,31,30, spot. ,79682,266,118,127.0,107.0,232.0,276.0,Yes,15,saccade,0.42699237136874074,0.008211391757091168
37,2,1,31,31, Other ,79740,295,115,127.0,107.0,277.0,327.0,Yes,15,saccade,0.5026682667970086,0.0013047568177287563
37,2,1,31,31, Other ,79773,313,115,127.0,107.0,277.0,327.0,Yes,15,saccade,0.5454545454545454,0.0012965538987132368
37,2,1,31,31, Other ,79833,323,116,127.0,107.0,277.0,327.0,Yes,15,saccade,0.1674979270186815,-0.0062992769739310655
37,2,1,31,31, Other ,79895,325,116,127.0,107.0,277.0,327.0,Yes,15,fixation,0.03225806451612903,-0.002181288104879878
37,2,1,31,31, Other ,79924,325,116,127.0,107.0,277.0,327.0,Yes,15,fixation,0.0,-0.0011123470522803114
37,2,1,31,31, Other ,79989,326,116,127.0,107.0,277.0,327.0,Yes,15,fixation,0.015384615384615385,0.0002366863905325444
37,2,1,31,32, travelers ,80051,332,116,127.0,107.0,327.0,401.0,Yes,15,fixation,0.0967741935483871,0.0013127351316737372
37,2,1,31,32, travelers ,80070,365,113,127.0,107.0,327.0,401.0,Yes,15,saccade,1.7440043711348308,0.08669632513612861
37,2,1,31,32, travelers ,80134,395,108,127.0,107.0,327.0,401.0,Yes,15,saccade,0.4752158226795484,-0.019824821069613786
37,2,1,31,33, neatly ,80193,405,107,127.0,107.0,401.0,454.0,Yes,15,saccade,0.17033687493425237,-0.005167439792293153
37,2,1,31,33, neatly ,80224,405,107,127.0,107.0,401.0,454.0,Yes,15,fixation,0.0,-0.005494737901104915
37,2,1,31,33, neatly ,80292,405,107,127.0,107.0,401.0,454.0,Yes,15,fixation,0.0,0.0
37,2,1,31,33, neatly ,80352,405,107,127.0,107.0,401.0,454.0,Yes,15,fixation,0.0,0.0
37,2,1,31,33, neatly ,80377,405,107,127.0,107.0,401.0,454.0,Yes,15,fixation,0.0,0.0
37,2,1,31,33, neatly ,80439,405,107,127.0,107.0,401.0,454.0,Yes,15,fixation,0.0,0.0
37,2,1,31,33, neatly ,80500,402,111,127.0,107.0,401.0,454.0,Yes,15,fixation,0.08196721311475409,0.001343724805159903
37,2,1,31,32, travelers ,80534,389,121,127.0,107.0,327.0,401.0,Yes,15,saccade,0.4823888078487273,0.011777105727469801
37,2,1,31,-1,,80585,362,134,,,,,Yes,15,saccade,0.5875813358341841,0.0020625985879501344
37,2,1,31,-1,,80640,336,145,,,,,Yes,15,saccade,0.5132943350361129,-0.001350672741783114
37,2,1,31,-1,,80670,330,147,,,,,Yes,15,saccade,0.21081851067789198,-0.010082527478607363
37,2,1,31,-1,,80731,329,147,,,,,Yes,15,fixation,0.01639344262295082,-0.0031872961976219865
37,2,1,31,-1,,80793,371,134,,,,,Yes,15,saccade,0.7091273528058261,0.011173127583594763
37,2,1,31,33, neatly ,80822,403,127,127.0,107.0,401.0,454.0,Yes,15,saccade,1.1295406451144274,0.014497010079606944
37,2,1,31,33, neatly ,80879,444,128,127.0,107.0,401.0,454.0,Yes,15,saccade,0.7195121633126272,-0.007193482136873687
37,2,1,31,-1,,80946,461,132,,,,,Yes,15,saccade,0.26066043576974596,-0.006848533246908676
37,2,1,31,-1,,80971,465,133,,,,,Yes,15,saccade,0.1649242250247064,-0.003829448429801582
37,2,1,31,-1,,81034,470,134,,,,,Yes,15,fixation,0.08093681767607594,-0.0013331334499782615
37,2,1,31,-1,,81099,472,135,,,,,Yes,15,fixation,0.034401045807689073,-0.0007159349518213364
37,2,1,31,-1,,81124,473,135,,,,,Yes,15,fixation,0.04,0.0002239581676924371
37,2,1,31,-1,,81184,500,134,,,,,Yes,15,saccade,0.4503085362035432,0.006838475603392387
37,2,1,31,-1,,81250,510,131,,,,,Yes,15,saccade,0.15818646225622046,-0.00442609202950489
37,2,1,31,35," them, ",81276,511,129,127.0,107.0,488.0,538.0,Yes,15,fixation,0.08600261451922268,-0.0027763018360383762
37,2,1,31,35," them, ",81335,512,122,127.0,107.0,488.0,538.0,Yes,15,sliding,0.11984860698077077,0.0005736608891787811
37,2,1,31,35," them, ",81396,512,118,127.0,107.0,488.0,538.0,Yes,15,fixation,0.06557377049180328,-0.000889751417851926
37,2,1,31,35," them, ",81427,512,118,127.0,107.0,488.0,538.0,Yes,15,fixation,0.0,-0.0021152829190904283
37,2,1,31,35," them, ",81480,524,116,127.0,107.0,488.0,538.0,Yes,15,saccade,0.22953820869049885,0.00433090959793394
37,2,1,31,36, or ,81544,554,117,127.0,107.0,538.0,559.0,Yes,15,saccade,0.4690103443688636,0.003741752119974449
37,2,1,31,37, hang ,81579,577,119,127.0,107.0,559.0,604.0,Yes,15,saccade,0.6596226503208683,0.005446065884342992
37,2,1,31,37, hang ,81630,581,119,127.0,107.0,559.0,604.0,Yes,15,saccade,0.0784313725490196,-0.01139590740729115
37,2,1,31,37, hang ,81693,581,119,127.0,107.0,559.0,604.0,Yes,15,fixation,0.0,-0.0012449424214130097
37,2,1,31,37, hang ,81727,581,119,127.0,107.0,559.0,604.0,Yes,15,fixation,0.0,0.0
37,2,1,31,37, hang ,81780,581,119,127.0,107.0,559.0,604.0,Yes,15,fixation,0.0,0.0
37,2,1,31,37, hang ,81850,581,119,127.0,107.0,559.0,604.0,Yes,15,fixation,0.0,0.0
37,2,1,31,37, hang ,81882,595,118,127.0,107.0,559.0,604.0,Yes,15,saccade,0.4386146514880687,0.013706707859002147
37,2,1,31,38, them ,81932,633,115,127.0,107.0,604.0,649.0,Yes,15,saccade,0.7623647421018367,0.006475001812275359
37,2,1,31,39, from ,81995,673,116,127.0,107.0,649.0,690.0,Yes,15,saccade,0.6351190166267477,-0.002019773420239507
37,2,1,31,39, from ,82032,687,116,127.0,107.0,649.0,690.0,Yes,15,saccade,0.3783783783783784,-0.006938936168874847
37,2,1,31,40, the ,82080,690,117,127.0,107.0,690.0,715.0,Yes,15,fixation,0.06588078458684124,-0.006510366537323692
37,2,1,31,40, the ,82148,695,117,127.0,107.0,690.0,715.0,Yes,15,fixation,0.07352941176470588,0.00011247981143918595
37,2,1,31,40, the ,82177,696,117,127.0,107.0,690.0,715.0,Yes,15,fixation,0.034482758620689655,-0.0013464363153109045
37,2,1,31,40, the ,82234,696,117,127.0,107.0,690.0,715.0,Yes,15,fixation,0.0,-0.0006049606775559588
37,2,1,31,37, hang ,82300,599,120,127.0,107.0,559.0,604.0,Yes,15,saccade,1.4703997070317087,0.022278783439874376
37,2,1,31,33, neatly ,82322,427,129,127.0,107.0,401.0,454.0,Yes,15,saccade,7.8288774619385615,0.2890217161321296
37,2,1,31,-1,,82382,16,183,,,,,Yes,15,saccade,6.908871108943921,-0.015333439216577342
37,2,1,31,-1,,82681,39,190,,,,,Yes,15,saccade,0.08040679117171443,-0.022837673303585975
37,2,1,31,-1,,82743,71,172,,,,,Yes,15,saccade,0.5921793467963168,0.008254396058461328
37,2,1,31,-1,,82770,80,169,,,,,Yes,15,saccade,0.35136418446315326,-0.008919080086413464
37,2,1,31,41, shower ,82830,107,163,167.0,147.0,94.0,157.0,Yes,15,saccade,0.4609772228646444,0.0018268839733581851
37,2,1,31,41, shower ,82893,148,156,167.0,147.0,94.0,157.0,Yes,15,saccade,0.6602106140662038,0.0031624347809771345
37,2,1,31,42, curtain ,82920,198,156,167.0,147.0,157.0,216.0,Yes,15,saccade,1.8518518518518519,0.0441348606587277
37,2,1,31,-1,,82979,280,181,,,,,Yes,15,saccade,1.452988282721884,-0.006760399476779115
37,2,1,32,0, In ,1612,104,37,47.0,27.0,94.0,114.0,Yes,18,fixation,0.0,0.0
37,2,1,32,0, In ,1679,110,38,47.0,27.0,94.0,114.0,Yes,18,fixation,0.09078750045221223,0.001355037320182272
37,2,1,32,0, In ,1701,111,39,47.0,27.0,94.0,114.0,Yes,18,fixation,0.0642824346533225,-0.0012047757181313512
37,2,1,32,1, no ,1763,114,40,47.0,27.0,114.0,139.0,Yes,18,fixation,0.05100447838981257,-0.00021416058489532157
37,2,1,32,1, no ,1829,120,41,47.0,27.0,114.0,139.0,Yes,18,fixation,0.09216306864088211,0.000623615003804084
37,2,1,32,1, no ,1862,131,42,47.0,27.0,114.0,139.0,Yes,18,saccade,0.3347079096117352,0.007349843665783427
37,2,1,32,2, celestial ,1912,162,43,47.0,27.0,139.0,209.0,Yes,18,saccade,0.620322496770833,0.005712291743181956
37,2,1,32,2, celestial ,1979,181,44,47.0,27.0,139.0,209.0,Yes,18,saccade,0.2839745909020962,-0.005020117998040847
37,2,1,32,2, celestial ,2002,182,44,47.0,27.0,139.0,209.0,Yes,18,saccade,0.043478260869565216,-0.010456362175327433
37,2,1,32,2, celestial ,2062,189,43,47.0,27.0,139.0,209.0,Yes,18,sliding,0.11785113019775792,0.001239547822136545
37,2,1,32,3," hurry, ",2125,222,38,47.0,27.0,209.0,259.0,Yes,18,saccade,0.5297879132786869,0.006538679096522682
37,2,1,32,3," hurry, ",2146,225,38,47.0,27.0,209.0,259.0,Yes,18,saccade,0.14285714285714285,-0.01842527478197829
37,2,1,32,3," hurry, ",2207,233,38,47.0,27.0,209.0,259.0,Yes,18,sliding,0.13114754098360656,-0.0001919606864514145
37,2,1,32,3," hurry, ",2280,233,38,47.0,27.0,209.0,259.0,Yes,18,fixation,0.0,-0.001796541657309679
37,2,1,32,3," hurry, ",2300,233,38,47.0,27.0,209.0,259.0,Yes,18,fixation,0.0,0.0
37,2,1,32,3," hurry, ",2369,233,38,47.0,27.0,209.0,259.0,Yes,18,fixation,0.0,0.0
37,2,1,32,3," hurry, ",2421,233,38,47.0,27.0,209.0,259.0,Yes,18,fixation,0.0,0.0
37,2,1,32,3," hurry, ",2456,233,38,47.0,27.0,209.0,259.0,Yes,18,fixation,0.0,0.0
37,2,1,32,3," hurry, ",2510,233,38,47.0,27.0,209.0,259.0,Yes,18,fixation,0.0,0.0
37,2,1,32,3," hurry, ",2579,233,38,47.0,27.0,209.0,259.0,Yes,18,fixation,0.0,0.0
37,2,1,32,3," hurry, ",2605,233,38,47.0,27.0,209.0,259.0,Yes,18,fixation,0.0,0.0
37,2,1,32,3," hurry, ",2673,233,38,47.0,27.0,209.0,259.0,Yes,18,fixation,0.0,0.0
37,2,1,32,3," hurry, ",2724,227,39,47.0,27.0,209.0,259.0,Yes,18,sliding,0.11926985353525921,0.0023386245791227295
37,2,1,32,3," hurry, ",2751,214,42,47.0,27.0,209.0,259.0,Yes,18,saccade,0.4941357060787531,0.013883920464573849
37,2,1,32,2, celestial ,2807,201,42,47.0,27.0,139.0,209.0,Yes,18,saccade,0.23214285714285715,-0.004678443730998142
37,2,1,32,2, celestial ,2869,185,42,47.0,27.0,139.0,209.0,Yes,18,saccade,0.25806451612903225,0.0004180912739705661
37,2,1,32,2, celestial ,2906,180,42,47.0,27.0,139.0,209.0,Yes,18,sliding,0.13513513513513514,-0.0033224157025377597
37,2,1,32,2, celestial ,2966,178,42,47.0,27.0,139.0,209.0,Yes,18,fixation,0.03333333333333333,-0.001696696696696697
37,2,1,32,2, celestial ,3032,178,42,47.0,27.0,139.0,209.0,Yes,18,fixation,0.0,-0.000505050505050505
37,2,1,32,2, celestial ,3048,178,43,47.0,27.0,139.0,209.0,Yes,18,fixation,0.0625,0.00390625
37,2,1,32,2, celestial ,3107,181,43,47.0,27.0,139.0,209.0,Yes,18,fixation,0.05084745762711865,-0.0001975007181844297
37,2,1,32,3," hurry, ",3173,211,45,47.0,27.0,209.0,259.0,Yes,18,saccade,0.4555544357082699,0.0061319239103204744
37,2,1,32,3," hurry, ",3211,230,48,47.0,27.0,209.0,259.0,Yes,18,saccade,0.5061943174124037,0.001332628465898258
37,2,1,32,-1,,3256,237,50,,,,,Yes,18,saccade,0.1617802197617893,-0.007653646614458098
37,2,1,32,-1,,3318,248,52,,,,,Yes,18,saccade,0.18032806270159596,0.0002991587570936558
37,2,1,32,-1,,3354,255,53,,,,,Yes,18,saccade,0.19641855032959654,0.00044695798966668286
37,2,1,32,-1,,3409,262,53,,,,,Yes,18,sliding,0.12727272727272726,-0.0012571967828521689
37,2,1,32,-1,,3471,270,53,,,,,Yes,18,sliding,0.12903225806451613,2.8379528899820418e-05
37,2,1,32,-1,,3505,276,52,,,,,Yes,18,saccade,0.1789047803028888,0.0014668388893639024
37,2,1,32,4, Neptune ,3557,302,45,47.0,27.0,259.0,332.0,Yes,18,saccade,0.5178043083783177,0.006517298616835171
37,2,1,32,4, Neptune ,3617,325,41,47.0,27.0,259.0,332.0,Yes,18,saccade,0.3890872509976251,-0.00214528428967821
37,2,1,32,5, has ,3654,333,38,47.0,27.0,332.0,366.0,Yes,18,saccade,0.23091902014371704,-0.004274817050105623
37,2,1,32,5, has ,3708,338,37,47.0,27.0,332.0,366.0,Yes,18,fixation,0.09442628728875527,-0.0025276432010178105
37,2,1,32,5, has ,3769,342,35,47.0,27.0,332.0,366.0,Yes,18,fixation,0.07331370418032097,-0.00034610791981039827
37,2,1,32,5, has ,3803,345,35,47.0,27.0,332.0,366.0,Yes,18,fixation,0.08823529411764706,0.0004388702922742968
37,2,1,32,5, has ,3857,350,35,47.0,27.0,332.0,366.0,Yes,18,fixation,0.09259259259259259,8.069071249899116e-05
37,2,1,32,5, has ,3920,361,37,47.0,27.0,332.0,366.0,Yes,18,saccade,0.17746571249998333,0.0013471923794823927
37,2,1,32,6, just ,3954,367,40,47.0,27.0,366.0,399.0,Yes,18,saccade,0.19730011566174616,0.0005833647988753773
37,2,1,32,6, just ,4021,374,43,47.0,27.0,366.0,399.0,Yes,18,sliding,0.11366825531140162,-0.0012482367216469334
37,2,1,32,6, just ,4067,375,43,47.0,27.0,366.0,399.0,Yes,18,fixation,0.021739130434782608,-0.0019984592364482396
37,2,1,32,6, just ,4100,375,43,47.0,27.0,366.0,399.0,Yes,18,fixation,0.0,-0.0006587615283267457
37,2,1,32,6, just ,4161,375,43,47.0,27.0,366.0,399.0,Yes,18,fixation,0.0,0.0
37,2,1,32,6, just ,4231,375,43,47.0,27.0,366.0,399.0,Yes,18,fixation,0.0,0.0
37,2,1,32,6, just ,4249,375,43,47.0,27.0,366.0,399.0,Yes,18,fixation,0.0,0.0
37,2,1,32,6, just ,4316,375,43,47.0,27.0,366.0,399.0,Yes,18,fixation,0.0,0.0
37,2,1,32,6, just ,4370,375,43,47.0,27.0,366.0,399.0,Yes,18,fixation,0.0,0.0
37,2,1,32,6, just ,4402,378,43,47.0,27.0,366.0,399.0,Yes,18,fixation,0.09375,0.0029296875
37,2,1,32,6, just ,4457,397,38,47.0,27.0,366.0,399.0,Yes,18,saccade,0.3572160491707,0.004790291803103636
37,2,1,32,7, completed ,4518,400,38,47.0,27.0,399.0,487.0,Yes,18,fixation,0.04918032786885246,-0.005049765922981107
37,2,1,32,7, completed ,4547,401,38,47.0,27.0,399.0,487.0,Yes,18,fixation,0.034482758620689655,-0.0005068127326952691
37,2,1,32,7, completed ,4613,401,38,47.0,27.0,399.0,487.0,Yes,18,fixation,0.0,-0.000522466039707419
37,2,1,32,7, completed ,4669,401,38,47.0,27.0,399.0,487.0,Yes,18,fixation,0.0,0.0
37,2,1,32,7, completed ,4701,402,38,47.0,27.0,399.0,487.0,Yes,18,fixation,0.03125,0.0009765625
37,2,1,32,7, completed ,4756,411,38,47.0,27.0,399.0,487.0,Yes,18,saccade,0.16363636363636364,0.00240702479338843
37,2,1,32,7, completed ,4824,442,40,47.0,27.0,399.0,487.0,Yes,18,saccade,0.4568301343237961,0.004311673098344595
37,2,1,32,7, completed ,4857,464,42,47.0,27.0,399.0,487.0,Yes,18,saccade,0.6694158192234704,0.006441990451505281
37,2,1,32,7, completed ,4906,472,43,47.0,27.0,399.0,487.0,Yes,18,saccade,0.1645358724142561,-0.010303672383861515
37,2,1,32,7, completed ,4969,473,43,47.0,27.0,399.0,487.0,Yes,18,fixation,0.015873015873015872,-0.0023597278816069878
37,2,1,32,7, completed ,5011,473,43,47.0,27.0,399.0,487.0,Yes,18,fixation,0.0,-0.00037792894935752074
37,2,1,32,7, completed ,5063,473,43,47.0,27.0,399.0,487.0,Yes,18,fixation,0.0,0.0
37,2,1,32,7, completed ,5125,473,43,47.0,27.0,399.0,487.0,Yes,18,fixation,0.0,0.0
37,2,1,32,7, completed ,5159,473,43,47.0,27.0,399.0,487.0,Yes,18,fixation,0.0,0.0
37,2,1,32,7, completed ,5207,478,42,47.0,27.0,399.0,487.0,Yes,18,sliding,0.10622957319984967,0.0022131161083302014
37,2,1,32,9, first ,5269,512,36,47.0,27.0,510.0,544.0,Yes,18,saccade,0.5568605323107119,0.007268241275981648
37,2,1,32,9, first ,5302,532,35,47.0,27.0,510.0,544.0,Yes,18,saccade,0.6068177089242663,0.001513853836774378
37,2,1,32,10, orbit ,5360,552,37,47.0,27.0,544.0,584.0,Yes,18,saccade,0.3465474352110652,-0.0044874185122965714
37,2,1,32,10, orbit ,5429,552,37,47.0,27.0,544.0,584.0,Yes,18,fixation,0.0,-0.005022426597261815
37,2,1,32,10, orbit ,5454,552,37,47.0,27.0,544.0,584.0,Yes,18,fixation,0.0,0.0
37,2,1,32,10, orbit ,5506,552,37,47.0,27.0,544.0,584.0,Yes,18,fixation,0.0,0.0
37,2,1,32,10, orbit ,5575,552,37,47.0,27.0,544.0,584.0,Yes,18,fixation,0.0,0.0
37,2,1,32,10, orbit ,5599,552,37,47.0,27.0,544.0,584.0,Yes,18,fixation,0.0,0.0
37,2,1,32,10, orbit ,5657,581,32,47.0,27.0,544.0,584.0,Yes,18,saccade,0.5073772058469711,0.008747882859430536
37,2,1,32,11, around ,5718,620,30,47.0,27.0,584.0,645.0,Yes,18,saccade,0.6401843996644798,0.002177167111762438
37,2,1,32,11, around ,5748,636,31,47.0,27.0,584.0,645.0,Yes,18,saccade,0.5343739847293799,-0.003527013831169997
37,2,1,32,12, the ,5807,653,34,47.0,27.0,645.0,675.0,Yes,18,saccade,0.2925877373157978,-0.004098071990060714
37,2,1,32,12, the ,5873,666,35,47.0,27.0,645.0,675.0,Yes,18,saccade,0.1975515880364439,-0.001439941655747786
37,2,1,32,12, the ,5901,669,35,47.0,27.0,645.0,675.0,Yes,18,sliding,0.10714285714285714,-0.0032288832461995274
37,2,1,32,13, sun ,5960,692,36,47.0,27.0,675.0,709.0,Yes,18,saccade,0.390198794346486,0.004797558257688625
37,2,1,32,14, since ,6019,713,34,47.0,27.0,709.0,751.0,Yes,18,saccade,0.3575427645716778,-0.0005534920300814957
37,2,1,32,14, since ,6053,723,32,47.0,27.0,709.0,751.0,Yes,18,saccade,0.2999423243289873,-0.0016941305953732486
37,2,1,32,14, since ,6114,731,32,47.0,27.0,709.0,751.0,Yes,18,sliding,0.13114754098360656,-0.002767127595825914
37,2,1,32,14, since ,6167,734,32,47.0,27.0,709.0,751.0,Yes,18,fixation,0.05660377358490566,-0.0014064861773339793
37,2,1,32,14, since ,6202,734,32,47.0,27.0,709.0,751.0,Yes,18,fixation,0.0,-0.0016172506738544475
37,2,1,32,-1,,6258,628,23,,,,,Yes,18,saccade,1.8996676669612396,0.03392263691002213
37,2,1,32,-1,,6318,343,12,,,,,Yes,18,saccade,4.753536695042031,0.047564483801346515
37,2,1,32,3," hurry, ",6355,210,29,47.0,27.0,209.0,259.0,Yes,18,saccade,3.6238395790066997,-0.030532354487441373
37,2,1,32,2, celestial ,6417,169,39,47.0,27.0,139.0,209.0,Yes,18,saccade,0.6806757369680384,-0.04747038454901067
37,2,1,32,2, celestial ,6471,146,48,47.0,27.0,139.0,209.0,Yes,18,saccade,0.45737366797142476,-0.00413522349993729
37,2,1,32,-1,,6504,140,50,,,,,Yes,18,saccade,0.19165319152535634,-0.008052135649880861
37,2,1,32,-1,,6563,138,53,,,,,Yes,18,fixation,0.061111038567186256,-0.0022125788636977984
37,2,1,32,-1,,6621,134,59,,,,,Yes,18,sliding,0.12432935432634445,0.0010899709613647966
37,2,1,32,-1,,6654,131,62,,,,,Yes,18,sliding,0.12856486930664499,0.00012834893879698579
37,2,1,32,15, being ,6718,125,67,87.0,67.0,94.0,143.0,Yes,18,sliding,0.12203515118604147,-0.00010202684563442995
37,2,1,32,15, being ,6770,123,69,87.0,67.0,94.0,143.0,Yes,18,fixation,0.05439282932204212,-0.0013008138819999874
37,2,1,32,15, being ,6803,123,69,87.0,67.0,94.0,143.0,Yes,18,fixation,0.0,-0.0016482675552133975
37,2,1,32,15, being ,6863,122,70,87.0,67.0,94.0,143.0,Yes,18,fixation,0.023570226039551587,0.0003928371006591931
37,2,1,32,15, being ,6919,121,71,87.0,67.0,94.0,143.0,Yes,18,fixation,0.02525381361380527,3.0064063825958626e-05
37,2,1,32,15, being ,6954,121,73,87.0,67.0,94.0,143.0,Yes,18,fixation,0.05714285714285714,0.0009111155294014821
37,2,1,32,15, being ,7010,121,74,87.0,67.0,94.0,143.0,Yes,18,fixation,0.017857142857142856,-0.0007015306122448979
37,2,1,32,15, being ,7070,123,77,87.0,67.0,94.0,143.0,Yes,18,fixation,0.06009252125773315,0.0007039229733431715
37,2,1,32,15, being ,7101,124,77,87.0,67.0,94.0,143.0,Yes,18,fixation,0.03225806451612903,-0.0008978857013420684
37,2,1,32,15, being ,7157,126,78,87.0,67.0,94.0,143.0,Yes,18,fixation,0.039929785312496247,0.00013699501422084312
37,2,1,32,15, being ,7222,130,80,87.0,67.0,94.0,143.0,Yes,18,fixation,0.06880209161537815,0.0004441893277366446
37,2,1,32,15, being ,7257,136,81,87.0,67.0,94.0,143.0,Yes,18,saccade,0.1737932151513777,0.002999746386742844
37,2,1,32,16, discovered ,7308,145,83,87.0,67.0,143.0,235.0,Yes,18,saccade,0.1807753815155468,0.00013690522282684556
37,2,1,32,16, discovered ,7368,154,83,87.0,67.0,143.0,235.0,Yes,18,sliding,0.15,-0.0005129230252591137
37,2,1,32,16, discovered ,7402,163,83,87.0,67.0,143.0,235.0,Yes,18,saccade,0.2647058823529412,0.003373702422145329
37,2,1,32,16, discovered ,7461,180,81,87.0,67.0,143.0,235.0,Yes,18,saccade,0.290122758790232,0.00043079451588628554
37,2,1,32,16, discovered ,7517,188,79,87.0,67.0,143.0,235.0,Yes,18,sliding,0.14725377234348788,-0.002551231900834717
37,2,1,32,16, discovered ,7546,196,79,87.0,67.0,143.0,235.0,Yes,18,saccade,0.27586206896551724,0.004434768849035495
37,2,1,32,16, discovered ,7616,204,79,87.0,67.0,143.0,235.0,Yes,18,sliding,0.11428571428571428,-0.0023082336382828994
37,2,1,32,17,165,7672,250,70,87.0,67.0,235.0,270.0,Yes,18,saccade,0.8370029746612833,0.012905665363849446
37,2,1,32,18, years ,7704,278,66,87.0,67.0,271.0,320.0,Yes,18,saccade,0.8838834764831844,0.0014650156819344118
37,2,1,32,-1,,7757,299,64,,,,,Yes,18,saccade,0.39801930395715074,-0.00916724853822705
37,2,1,32,-1,,7820,300,64,,,,,Yes,18,fixation,0.015873015873015872,-0.0060658140965735696
37,2,1,32,-1,,7853,300,64,,,,,Yes,18,fixation,0.0,-0.00048100048100048096
37,2,1,32,-1,,7920,300,64,,,,,Yes,18,fixation,0.0,0.0
37,2,1,32,-1,,7970,300,64,,,,,Yes,18,fixation,0.0,0.0
37,2,1,32,-1,,8003,300,64,,,,,Yes,18,fixation,0.0,0.0
37,2,1,32,-1,,8058,300,64,,,,,Yes,18,fixation,0.0,0.0
37,2,1,32,-1,,8117,300,64,,,,,Yes,18,fixation,0.0,0.0
37,2,1,32,18, years ,8157,299,67,87.0,67.0,271.0,320.0,Yes,18,fixation,0.07905694150420949,0.001976423537605237
37,2,1,32,18, years ,8206,295,74,87.0,67.0,271.0,320.0,Yes,18,saccade,0.1645358724142561,0.0017444679777560534
37,2,1,32,18, years ,8270,292,80,87.0,67.0,271.0,320.0,Yes,18,sliding,0.10481568644530265,-0.0009331279057648977
37,2,1,32,18, years ,8307,290,82,87.0,67.0,271.0,320.0,Yes,18,fixation,0.07644397634449163,-0.0007668029756975951
37,2,1,32,18, years ,8367,289,83,87.0,67.0,271.0,320.0,Yes,18,fixation,0.023570226039551587,-0.0008812291717490007
37,2,1,32,18, years ,8420,289,83,87.0,67.0,271.0,320.0,Yes,18,fixation,0.0,-0.0004447212460292752
37,2,1,32,18, years ,8457,290,84,87.0,67.0,271.0,320.0,Yes,18,fixation,0.03822198817224581,0.001033026707357995
37,2,1,32,18, years ,8506,318,82,87.0,67.0,271.0,320.0,Yes,18,saccade,0.5728844427599264,0.010911478665054706
37,2,1,32,20, by ,8574,363,81,87.0,67.0,355.0,379.0,Yes,18,saccade,0.6619280844074646,0.00130946531834615
37,2,1,32,20, by ,8607,378,84,87.0,67.0,355.0,379.0,Yes,18,saccade,0.463547228508435,-0.006011541087849384
37,2,1,32,-1,,8656,392,90,,,,,Yes,18,saccade,0.31084788187199625,-0.003116313196662015
37,2,1,32,-1,,8723,408,96,,,,,Yes,18,saccade,0.2550448879199263,-0.0008328805067473127
37,2,1,32,-1,,8754,412,97,,,,,Yes,18,sliding,0.13300340727798904,-0.0039368219561915245
37,2,1,32,-1,,8807,414,97,,,,,Yes,18,fixation,0.03773584905660377,-0.0017975010985167032
37,2,1,32,-1,,8870,414,97,,,,,Yes,18,fixation,0.0,-0.0005989817310572027
37,2,1,32,-1,,8903,414,97,,,,,Yes,18,fixation,0.0,0.0
37,2,1,32,-1,,8956,414,97,,,,,Yes,18,fixation,0.0,0.0
37,2,1,32,-1,,9020,414,97,,,,,Yes,18,fixation,0.0,0.0
37,2,1,32,-1,,9051,414,97,,,,,Yes,18,fixation,0.0,0.0
37,2,1,32,-1,,9112,418,95,,,,,Yes,18,fixation,0.07331370418032097,0.0012018640029560815
37,2,1,32,21, Earthlings. ,9167,429,86,87.0,67.0,379.0,468.0,Yes,18,saccade,0.258412189155489,0.0033654269995485103
37,2,1,32,21, Earthlings. ,9203,435,82,87.0,67.0,379.0,468.0,Yes,18,saccade,0.20030840419244383,-0.0016139940267512554
37,2,1,32,21, Earthlings. ,9269,444,81,87.0,67.0,379.0,468.0,Yes,18,sliding,0.1372028051232942,-0.0009561454404416613
37,2,1,32,21, Earthlings. ,9321,451,81,87.0,67.0,379.0,468.0,Yes,18,sliding,0.1346153846153846,-4.9758086690568895e-05
37,2,1,32,21, Earthlings. ,9351,453,81,87.0,67.0,379.0,468.0,Yes,18,fixation,0.06666666666666667,-0.0022649572649572646
37,2,1,32,22, As ,9419,469,84,87.0,67.0,468.0,494.0,Yes,18,saccade,0.23939442053087803,0.002540114027414873
37,2,1,32,22, As ,9470,479,84,87.0,67.0,468.0,494.0,Yes,18,saccade,0.19607843137254902,-0.0008493331207515494
37,2,1,32,22, As ,9498,482,84,87.0,67.0,468.0,494.0,Yes,18,sliding,0.10714285714285714,-0.0031762705082032812
37,2,1,32,23, Space.com ,9569,505,84,87.0,67.0,494.0,589.0,Yes,18,saccade,0.323943661971831,0.0030535324623799133
37,2,1,32,23, Space.com ,9620,511,84,87.0,67.0,494.0,589.0,Yes,18,sliding,0.11764705882352941,-0.004045031434280423
37,2,1,32,23, Space.com ,9652,514,84,87.0,67.0,494.0,589.0,Yes,18,fixation,0.09375,-0.0007467830882352941
37,2,1,32,23, Space.com ,9715,515,84,87.0,67.0,494.0,589.0,Yes,18,fixation,0.015873015873015872,-0.0012361426051902243
37,2,1,32,23, Space.com ,9775,515,84,87.0,67.0,494.0,589.0,Yes,18,fixation,0.0,-0.0002645502645502645
37,2,1,32,23, Space.com ,9809,515,84,87.0,67.0,494.0,589.0,Yes,18,fixation,0.0,0.0
37,2,1,32,23, Space.com ,9861,515,84,87.0,67.0,494.0,589.0,Yes,18,fixation,0.0,0.0
37,2,1,32,23, Space.com ,9931,515,84,87.0,67.0,494.0,589.0,Yes,18,fixation,0.0,0.0
37,2,1,32,23, Space.com ,9947,515,84,87.0,67.0,494.0,589.0,Yes,18,fixation,0.0,0.0
37,2,1,32,23, Space.com ,10017,515,84,87.0,67.0,494.0,589.0,Yes,18,fixation,0.0,0.0
37,2,1,32,23, Space.com ,10069,515,84,87.0,67.0,494.0,589.0,Yes,18,fixation,0.0,0.0
37,2,1,32,23, Space.com ,10100,515,84,87.0,67.0,494.0,589.0,Yes,18,fixation,0.0,0.0
37,2,1,32,23, Space.com ,10156,523,82,87.0,67.0,494.0,589.0,Yes,18,sliding,0.14725377234348788,0.002629531648990855
37,2,1,32,23, Space.com ,10218,532,81,87.0,67.0,494.0,589.0,Yes,18,sliding,0.1460545990022164,-1.9341505504378726e-05
37,2,1,32,23, Space.com ,10250,533,81,87.0,67.0,494.0,589.0,Yes,18,fixation,0.03125,-0.0035876437188192625
37,2,1,32,23, Space.com ,10309,534,81,87.0,67.0,494.0,589.0,Yes,18,fixation,0.01694915254237288,-0.00024238724504452744
37,2,1,32,23, Space.com ,10369,535,81,87.0,67.0,494.0,589.0,Yes,18,fixation,0.016666666666666666,-4.708097928436914e-06
37,2,1,32,23, Space.com ,10401,536,81,87.0,67.0,494.0,589.0,Yes,18,fixation,0.03125,0.0004557291666666667
37,2,1,32,23, Space.com ,10468,539,80,87.0,67.0,494.0,589.0,Yes,18,fixation,0.04719817403236387,0.00023803244824423687
37,2,1,32,23, Space.com ,10516,541,80,87.0,67.0,494.0,589.0,Yes,18,fixation,0.041666666666666664,-0.00011523973678535847
37,2,1,32,23, Space.com ,10557,542,80,87.0,67.0,494.0,589.0,Yes,18,fixation,0.024390243902439025,-0.0004213761649811619
37,2,1,32,23, Space.com ,10610,542,80,87.0,67.0,494.0,589.0,Yes,18,fixation,0.0,-0.0004601932811780948
37,2,1,32,23, Space.com ,10679,542,80,87.0,67.0,494.0,589.0,Yes,18,fixation,0.0,0.0
37,2,1,32,23, Space.com ,10706,537,81,87.0,67.0,494.0,589.0,Yes,18,saccade,0.18885257457751053,0.0069945397991670565
37,2,1,32,23, Space.com ,10759,511,82,87.0,67.0,494.0,589.0,Yes,18,saccade,0.49092874834934674,0.005699550448525211
37,2,1,32,23, Space.com ,10823,498,83,87.0,67.0,494.0,589.0,Yes,18,saccade,0.20372507516258279,-0.004487557393543187
37,2,1,32,23, Space.com ,10856,494,83,87.0,67.0,494.0,589.0,Yes,18,sliding,0.12121212121212122,-0.0025003925439533808
37,2,1,32,22, As ,10921,492,83,87.0,67.0,468.0,494.0,Yes,18,fixation,0.03076923076923077,-0.001391429083736776
37,2,1,32,23, Space.com ,10973,505,77,87.0,67.0,494.0,589.0,Yes,18,saccade,0.27534271275531447,0.004703336192040071
37,2,1,32,23, Space.com ,11008,538,72,87.0,67.0,494.0,589.0,Yes,18,saccade,0.9536182439016364,0.019379300889894913
37,2,1,32,24," notes, ",11057,594,76,87.0,67.0,589.0,643.0,Yes,18,saccade,1.145768885519853,0.003921441665677887
37,2,1,32,24," notes, ",11120,635,88,87.0,67.0,589.0,643.0,Yes,18,saccade,0.6780955353426612,-0.007423386510749075
37,2,1,32,-1,,11156,641,90,,,,,Yes,18,saccade,0.17568209223157663,-0.013955928975307905
37,2,1,32,-1,,11210,644,90,,,,,Yes,18,fixation,0.05555555555555555,-0.0022245654940003905
37,2,1,32,-1,,11278,646,90,,,,,Yes,18,fixation,0.029411764705882353,-0.0003844675124951941
37,2,1,32,-1,,11297,647,90,,,,,Yes,18,fixation,0.05263157894736842,0.0012220954863940035
37,2,1,32,-1,,11363,654,90,,,,,Yes,18,sliding,0.10606060606060606,0.000809530713836934
37,2,1,32,25, the ,11427,666,89,87.0,67.0,643.0,673.0,Yes,18,saccade,0.18814991529362962,0.001282645456765993
37,2,1,32,25, the ,11447,671,88,87.0,67.0,643.0,673.0,Yes,18,saccade,0.2549509756796392,0.003340053019300479
37,2,1,32,26, big ,11513,685,88,87.0,67.0,673.0,702.0,Yes,18,saccade,0.21212121212121213,-0.0006489358114913194
37,2,1,32,26, big ,11571,701,86,87.0,67.0,673.0,702.0,Yes,18,saccade,0.2780088878723638,0.0011359944095026145
37,2,1,32,27, blue-green ,11596,705,85,127.0,67.0,702.0,1350.0,Yes,18,saccade,0.1649242250247064,-0.004523386513906294
37,2,1,32,27, blue-green ,11662,712,84,127.0,67.0,702.0,1350.0,Yes,18,sliding,0.10713739108887084,-0.0008755580899369026
37,2,1,32,27, blue-green ,11723,712,84,127.0,67.0,702.0,1350.0,Yes,18,fixation,0.0,-0.0017563506735880465
37,2,1,32,27, blue-green ,11748,709,83,127.0,67.0,702.0,1350.0,Yes,18,sliding,0.1264911064067352,0.005059644256269408
37,2,1,32,23, Space.com ,11813,501,76,87.0,67.0,494.0,589.0,Yes,18,saccade,3.2018116173716553,0.04731262324561416
37,2,1,32,-1,,11867,199,97,,,,,Yes,18,saccade,5.606097258755217,0.04452380817376967
37,2,1,32,-1,,11898,110,103,,,,,Yes,18,saccade,2.8774844488514435,-0.08801976806141205
37,2,1,32,-1,,11956,41,112,,,,,Yes,18,saccade,1.1997324315251587,-0.0289267589194187
37,2,1,32,-1,,12022,28,116,,,,,Yes,18,saccade,0.20608288649599157,-0.015055296136805563
37,2,1,32,-1,,12047,28,117,,,,,Yes,18,fixation,0.04,-0.006643315459839662
37,2,1,32,-1,,12112,27,121,,,,,Yes,18,fixation,0.0634323942402717,0.00036049837292725684
37,2,1,32,-1,,12172,34,131,,,,,Yes,18,saccade,0.2034425935955617,0.0023335033225881665
37,2,1,32,-1,,12205,48,131,,,,,Yes,18,saccade,0.42424242424242425,0.006690903958995836
37,2,1,32,-1,,12263,72,130,,,,,Yes,18,saccade,0.41415214308497633,-0.00017397036478358487
37,2,1,32,-1,,12319,87,130,,,,,Yes,18,saccade,0.26785714285714285,-0.0026124107183541695
37,2,1,32,-1,,12347,95,130,,,,,Yes,18,saccade,0.2857142857142857,0.0006377551020408161
37,2,1,32,27, blue-green ,12407,115,129,127.0,67.0,702.0,1350.0,Yes,18,saccade,0.33374973990834644,0.0008005909032343457
37,2,1,32,27, blue-green ,12470,126,129,127.0,67.0,702.0,1350.0,Yes,18,saccade,0.1746031746031746,-0.00252613595722495
37,2,1,32,27, blue-green ,12503,132,129,127.0,67.0,702.0,1350.0,Yes,18,saccade,0.18181818181818182,0.00021863658227294636
37,2,1,32,27, blue-green ,12557,138,128,127.0,67.0,702.0,1350.0,Yes,18,sliding,0.11264375056107813,-0.001281007986242661
37,2,1,32,28, gas ,12621,149,124,127.0,107.0,145.0,179.0,Yes,18,saccade,0.18288593610499415,0.0010975341491236878
37,2,1,32,28, gas ,12647,152,122,127.0,107.0,145.0,179.0,Yes,18,sliding,0.1386750490563073,-0.0017004187326418025
37,2,1,32,28, gas ,12708,160,118,127.0,107.0,145.0,179.0,Yes,18,sliding,0.14662740836064195,0.00013036654597269935
37,2,1,32,28, gas ,12771,163,115,127.0,107.0,145.0,179.0,Yes,18,fixation,0.06734350297014738,-0.001258474688738009
37,2,1,32,28, gas ,12803,163,114,127.0,107.0,145.0,179.0,Yes,18,fixation,0.03125,-0.0011279219678171056
37,2,1,32,28, gas ,12859,164,113,127.0,107.0,145.0,179.0,Yes,18,fixation,0.02525381361380527,-0.00010707475689633445
37,2,1,32,28, gas ,12922,171,113,127.0,107.0,145.0,179.0,Yes,18,sliding,0.1111111111111111,0.0013628142459889815
37,2,1,32,28, gas ,12946,177,113,127.0,107.0,145.0,179.0,Yes,18,saccade,0.25,0.005787037037037038
37,2,1,32,29, bag ,13010,192,113,127.0,107.0,179.0,214.0,Yes,18,saccade,0.234375,-0.000244140625
37,2,1,32,29, bag ,13071,212,113,127.0,107.0,179.0,214.0,Yes,18,saccade,0.32786885245901637,0.0015326861058855142
37,2,1,32,30, is ,13097,217,114,127.0,107.0,215.0,233.0,Yes,18,saccade,0.19611613513818402,-0.005067412204647398
37,2,1,32,30, is ,13162,220,115,127.0,107.0,215.0,233.0,Yes,18,fixation,0.04865042554105199,-0.0022687032245712617
37,2,1,32,30, is ,13230,220,115,127.0,107.0,215.0,233.0,Yes,18,fixation,0.0,-0.0007154474344272352
37,2,1,32,30, is ,13255,220,115,127.0,107.0,215.0,233.0,Yes,18,fixation,0.0,0.0
37,2,1,32,30, is ,13316,220,115,127.0,107.0,215.0,233.0,Yes,18,fixation,0.0,0.0
37,2,1,32,30, is ,13368,220,115,127.0,107.0,215.0,233.0,Yes,18,fixation,0.0,0.0
37,2,1,32,30, is ,13403,220,115,127.0,107.0,215.0,233.0,Yes,18,fixation,0.0,0.0
37,2,1,32,30, is ,13460,222,115,127.0,107.0,215.0,233.0,Yes,18,fixation,0.03508771929824561,0.0006155740227762388
37,2,1,32,31, the ,13518,236,115,127.0,107.0,233.0,263.0,Yes,18,saccade,0.2413793103448276,0.003556751569768655
37,2,1,32,31, the ,13552,245,117,127.0,107.0,233.0,263.0,Yes,18,saccade,0.2711630722733202,0.0008759929978968415
37,2,1,32,31, the ,13606,258,121,127.0,107.0,233.0,263.0,Yes,18,saccade,0.2518790834951008,-0.00035711090330035937
37,2,1,32,32, only ,13673,266,123,127.0,107.0,263.0,301.0,Yes,18,sliding,0.1230777798691839,-0.00192240751680473
37,2,1,32,32, only ,13702,268,123,127.0,107.0,263.0,301.0,Yes,18,fixation,0.06896551724137931,-0.0018659400906139516
37,2,1,32,32, only ,13758,291,124,127.0,107.0,263.0,301.0,Yes,18,saccade,0.41110230118647634,0.006109585427591019
37,2,1,32,33, planet ,13823,310,124,127.0,107.0,301.0,355.0,Yes,18,saccade,0.2923076923076923,-0.0018276093673659079
37,2,1,32,33, planet ,13857,316,124,127.0,107.0,301.0,355.0,Yes,18,saccade,0.17647058823529413,-0.003406973649188182
37,2,1,32,33, planet ,13907,318,124,127.0,107.0,301.0,355.0,Yes,18,fixation,0.04,-0.0027294117647058825
37,2,1,32,33, planet ,13976,318,124,127.0,107.0,301.0,355.0,Yes,18,fixation,0.0,-0.0005797101449275362
37,2,1,32,33, planet ,14003,318,124,127.0,107.0,301.0,355.0,Yes,18,fixation,0.0,0.0
37,2,1,32,33, planet ,14072,318,124,127.0,107.0,301.0,355.0,Yes,18,fixation,0.0,0.0
37,2,1,32,33, planet ,14118,320,124,127.0,107.0,301.0,355.0,Yes,18,fixation,0.043478260869565216,0.000945179584120983
37,2,1,32,33, planet ,14156,340,122,127.0,107.0,301.0,355.0,Yes,18,saccade,0.5289408221642574,0.012775330560386638
37,2,1,32,35, our ,14207,386,119,127.0,107.0,374.0,405.0,Yes,18,saccade,0.9038769075777341,0.007351687949283856
37,2,1,32,35, our ,14270,403,119,127.0,107.0,374.0,405.0,Yes,18,saccade,0.2698412698412698,-0.010064057741848638
37,2,1,32,36, solar ,14303,409,119,127.0,107.0,405.0,449.0,Yes,18,saccade,0.18181818181818182,-0.0026673663037299396
37,2,1,32,36, solar ,14357,421,119,127.0,107.0,405.0,449.0,Yes,18,saccade,0.2222222222222222,0.0007482229704451923
37,2,1,32,36, solar ,14420,445,116,127.0,107.0,405.0,449.0,Yes,18,saccade,0.38391703563326424,0.00256658433985781
37,2,1,32,37, system ,14453,462,114,127.0,107.0,449.0,511.0,Yes,18,saccade,0.51870432632193,0.004084463354201992
37,2,1,32,37, system ,14509,493,114,127.0,107.0,449.0,511.0,Yes,18,saccade,0.5535714285714286,0.0006226268258839041
37,2,1,32,38, to ,14570,517,118,127.0,107.0,511.0,531.0,Yes,18,saccade,0.398869674117916,-0.002536094335303485
37,2,1,32,38, to ,14603,524,118,127.0,107.0,511.0,531.0,Yes,18,saccade,0.21212121212121213,-0.0056590443029304206
37,2,1,32,38, to ,14660,530,118,127.0,107.0,511.0,531.0,Yes,18,sliding,0.10526315789473684,-0.0018747027057276367
37,2,1,32,39, be ,14719,553,111,127.0,107.0,531.0,556.0,Yes,18,saccade,0.4074852637346206,0.005122408573557351
37,2,1,32,-1,,14753,577,105,,,,,Yes,18,saccade,0.7276068751089989,0.009415341511011128
37,2,1,32,-1,,14811,601,104,,,,,Yes,18,saccade,0.41415214308497633,-0.005404391931448665
37,2,1,32,-1,,14873,602,104,,,,,Yes,18,fixation,0.016129032258064516,-0.006419727593982449
37,2,1,32,-1,,14897,602,104,,,,,Yes,18,fixation,0.0,-0.0006720430107526881
37,2,1,32,-1,,14957,602,104,,,,,Yes,18,fixation,0.0,0.0
37,2,1,32,-1,,15023,602,104,,,,,Yes,18,fixation,0.0,0.0
37,2,1,32,-1,,15057,602,104,,,,,Yes,18,fixation,0.0,0.0
37,2,1,32,-1,,15106,608,104,,,,,Yes,18,sliding,0.12244897959183673,0.0024989587671803413
37,2,1,32,41, by ,15172,650,120,127.0,107.0,648.0,667.0,Yes,18,saccade,0.6809759107346737,0.008462529259739953
37,2,1,32,41, by ,15196,658,126,127.0,107.0,648.0,667.0,Yes,18,saccade,0.4166666666666667,-0.01101288516950029
37,2,1,32,-1,,15264,664,131,,,,,Yes,18,sliding,0.1148566128809802,-0.004438383143907154
37,2,1,32,-1,,15320,665,132,,,,,Yes,18,fixation,0.02525381361380527,-0.001600049986913838
37,2,1,32,-1,,15347,665,132,,,,,Yes,18,fixation,0.0,-0.000935326430140936
37,2,1,32,40, discovered ,15408,562,124,127.0,107.0,556.0,648.0,Yes,18,saccade,1.693610040444473,0.027764099023679885
37,2,1,32,42, mathematics. ,15470,181,157,167.0,147.0,94.0,201.0,Yes,18,saccade,6.168168766442885,0.07217030203223244
37,2,1,32,-1,,15505,107,170,,,,,Yes,18,saccade,2.1466632864299244,-0.11490015657179886
37,2,1,32,-1,,15559,75,176,,,,,Yes,18,saccade,0.6029192813370261,-0.028587851946164783
37,2,1,32,-1,,15622,72,178,,,,,Yes,18,fixation,0.057230972626412524,-0.008661719185882755
37,2,1,32,-1,,15656,72,181,,,,,Yes,18,fixation,0.08823529411764706,0.0009118918085657218
37,2,1,32,-1,,15711,73,183,,,,,Yes,18,fixation,0.040655781409087086,-0.0008650820492465451
37,2,1,32,-1,,15772,76,182,,,,,Yes,18,fixation,0.0518406173798095,0.00018335796673315437
37,2,1,32,-1,,15806,78,178,,,,,Yes,18,sliding,0.1315334104411641,0.002343905678275135
37,2,1,32,-1,,15856,83,172,,,,,Yes,18,saccade,0.15620499351813308,0.0004934316615393797
37,2,1,32,-1,,15923,90,169,,,,,Yes,18,sliding,0.11366825531140162,-0.0006348766896527082
37,2,1,32,42, mathematics. ,15956,97,168,167.0,147.0,94.0,201.0,Yes,18,saccade,0.21427478217774168,0.003048682632313335
37,2,1,32,42, mathematics. ,16009,105,168,167.0,147.0,94.0,201.0,Yes,18,saccade,0.1509433962264151,-0.0011949318104023884
37,2,1,32,42, mathematics. ,16073,128,169,167.0,147.0,94.0,201.0,Yes,18,saccade,0.3597145135381668,0.0032620487079961205
37,2,1,32,42, mathematics. ,16106,154,167,167.0,147.0,94.0,201.0,Yes,18,saccade,0.7902063521457756,0.0130452072305336
37,2,1,32,-1,,16159,202,165,,,,,Yes,18,saccade,0.9064461999595709,0.0021932046757319862
37,2,1,32,-1,,16222,258,171,,,,,Yes,18,saccade,0.8939763708145221,-0.00019793379595315545
37,2,1,32,-1,,16256,280,182,,,,,Yes,18,saccade,0.7234337574264026,-0.005015959217297632
37,2,1,33,0, When ,979,112,30,47.0,27.0,94.0,146.0,No,5,fixation,0.0,0.0
37,2,1,33,0, When ,1034,109,38,47.0,27.0,94.0,146.0,No,5,saccade,0.1553455226421369,0.002824464048038853
37,2,1,33,0, When ,1089,108,41,47.0,27.0,94.0,146.0,No,5,fixation,0.0574959574576069,-0.0017790830033550913
37,2,1,33,0, When ,1131,108,41,47.0,27.0,94.0,146.0,No,5,fixation,0.0,-0.0013689513680382594
37,2,1,33,0, When ,1190,108,42,47.0,27.0,94.0,146.0,No,5,fixation,0.01694915254237288,0.0002872737719046251
37,2,1,33,0, When ,1242,108,42,47.0,27.0,94.0,146.0,No,5,fixation,0.0,-0.0003259452411994785
37,2,1,33,0, When ,1293,108,42,47.0,27.0,94.0,146.0,No,5,fixation,0.0,0.0
37,2,1,33,0, When ,1329,109,42,47.0,27.0,94.0,146.0,No,5,fixation,0.027777777777777776,0.0007716049382716049
37,2,1,33,0, When ,1381,112,43,47.0,27.0,94.0,146.0,No,5,fixation,0.060813031926314993,0.0006352933490103312
37,2,1,33,0, When ,1433,116,43,47.0,27.0,94.0,146.0,No,5,fixation,0.07692307692307693,0.0003098085576300372
37,2,1,33,0, When ,1483,121,43,47.0,27.0,94.0,146.0,No,5,sliding,0.1,0.0004615384615384616
37,2,1,33,0, When ,1533,126,44,47.0,27.0,94.0,146.0,No,5,sliding,0.1019803902718557,3.960780543711378e-05
37,2,1,33,0, When ,1583,127,44,47.0,27.0,94.0,146.0,No,5,fixation,0.02,-0.0016396078054371139
37,2,1,33,0, When ,1630,129,44,47.0,27.0,94.0,146.0,No,5,fixation,0.0425531914893617,0.00047985513807152557
37,2,1,33,0, When ,1682,134,44,47.0,27.0,94.0,146.0,No,5,fixation,0.09615384615384616,0.001030781820470855
37,2,1,33,0, When ,1729,142,44,47.0,27.0,94.0,146.0,No,5,saccade,0.1702127659574468,0.00157572169794895
37,2,1,33,1," attacked, ",1780,149,43,47.0,27.0,146.0,224.0,No,5,sliding,0.1386483884679505,-0.0006189093625391433
37,2,1,33,1," attacked, ",1829,167,40,47.0,27.0,146.0,224.0,No,5,saccade,0.3724140324672379,0.004770727428556886
37,2,1,33,1," attacked, ",1879,184,39,47.0,27.0,146.0,224.0,No,5,saccade,0.34058772731852804,-0.0006365261029741975
37,2,1,33,1," attacked, ",1930,207,38,47.0,27.0,146.0,224.0,No,5,saccade,0.4514064483616211,0.0021729160988841773
37,2,1,33,1," attacked, ",1980,220,38,47.0,27.0,146.0,224.0,No,5,saccade,0.26,-0.0038281289672324214
37,2,1,33,2, a ,2029,231,38,47.0,27.0,224.0,239.0,No,5,saccade,0.22448979591836735,-0.0007246980424822992
37,2,1,33,3, skunk's ,2079,245,38,47.0,27.0,239.0,303.0,No,5,saccade,0.28,0.0011102040816326536
37,2,1,33,3, skunk's ,2130,262,37,47.0,27.0,239.0,303.0,No,5,saccade,0.33390953658679223,0.0010570497369959257
37,2,1,33,3, skunk's ,2179,273,37,47.0,27.0,239.0,303.0,No,5,saccade,0.22448979591836735,-0.002233055932008671
37,2,1,33,3, skunk's ,2231,281,37,47.0,27.0,239.0,303.0,No,5,saccade,0.15384615384615385,-0.0013585315783117978
37,2,1,33,3, skunk's ,2285,284,37,47.0,27.0,239.0,303.0,No,5,fixation,0.05555555555555555,-0.0018201962646407094
37,2,1,33,3, skunk's ,2334,285,37,47.0,27.0,239.0,303.0,No,5,fixation,0.02040816326530612,-0.0007172937202091722
37,2,1,33,3, skunk's ,2385,285,37,47.0,27.0,239.0,303.0,No,5,fixation,0.0,-0.0004001600640256102
37,2,1,33,3, skunk's ,2440,285,37,47.0,27.0,239.0,303.0,No,5,fixation,0.0,0.0
37,2,1,33,3, skunk's ,2484,285,37,47.0,27.0,239.0,303.0,No,5,fixation,0.0,0.0
37,2,1,33,3, skunk's ,2536,285,37,47.0,27.0,239.0,303.0,No,5,fixation,0.0,0.0
37,2,1,33,3, skunk's ,2587,285,37,47.0,27.0,239.0,303.0,No,5,fixation,0.0,0.0
37,2,1,33,3, skunk's ,2630,286,37,47.0,27.0,239.0,303.0,No,5,fixation,0.023255813953488372,0.0005408328826392645
37,2,1,33,4, natural ,2712,322,36,47.0,27.0,304.0,364.0,No,5,saccade,0.4391937342772953,0.005072413662485451
37,2,1,33,4, natural ,2732,339,36,47.0,27.0,304.0,364.0,No,5,saccade,0.85,0.020540313286135235
37,2,1,33,5, inclination ,2796,388,36,47.0,27.0,364.0,449.0,No,5,saccade,0.765625,-0.0013183593749999997
37,2,1,33,5, inclination ,2851,412,37,47.0,27.0,364.0,449.0,No,5,saccade,0.43674225998052046,-0.005979686182172355
37,2,1,33,5, inclination ,2883,416,37,47.0,27.0,364.0,449.0,No,5,sliding,0.125,-0.009741945624391265
37,2,1,33,5, inclination ,2948,417,37,47.0,27.0,364.0,449.0,No,5,fixation,0.015384615384615385,-0.0016863905325443787
37,2,1,33,5, inclination ,3008,403,33,47.0,27.0,364.0,449.0,No,5,saccade,0.24267032964268392,0.0037880952376344755
37,2,1,33,-1,,3042,379,25,,,,,No,5,saccade,0.7440653318043245,0.014746911828283549
37,2,1,33,-1,,3092,362,19,,,,,No,5,saccade,0.3605551275463989,-0.007670204085158513
37,2,1,33,-1,,3155,359,17,,,,,No,5,fixation,0.057230972626412524,-0.004814669125714069
37,2,1,33,-1,,3191,359,17,,,,,No,5,fixation,0.0,-0.0015897492396225702
37,2,1,33,-1,,3242,359,17,,,,,No,5,fixation,0.0,0.0
37,2,1,33,-1,,3307,359,17,,,,,No,5,fixation,0.0,0.0
37,2,1,33,-1,,3340,359,17,,,,,No,5,fixation,0.0,0.0
37,2,1,33,-1,,3391,359,17,,,,,No,5,fixation,0.0,0.0
37,2,1,33,-1,,3452,359,17,,,,,No,5,fixation,0.0,0.0
37,2,1,33,-1,,3487,359,17,,,,,No,5,fixation,0.0,0.0
37,2,1,33,-1,,3541,359,17,,,,,No,5,fixation,0.0,0.0
37,2,1,33,-1,,3610,359,17,,,,,No,5,fixation,0.0,0.0
37,2,1,33,-1,,3635,359,17,,,,,No,5,fixation,0.0,0.0
37,2,1,33,-1,,3693,359,17,,,,,No,5,fixation,0.0,0.0
37,2,1,33,-1,,3761,359,17,,,,,No,5,fixation,0.0,0.0
37,2,1,33,-1,,3787,359,17,,,,,No,5,fixation,0.0,0.0
37,2,1,33,-1,,3848,359,17,,,,,No,5,fixation,0.0,0.0
37,2,1,33,-1,,3910,359,17,,,,,No,5,fixation,0.0,0.0
37,2,1,33,-1,,3945,359,17,,,,,No,5,fixation,0.0,0.0
37,2,1,33,-1,,3995,359,17,,,,,No,5,fixation,0.0,0.0
37,2,1,33,-1,,4057,359,17,,,,,No,5,fixation,0.0,0.0
37,2,1,33,-1,,4091,359,17,,,,,No,5,fixation,0.0,0.0
37,2,1,33,-1,,4144,359,17,,,,,No,5,fixation,0.0,0.0
37,2,1,33,-1,,4205,359,17,,,,,No,5,fixation,0.0,0.0
37,2,1,33,-1,,4241,359,17,,,,,No,5,fixation,0.0,0.0
37,2,1,33,-1,,4295,359,17,,,,,No,5,fixation,0.0,0.0
37,2,1,33,-1,,4355,359,17,,,,,No,5,fixation,0.0,0.0
37,2,1,33,-1,,4390,359,17,,,,,No,5,fixation,0.0,0.0
37,2,1,33,-1,,4449,359,17,,,,,No,5,fixation,0.0,0.0
37,2,1,33,-1,,4516,359,17,,,,,No,5,fixation,0.0,0.0
37,2,1,33,-1,,4533,359,17,,,,,No,5,fixation,0.0,0.0
37,2,1,33,-1,,4600,359,17,,,,,No,5,fixation,0.0,0.0
37,2,1,33,-1,,4660,359,17,,,,,No,5,fixation,0.0,0.0
37,2,1,33,-1,,4694,359,17,,,,,No,5,fixation,0.0,0.0
37,2,1,33,-1,,4745,359,17,,,,,No,5,fixation,0.0,0.0
37,2,1,33,-1,,4808,359,17,,,,,No,5,fixation,0.0,0.0
37,2,1,33,-1,,4836,359,17,,,,,No,5,fixation,0.0,0.0
37,2,1,33,-1,,4897,359,17,,,,,No,5,fixation,0.0,0.0
37,2,1,33,-1,,4967,359,17,,,,,No,5,fixation,0.0,0.0
37,2,1,33,-1,,4984,359,17,,,,,No,5,fixation,0.0,0.0
37,2,1,33,-1,,5051,359,17,,,,,No,5,fixation,0.0,0.0
37,2,1,33,-1,,5105,359,17,,,,,No,5,fixation,0.0,0.0
37,2,1,33,-1,,5138,359,17,,,,,No,5,fixation,0.0,0.0
37,2,1,33,-1,,5208,359,17,,,,,No,5,fixation,0.0,0.0
37,2,1,33,-1,,5259,359,17,,,,,No,5,fixation,0.0,0.0
37,2,1,33,-1,,5292,359,17,,,,,No,5,fixation,0.0,0.0
37,2,1,33,-1,,5342,359,19,,,,,No,5,fixation,0.04,0.0008
37,2,1,33,-1,,5410,359,19,,,,,No,5,fixation,0.0,-0.0005882352941176471
37,2,1,33,-1,,5436,358,18,,,,,No,5,fixation,0.05439282932204212,0.00209203189700162
37,2,1,33,-1,,30680,208,17,,,,,No,5,fixation,0.005942138064343888,-1.9192953279075514e-06
37,2,1,33,1," attacked, ",30741,181,44,47.0,27.0,146.0,224.0,No,5,saccade,0.6259633800667799,0.010164282655777639
37,2,1,33,-1,,30788,173,59,,,,,No,5,saccade,0.3617021276595745,-0.005622579838451178
37,2,1,33,16, noxious ,30831,165,77,87.0,67.0,109.0,176.0,No,5,saccade,0.4580864093858653,0.0022414949238672285
37,2,1,33,33, as ,30891,154,109,127.0,107.0,151.0,175.0,No,5,saccade,0.5639641438562877,0.0017646289078403728
37,2,1,33,32, not ,30938,149,120,127.0,107.0,121.0,151.0,No,5,saccade,0.2570860845445654,-0.006529320410887708
37,2,1,33,32, not ,30980,146,122,127.0,107.0,121.0,151.0,No,5,fixation,0.08584645893961879,-0.004077133942974919
37,2,1,33,16, noxious ,31041,135,72,87.0,67.0,109.0,176.0,No,5,saccade,0.8392738187652593,0.012351268193862959
37,2,1,33,0, When ,31089,132,48,47.0,27.0,94.0,146.0,No,5,saccade,0.5038911092686593,-0.006987139781179166
37,2,1,33,0, When ,31139,131,39,47.0,27.0,94.0,146.0,No,5,saccade,0.18110770276274835,-0.0064556681301182195
37,2,1,33,0, When ,31189,131,39,47.0,27.0,94.0,146.0,No,5,fixation,0.0,-0.003622154055254967
37,2,1,33,0, When ,31230,131,39,47.0,27.0,94.0,146.0,No,5,fixation,0.0,0.0
37,2,1,33,0, When ,31283,131,39,47.0,27.0,94.0,146.0,No,5,fixation,0.0,0.0
37,2,1,33,0, When ,31333,131,39,47.0,27.0,94.0,146.0,No,5,fixation,0.0,0.0
37,2,1,33,0, When ,31384,131,39,47.0,27.0,94.0,146.0,No,5,fixation,0.0,0.0
37,2,1,33,0, When ,31435,131,39,47.0,27.0,94.0,146.0,No,5,fixation,0.0,0.0
37,2,1,33,0, When ,31481,128,39,47.0,27.0,94.0,146.0,No,5,fixation,0.06521739130434782,0.0014177693761814744
37,2,1,33,0, When ,31541,116,39,47.0,27.0,94.0,146.0,No,5,saccade,0.2,0.002246376811594203
37,2,1,33,0, When ,31589,114,39,47.0,27.0,94.0,146.0,No,5,fixation,0.041666666666666664,-0.0032986111111111115
37,2,1,33,0, When ,31637,113,39,47.0,27.0,94.0,146.0,No,5,fixation,0.020833333333333332,-0.00043402777777777775
37,2,1,33,0, When ,31688,113,39,47.0,27.0,94.0,146.0,No,5,fixation,0.0,-0.00040849673202614375
37,2,1,33,0, When ,31731,113,39,47.0,27.0,94.0,146.0,No,5,fixation,0.0,0.0
37,2,1,33,0, When ,31782,113,39,47.0,27.0,94.0,146.0,No,5,fixation,0.0,0.0
37,2,1,33,0, When ,31834,113,39,47.0,27.0,94.0,146.0,No,5,fixation,0.0,0.0
37,2,1,33,0, When ,31886,113,39,47.0,27.0,94.0,146.0,No,5,fixation,0.0,0.0
37,2,1,33,0, When ,31938,113,39,47.0,27.0,94.0,146.0,No,5,fixation,0.0,0.0
37,2,1,33,0, When ,31990,113,39,47.0,27.0,94.0,146.0,No,5,fixation,0.0,0.0
37,2,1,33,0, When ,32032,113,39,47.0,27.0,94.0,146.0,No,5,fixation,0.0,0.0
37,2,1,33,0, When ,32091,113,39,47.0,27.0,94.0,146.0,No,5,fixation,0.0,0.0
37,2,1,33,0, When ,32145,113,39,47.0,27.0,94.0,146.0,No,5,fixation,0.0,0.0
37,2,1,33,0, When ,32187,113,39,47.0,27.0,94.0,146.0,No,5,fixation,0.0,0.0
37,2,1,33,0, When ,32241,113,39,47.0,27.0,94.0,146.0,No,5,fixation,0.0,0.0
37,2,1,33,0, When ,32294,113,39,47.0,27.0,94.0,146.0,No,5,fixation,0.0,0.0
37,2,1,33,0, When ,32346,113,39,47.0,27.0,94.0,146.0,No,5,fixation,0.0,0.0
37,2,1,33,0, When ,32391,113,39,47.0,27.0,94.0,146.0,No,5,fixation,0.0,0.0
37,2,1,33,0, When ,32444,113,39,47.0,27.0,94.0,146.0,No,5,fixation,0.0,0.0
37,2,1,33,0, When ,32495,113,39,47.0,27.0,94.0,146.0,No,5,fixation,0.0,0.0
37,2,1,33,0, When ,32531,113,39,47.0,27.0,94.0,146.0,No,5,fixation,0.0,0.0
37,2,1,33,0, When ,32585,113,39,47.0,27.0,94.0,146.0,No,5,fixation,0.0,0.0
37,2,1,33,0, When ,32637,113,39,47.0,27.0,94.0,146.0,No,5,fixation,0.0,0.0
37,2,1,33,0, When ,32681,113,39,47.0,27.0,94.0,146.0,No,5,fixation,0.0,0.0
37,2,1,33,0, When ,32734,113,39,47.0,27.0,94.0,146.0,No,5,fixation,0.0,0.0
37,2,1,33,0, When ,32785,113,39,47.0,27.0,94.0,146.0,No,5,fixation,0.0,0.0
37,2,1,33,0, When ,32845,113,39,47.0,27.0,94.0,146.0,No,5,fixation,0.0,0.0
37,2,1,33,0, When ,32888,113,39,47.0,27.0,94.0,146.0,No,5,fixation,0.0,0.0
37,2,1,33,0, When ,32930,113,39,47.0,27.0,94.0,146.0,No,5,fixation,0.0,0.0
37,2,1,33,0, When ,32981,113,39,47.0,27.0,94.0,146.0,No,5,fixation,0.0,0.0
37,2,1,33,0, When ,33041,113,39,47.0,27.0,94.0,146.0,No,5,fixation,0.0,0.0
37,2,1,33,0, When ,33085,113,39,47.0,27.0,94.0,146.0,No,5,fixation,0.0,0.0
37,2,1,33,0, When ,33138,113,39,47.0,27.0,94.0,146.0,No,5,fixation,0.0,0.0
37,2,1,33,0, When ,33189,113,39,47.0,27.0,94.0,146.0,No,5,fixation,0.0,0.0
37,2,1,33,0, When ,33241,113,39,47.0,27.0,94.0,146.0,No,5,fixation,0.0,0.0
37,2,1,33,0, When ,33284,113,39,47.0,27.0,94.0,146.0,No,5,fixation,0.0,0.0
37,2,1,33,0, When ,33336,113,39,47.0,27.0,94.0,146.0,No,5,fixation,0.0,0.0
37,2,1,33,0, When ,33388,113,39,47.0,27.0,94.0,146.0,No,5,fixation,0.0,0.0
37,2,1,33,0, When ,33430,113,39,47.0,27.0,94.0,146.0,No,5,fixation,0.0,0.0
37,2,1,33,0, When ,33481,113,39,47.0,27.0,94.0,146.0,No,5,fixation,0.0,0.0
37,2,1,33,0, When ,33534,113,39,47.0,27.0,94.0,146.0,No,5,fixation,0.0,0.0
37,2,1,33,0, When ,33585,113,39,47.0,27.0,94.0,146.0,No,5,fixation,0.0,0.0
37,2,1,33,0, When ,33644,113,39,47.0,27.0,94.0,146.0,No,5,fixation,0.0,0.0
37,2,1,33,0, When ,33687,113,39,47.0,27.0,94.0,146.0,No,5,fixation,0.0,0.0
37,2,1,33,0, When ,33746,113,39,47.0,27.0,94.0,146.0,No,5,fixation,0.0,0.0
37,2,1,33,0, When ,33781,113,39,47.0,27.0,94.0,146.0,No,5,fixation,0.0,0.0
37,2,1,33,0, When ,33833,113,39,47.0,27.0,94.0,146.0,No,5,fixation,0.0,0.0
37,2,1,33,0, When ,33885,113,39,47.0,27.0,94.0,146.0,No,5,fixation,0.0,0.0
37,2,1,33,0, When ,33945,113,39,47.0,27.0,94.0,146.0,No,5,fixation,0.0,0.0
37,2,1,33,0, When ,33996,113,39,47.0,27.0,94.0,146.0,No,5,fixation,0.0,0.0
37,2,1,33,0, When ,34038,113,39,47.0,27.0,94.0,146.0,No,5,fixation,0.0,0.0
37,2,1,33,0, When ,34091,113,39,47.0,27.0,94.0,146.0,No,5,fixation,0.0,0.0
37,2,1,33,0, When ,34142,113,39,47.0,27.0,94.0,146.0,No,5,fixation,0.0,0.0
37,2,1,33,0, When ,34185,113,39,47.0,27.0,94.0,146.0,No,5,fixation,0.0,0.0
37,2,1,33,0, When ,34230,113,39,47.0,27.0,94.0,146.0,No,5,fixation,0.0,0.0
37,2,1,33,0, When ,34294,113,39,47.0,27.0,94.0,146.0,No,5,fixation,0.0,0.0
37,2,1,33,0, When ,34336,113,39,47.0,27.0,94.0,146.0,No,5,fixation,0.0,0.0
37,2,1,33,0, When ,34380,113,39,47.0,27.0,94.0,146.0,No,5,fixation,0.0,0.0
37,2,1,33,0, When ,34441,113,39,47.0,27.0,94.0,146.0,No,5,fixation,0.0,0.0
37,2,1,33,0, When ,34492,113,39,47.0,27.0,94.0,146.0,No,5,fixation,0.0,0.0
37,2,1,33,0, When ,34535,113,39,47.0,27.0,94.0,146.0,No,5,fixation,0.0,0.0
37,2,1,33,0, When ,34588,113,39,47.0,27.0,94.0,146.0,No,5,fixation,0.0,0.0
37,2,1,33,0, When ,34666,113,39,47.0,27.0,94.0,146.0,No,5,fixation,0.0,0.0
37,2,1,33,0, When ,34684,113,39,47.0,27.0,94.0,146.0,No,5,fixation,0.0,0.0
37,2,1,33,0, When ,34744,113,39,47.0,27.0,94.0,146.0,No,5,fixation,0.0,0.0
37,2,1,33,0, When ,34806,113,39,47.0,27.0,94.0,146.0,No,5,fixation,0.0,0.0
37,2,1,33,0, When ,34840,113,39,47.0,27.0,94.0,146.0,No,5,fixation,0.0,0.0
37,2,1,33,0, When ,34899,113,39,47.0,27.0,94.0,146.0,No,5,fixation,0.0,0.0
37,2,1,33,0, When ,34961,113,39,47.0,27.0,94.0,146.0,No,5,fixation,0.0,0.0
37,2,1,33,0, When ,34995,113,39,47.0,27.0,94.0,146.0,No,5,fixation,0.0,0.0
37,2,1,33,0, When ,35047,113,39,47.0,27.0,94.0,146.0,No,5,fixation,0.0,0.0
37,2,1,33,0, When ,35107,113,39,47.0,27.0,94.0,146.0,No,5,fixation,0.0,0.0
37,2,1,33,0, When ,35141,113,39,47.0,27.0,94.0,146.0,No,5,fixation,0.0,0.0
37,2,1,33,0, When ,35200,113,39,47.0,27.0,94.0,146.0,No,5,fixation,0.0,0.0
37,2,1,33,0, When ,35261,113,39,47.0,27.0,94.0,146.0,No,5,fixation,0.0,0.0
37,2,1,33,0, When ,35287,113,39,47.0,27.0,94.0,146.0,No,5,fixation,0.0,0.0
37,2,1,33,0, When ,35347,113,39,47.0,27.0,94.0,146.0,No,5,fixation,0.0,0.0
37,2,1,33,0, When ,35416,113,39,47.0,27.0,94.0,146.0,No,5,fixation,0.0,0.0
37,2,1,33,0, When ,35436,113,39,47.0,27.0,94.0,146.0,No,5,fixation,0.0,0.0
37,2,1,33,0, When ,35496,113,39,47.0,27.0,94.0,146.0,No,5,fixation,0.0,0.0
37,2,1,33,0, When ,35565,113,39,47.0,27.0,94.0,146.0,No,5,fixation,0.0,0.0
37,2,1,33,0, When ,35584,113,39,47.0,27.0,94.0,146.0,No,5,fixation,0.0,0.0
37,2,1,33,0, When ,35654,113,39,47.0,27.0,94.0,146.0,No,5,fixation,0.0,0.0
37,2,1,33,0, When ,35706,113,39,47.0,27.0,94.0,146.0,No,5,fixation,0.0,0.0
37,2,1,33,0, When ,35740,113,39,47.0,27.0,94.0,146.0,No,5,fixation,0.0,0.0
37,2,1,33,0, When ,35800,113,39,47.0,27.0,94.0,146.0,No,5,fixation,0.0,0.0
37,2,1,33,0, When ,35861,113,39,47.0,27.0,94.0,146.0,No,5,fixation,0.0,0.0
37,2,1,33,0, When ,35896,113,39,47.0,27.0,94.0,146.0,No,5,fixation,0.0,0.0
37,2,1,33,0, When ,35948,113,39,47.0,27.0,94.0,146.0,No,5,fixation,0.0,0.0
37,2,1,33,0, When ,36017,113,39,47.0,27.0,94.0,146.0,No,5,fixation,0.0,0.0
37,2,1,33,0, When ,36034,113,39,47.0,27.0,94.0,146.0,No,5,fixation,0.0,0.0
37,2,1,33,0, When ,36099,141,49,47.0,27.0,94.0,146.0,No,5,saccade,0.4574174999174925,0.007037192306422961
37,2,1,33,-1,,36153,179,59,,,,,No,5,saccade,0.7276623223847593,0.005004533749393829
37,2,1,33,-1,,36182,207,62,,,,,No,5,saccade,0.9710432993330154,0.008392447480974348
37,2,1,33,-1,,36244,249,64,,,,,No,5,saccade,0.6781869690847948,-0.004723489197551944
37,2,1,33,19, works ,36310,288,68,87.0,67.0,270.0,322.0,No,5,saccade,0.5940089631488684,-0.001275424332362521
37,2,1,33,19, works ,36343,292,68,87.0,67.0,270.0,322.0,No,5,saccade,0.12121212121212122,-0.01432717702838628
37,2,1,33,-1,,36393,299,62,,,,,No,5,saccade,0.18439088914585774,0.0012635753586747306
37,2,1,33,-1,,36460,307,52,,,,,No,5,saccade,0.19113803693829398,0.00010070369839457069
37,2,1,33,4, natural ,36484,310,49,47.0,27.0,304.0,364.0,No,5,saccade,0.17677669529663687,-0.0005983892350690465
37,2,1,33,4, natural ,36542,328,39,47.0,27.0,304.0,364.0,No,5,saccade,0.35502172899955176,0.003073190236257153
37,2,1,33,4, natural ,36610,333,35,47.0,27.0,304.0,364.0,No,5,fixation,0.09416359172695365,-0.0038361490775382073
37,2,1,33,4, natural ,36635,334,34,47.0,27.0,304.0,364.0,No,5,fixation,0.0565685424949238,-0.001503801969281194
37,2,1,33,4, natural ,36698,335,34,47.0,27.0,304.0,364.0,No,5,fixation,0.015873015873015872,-0.0006459607400302847
37,2,1,33,4, natural ,36761,354,44,47.0,27.0,304.0,364.0,No,5,saccade,0.34080810402514106,0.005157699811938495
37,2,1,33,4, natural ,36784,357,46,47.0,27.0,304.0,364.0,No,5,saccade,0.1567630989332169,-0.008001956743127137
37,2,1,33,4, natural ,36844,358,47,47.0,27.0,304.0,364.0,No,5,fixation,0.023570226039551587,-0.002219881214894422
37,2,1,33,4, natural ,36902,358,47,47.0,27.0,304.0,364.0,No,5,fixation,0.0,-0.00040638320757847564
37,2,1,33,4, natural ,36938,358,47,47.0,27.0,304.0,364.0,No,5,fixation,0.0,0.0
37,2,1,33,4, natural ,36995,358,47,47.0,27.0,304.0,364.0,No,5,fixation,0.0,0.0
37,2,1,33,4, natural ,37059,361,47,47.0,27.0,304.0,364.0,No,5,fixation,0.046875,0.000732421875
37,2,1,33,5, inclination ,37093,382,35,47.0,27.0,364.0,449.0,No,5,saccade,0.7113756836734014,0.01954413775510004
37,2,1,33,-1,,37143,422,23,,,,,No,5,saccade,0.835224520712844,0.0024769767407888522
37,2,1,33,-1,,37201,432,23,,,,,No,5,saccade,0.1724137931034483,-0.011427771165679237
37,2,1,33,-1,,37233,435,23,,,,,No,5,fixation,0.09375,-0.002458243534482759
37,2,1,33,-1,,37297,456,25,,,,,No,5,saccade,0.32960973608951544,0.0036853083763986787
37,2,1,33,8, turn ,37360,487,29,47.0,27.0,487.0,523.0,No,5,saccade,0.4961428447011995,0.0026433826763759376
37,2,1,33,8, turn ,37383,492,29,47.0,27.0,487.0,523.0,No,5,saccade,0.21739130434782608,-0.012119632189277108
37,2,1,33,8, turn ,37442,499,29,47.0,27.0,487.0,523.0,No,5,sliding,0.11864406779661017,-0.0016736819754443375
37,2,1,33,8, turn ,37502,513,33,47.0,27.0,487.0,523.0,No,5,saccade,0.24267032964268392,0.0020671043641012294
37,2,1,33,8, turn ,37535,521,37,47.0,27.0,487.0,523.0,No,5,saccade,0.27103854272724726,0.0008596428207443433
37,2,1,33,9," around, ",37593,524,39,47.0,27.0,523.0,589.0,No,5,fixation,0.06216467716317223,-0.00360127354420819
37,2,1,33,9," around, ",37658,524,39,47.0,27.0,523.0,589.0,No,5,fixation,0.0,-0.0009563796486641882
37,2,1,33,9," around, ",37686,524,39,47.0,27.0,523.0,589.0,No,5,fixation,0.0,0.0
37,2,1,33,8, turn ,37743,512,40,47.0,27.0,487.0,523.0,No,5,saccade,0.21125604524197011,0.0037062464077538618
37,2,1,33,7, to ,37809,480,40,47.0,27.0,467.0,487.0,No,5,saccade,0.48484848484848486,0.004145339994038102
37,2,1,33,7, to ,37837,474,40,47.0,27.0,467.0,487.0,No,5,saccade,0.21428571428571427,-0.00966295609152752
37,2,1,33,7, to ,37900,470,40,47.0,27.0,467.0,487.0,No,5,fixation,0.06349206349206349,-0.0023935500125976316
37,2,1,33,7, to ,37954,469,41,47.0,27.0,467.0,487.0,No,5,fixation,0.026189140043946207,-0.0006907948786688385
37,2,1,33,7, to ,37982,469,41,47.0,27.0,467.0,487.0,No,5,fixation,0.0,-0.000935326430140936
37,2,1,33,7, to ,38042,467,41,47.0,27.0,467.0,487.0,No,5,fixation,0.03333333333333333,0.0005555555555555556
37,2,1,33,6, is ,38105,465,41,47.0,27.0,449.0,467.0,No,5,fixation,0.031746031746031744,-2.5195263290501406e-05
37,2,1,33,6, is ,38131,465,41,47.0,27.0,449.0,467.0,No,5,fixation,0.0,-0.001221001221001221
37,2,1,33,7, to ,38193,475,39,47.0,27.0,467.0,487.0,No,5,saccade,0.16448450043847693,0.0026529758135238213
37,2,1,33,9," around, ",38262,539,31,47.0,27.0,523.0,589.0,No,5,saccade,0.9347545215418608,0.011163333639179476
37,2,1,33,9," around, ",38282,557,31,47.0,27.0,523.0,589.0,No,5,saccade,0.9,-0.001737726077093038
37,2,1,33,9," around, ",38343,584,31,47.0,27.0,523.0,589.0,No,5,saccade,0.4426229508196721,-0.0074979844127922605
37,2,1,33,10, lick ,38411,603,31,47.0,27.0,589.0,620.0,No,5,saccade,0.27941176470588236,-0.002400164501673379
37,2,1,33,10, lick ,38433,604,31,47.0,27.0,589.0,620.0,No,5,saccade,0.045454545454545456,-0.01063441905687895
37,2,1,33,10, lick ,38496,606,31,47.0,27.0,589.0,620.0,No,5,fixation,0.031746031746031744,-0.00021759545569069384
37,2,1,33,10, lick ,38564,606,31,47.0,27.0,589.0,620.0,No,5,fixation,0.0,-0.0004668534080298786
37,2,1,33,10, lick ,38589,606,31,47.0,27.0,589.0,620.0,No,5,fixation,0.0,0.0
37,2,1,33,10, lick ,38657,606,31,47.0,27.0,589.0,620.0,No,5,fixation,0.0,0.0
37,2,1,33,10, lick ,38703,606,31,47.0,27.0,589.0,620.0,No,5,fixation,0.0,0.0
37,2,1,33,10, lick ,38744,619,31,47.0,27.0,589.0,620.0,No,5,saccade,0.3170731707317073,0.007733491969066033
37,2,1,33,12, tail ,38794,652,30,47.0,27.0,643.0,671.0,No,5,saccade,0.660302960768767,0.006864595800741194
37,2,1,33,13, and ,38860,688,33,47.0,27.0,671.0,706.0,No,5,saccade,0.5473452081269224,-0.001711481100634009
37,2,1,33,14, spray ,38896,707,37,47.0,27.0,706.0,750.0,No,5,saccade,0.5393468844152111,-0.00022217565865864961
37,2,1,33,14, spray ,38945,726,40,47.0,27.0,706.0,750.0,No,5,saccade,0.392558858401456,-0.002995674000280716
37,2,1,33,14, spray ,39009,737,42,47.0,27.0,706.0,750.0,No,5,saccade,0.17469281074217108,-0.0034041569946763267
37,2,1,33,14, spray ,39043,739,42,47.0,27.0,706.0,750.0,No,5,fixation,0.058823529411764705,-0.0034079200391295993
37,2,1,33,14, spray ,39093,739,43,47.0,27.0,706.0,750.0,No,5,fixation,0.02,-0.000776470588235294
37,2,1,33,14, spray ,39165,739,43,47.0,27.0,706.0,750.0,No,5,fixation,0.0,-0.0002777777777777778
37,2,1,33,14, spray ,39185,739,43,47.0,27.0,706.0,750.0,No,5,fixation,0.0,0.0
37,2,1,33,14, spray ,39245,739,43,47.0,27.0,706.0,750.0,No,5,fixation,0.0,0.0
37,2,1,33,14, spray ,39306,739,43,47.0,27.0,706.0,750.0,No,5,fixation,0.0,0.0
37,2,1,33,14, spray ,39334,739,43,47.0,27.0,706.0,750.0,No,5,fixation,0.0,0.0
37,2,1,33,14, spray ,39396,739,43,47.0,27.0,706.0,750.0,No,5,fixation,0.0,0.0
37,2,1,33,14, spray ,39455,739,43,47.0,27.0,706.0,750.0,No,5,fixation,0.0,0.0
37,2,1,33,14, spray ,39490,739,43,47.0,27.0,706.0,750.0,No,5,fixation,0.0,0.0
37,2,1,33,14, spray ,39541,739,43,47.0,27.0,706.0,750.0,No,5,fixation,0.0,0.0
37,2,1,33,13, and ,39613,701,40,47.0,27.0,671.0,706.0,No,5,saccade,0.5294199597929422,0.007353054997124197
37,2,1,33,13, and ,39647,674,39,47.0,27.0,671.0,706.0,No,5,saccade,0.7946621227121351,0.007801240085858615
37,2,1,33,12, tail ,39697,655,41,47.0,27.0,643.0,671.0,No,5,saccade,0.382099463490856,-0.008251253184425583
37,2,1,33,12, tail ,39754,648,42,47.0,27.0,643.0,671.0,No,5,sliding,0.12405382126079782,-0.004527116530351897
37,2,1,33,12, tail ,39787,644,43,47.0,27.0,643.0,671.0,No,5,sliding,0.12494259471568668,2.6932528936026006e-05
37,2,1,33,11, its ,39845,634,43,47.0,27.0,620.0,643.0,No,5,saccade,0.1724137931034483,0.0008184689377200278
37,2,1,33,11, its ,39909,627,43,47.0,27.0,620.0,643.0,No,5,sliding,0.109375,-0.0009849811422413795
37,2,1,33,11, its ,39933,626,44,47.0,27.0,620.0,643.0,No,5,fixation,0.05892556509887897,-0.0021020597875467096
37,2,1,33,11, its ,39995,624,44,47.0,27.0,620.0,643.0,No,5,fixation,0.03225806451612903,-0.000430120977141128
37,2,1,33,11, its ,40054,624,44,47.0,27.0,620.0,643.0,No,5,fixation,0.0,-0.0005467468562055768
37,2,1,33,11, its ,40093,621,44,47.0,27.0,620.0,643.0,No,5,fixation,0.07692307692307693,0.0019723865877712033
37,2,1,33,10, lick ,40145,596,45,47.0,27.0,589.0,620.0,No,5,saccade,0.4811536924306463,0.007773665682837873
37,2,1,33,9," around, ",40204,588,44,47.0,27.0,523.0,589.0,No,5,sliding,0.13664843641183982,-0.005839072135911974
37,2,1,33,9," around, ",40235,587,44,47.0,27.0,523.0,589.0,No,5,fixation,0.03225806451612903,-0.003367431351474542
37,2,1,33,9," around, ",40299,586,44,47.0,27.0,523.0,589.0,No,5,fixation,0.015625,-0.0002598916330645161
37,2,1,33,9," around, ",40352,586,43,47.0,27.0,523.0,589.0,No,5,fixation,0.018867924528301886,6.118725525097899e-05
37,2,1,33,9," around, ",40385,586,43,47.0,27.0,523.0,589.0,No,5,fixation,0.0,-0.0005717552887364208
37,2,1,33,9," around, ",40441,587,43,47.0,27.0,523.0,589.0,No,5,fixation,0.017857142857142856,0.00031887755102040814
37,2,1,33,10, lick ,40509,592,43,47.0,27.0,589.0,620.0,No,5,fixation,0.07352941176470588,0.0008187098368759269
37,2,1,33,10, lick ,40530,594,42,47.0,27.0,589.0,620.0,No,5,sliding,0.10647942749999,0.0015690483683468623
37,2,1,33,10, lick ,40590,604,42,47.0,27.0,589.0,620.0,No,5,saccade,0.16666666666666666,0.0010031206527779445
37,2,1,33,10, lick ,40658,619,42,47.0,27.0,589.0,620.0,No,5,saccade,0.22058823529411764,0.000792964244521338
37,2,1,33,11, its ,40691,626,42,47.0,27.0,620.0,643.0,No,5,saccade,0.21212121212121213,-0.00025657645978501557
37,2,1,33,11, its ,40741,636,42,47.0,27.0,620.0,643.0,No,5,saccade,0.2,-0.0002424242424242423
37,2,1,33,12, tail ,40807,668,43,47.0,27.0,643.0,671.0,No,5,saccade,0.48508516950248853,0.00431947226518922
37,2,1,33,13, and ,40831,684,44,47.0,27.0,671.0,706.0,No,5,saccade,0.667967480911725,0.007620096308718185
37,2,1,33,14, spray ,40892,718,47,47.0,27.0,706.0,750.0,No,5,saccade,0.559542562815607,-0.001777457673706852
37,2,1,33,14, spray ,40959,729,49,47.0,27.0,706.0,750.0,No,5,saccade,0.16687074458953655,-0.00586077340635926
37,2,1,33,14, spray ,40992,731,49,47.0,27.0,706.0,750.0,No,5,fixation,0.06060606060606061,-0.0032201419388932103
37,2,1,33,-1,,41041,738,51,,,,,No,5,sliding,0.1485736712098065,0.00179525735926012
37,2,1,33,-1,,41104,743,51,,,,,No,5,fixation,0.07936507936507936,-0.0010985490769004308
37,2,1,33,-1,,41132,743,51,,,,,No,5,fixation,0.0,-0.002834467120181406
37,2,1,33,-1,,41192,744,51,,,,,No,5,fixation,0.016666666666666666,0.0002777777777777778
37,2,1,33,-1,,41256,744,51,,,,,No,5,fixation,0.0,-0.00026041666666666666
37,2,1,33,-1,,41281,737,51,,,,,No,5,saccade,0.28,0.011200000000000002
37,2,1,33,22, skunk ,41342,423,76,87.0,67.0,385.0,437.0,No,5,saccade,5.1638303398305165,0.08006279245623797
37,2,1,33,-1,,41407,188,104,,,,,No,5,saccade,3.6409570235498903,-0.023428820250471175
37,2,1,33,-1,,41440,160,101,,,,,No,5,saccade,0.8533410812320438,-0.08447321037326808
37,2,1,33,-1,,41491,142,93,,,,,No,5,saccade,0.38622971771749426,-0.00915904634342254
37,2,1,33,-1,,41552,130,90,,,,,No,5,saccade,0.20277568650578656,-0.003007443134618159
37,2,1,33,16, noxious ,41590,124,88,87.0,67.0,109.0,176.0,No,5,saccade,0.16643566632465157,-0.0009563163205561842
37,2,1,33,16, noxious ,41640,120,88,87.0,67.0,109.0,176.0,No,5,fixation,0.08,-0.0017287133264930312
37,2,1,33,16, noxious ,41710,119,88,87.0,67.0,109.0,176.0,No,5,fixation,0.014285714285714285,-0.0009387755102040815
37,2,1,33,16, noxious ,41737,119,87,87.0,67.0,109.0,176.0,No,5,fixation,0.037037037037037035,0.0008426415833823241
37,2,1,33,16, noxious ,41791,119,86,87.0,67.0,109.0,176.0,No,5,fixation,0.018518518518518517,-0.0003429355281207133
37,2,1,33,16, noxious ,41860,119,84,87.0,67.0,109.0,176.0,No,5,fixation,0.028985507246376812,0.0001516954888095405
37,2,1,33,16, noxious ,41882,119,83,87.0,67.0,109.0,176.0,No,5,fixation,0.045454545454545456,0.0007485926458258474
37,2,1,33,16, noxious ,41942,119,83,87.0,67.0,109.0,176.0,No,5,fixation,0.0,-0.0007575757575757576
37,2,1,33,16, noxious ,42003,119,82,87.0,67.0,109.0,176.0,No,5,fixation,0.01639344262295082,0.0002687449610319807
37,2,1,33,16, noxious ,42032,119,82,87.0,67.0,109.0,176.0,No,5,fixation,0.0,-0.0005652911249293387
37,2,1,33,16, noxious ,42098,118,81,87.0,67.0,109.0,176.0,No,5,fixation,0.02142747821777417,0.0003246587608753662
37,2,1,33,16, noxious ,42153,117,80,87.0,67.0,109.0,176.0,No,5,fixation,0.025712973861329,7.791810261008783e-05
37,2,1,33,16, noxious ,42186,117,79,87.0,67.0,109.0,176.0,No,5,fixation,0.030303030303030304,0.000139092619445494
37,2,1,33,16, noxious ,42240,126,77,87.0,67.0,109.0,176.0,No,5,saccade,0.1707323047646831,0.002600542119660237
37,2,1,33,16, noxious ,42305,133,77,87.0,67.0,109.0,176.0,No,5,sliding,0.1076923076923077,-0.0009698461088057754
37,2,1,33,16, noxious ,42332,133,77,87.0,67.0,109.0,176.0,No,5,fixation,0.0,-0.003988603988603989
37,2,1,33,16, noxious ,42397,136,77,87.0,67.0,109.0,176.0,No,5,fixation,0.046153846153846156,0.0007100591715976332
37,2,1,33,16, noxious ,42457,154,79,87.0,67.0,109.0,176.0,No,5,saccade,0.30184617127124724,0.004261538751956685
37,2,1,33,16, noxious ,42491,159,80,87.0,67.0,109.0,176.0,No,5,sliding,0.14997116216449366,-0.004466912032551576
37,2,1,33,16, noxious ,42542,175,78,87.0,67.0,109.0,176.0,No,5,saccade,0.3161669705215117,0.0032587413403336873
37,2,1,33,17, scent. ,42607,212,76,87.0,67.0,176.0,229.0,No,5,saccade,0.5700617634968894,0.0039060737380827337
37,2,1,33,17, scent. ,42641,227,75,87.0,67.0,176.0,229.0,No,5,saccade,0.4421557758344973,-0.003761940813599769
37,2,1,33,18, That ,42692,237,75,87.0,67.0,229.0,270.0,No,5,saccade,0.19607843137254902,-0.0048250459698421224
37,2,1,33,18, That ,42753,246,75,87.0,67.0,229.0,270.0,No,5,sliding,0.14754098360655737,-0.0007956958650162564
37,2,1,33,18, That ,42790,256,75,87.0,67.0,229.0,270.0,No,5,saccade,0.2702702702702703,0.0033170077476679166
37,2,1,33,18, That ,42847,258,75,87.0,67.0,229.0,270.0,No,5,fixation,0.03508771929824561,-0.004126009666175871
37,2,1,33,18, That ,42903,260,76,87.0,67.0,229.0,270.0,No,5,fixation,0.039929785312496247,8.64654645401899e-05
37,2,1,33,18, That ,42941,267,79,87.0,67.0,229.0,270.0,No,5,saccade,0.20041508173326075,0.004223297274230645
37,2,1,33,19, works ,42991,291,86,87.0,67.0,270.0,322.0,No,5,saccade,0.5,0.005991698365334785
37,2,1,33,-1,,43054,314,93,,,,,No,5,saccade,0.38161318349750184,-0.0018791558174999707
37,2,1,33,-1,,43085,317,94,,,,,No,5,sliding,0.10200895677962514,-0.009019491184447635
37,2,1,33,-1,,43142,317,94,,,,,No,5,fixation,0.0,-0.001789630820695178
37,2,1,33,-1,,43206,317,94,,,,,No,5,fixation,0.0,0.0
37,2,1,33,-1,,43239,317,94,,,,,No,5,fixation,0.0,0.0
37,2,1,33,-1,,43290,317,94,,,,,No,5,fixation,0.0,0.0
37,2,1,33,20, when ,43355,358,79,87.0,67.0,322.0,370.0,No,5,saccade,0.6716578447059407,0.010333197610860627
37,2,1,33,21, a ,43388,381,75,87.0,67.0,370.0,385.0,No,5,saccade,0.7074313654502274,0.0010840460831602044
37,2,1,33,22, skunk ,43440,393,75,87.0,67.0,385.0,437.0,No,5,saccade,0.23076923076923078,-0.00916657951309609
37,2,1,33,22, skunk ,43505,397,75,87.0,67.0,385.0,437.0,No,5,fixation,0.06153846153846154,-0.0026035502958579883
37,2,1,33,22, skunk ,43539,398,75,87.0,67.0,385.0,437.0,No,5,fixation,0.029411764705882353,-0.000944902848017035
37,2,1,33,22, skunk ,43590,401,75,87.0,67.0,385.0,437.0,No,5,fixation,0.058823529411764705,0.0005767012687427913
37,2,1,33,22, skunk ,43651,408,77,87.0,67.0,385.0,437.0,No,5,sliding,0.11934606375869702,0.0009921726942120053
37,2,1,33,22, skunk ,43686,411,78,87.0,67.0,385.0,437.0,No,5,fixation,0.09035079029052513,-0.0008284363848049112
37,2,1,33,22, skunk ,43741,435,81,87.0,67.0,385.0,437.0,No,5,saccade,0.43975951354355725,0.006352885877327857
37,2,1,33,23, faces ,43805,475,84,87.0,67.0,437.0,485.0,No,5,saccade,0.6267553475041119,0.002921809905633666
37,2,1,33,24, a ,43838,486,84,87.0,67.0,485.0,500.0,No,5,saccade,0.3333333333333333,-0.00889157618699329
37,2,1,33,24, a ,43892,492,84,87.0,67.0,485.0,500.0,No,5,sliding,0.1111111111111111,-0.004115226337448559
37,2,1,33,24, a ,43952,494,84,87.0,67.0,485.0,500.0,No,5,fixation,0.03333333333333333,-0.0012962962962962963
37,2,1,33,24, a ,43986,494,84,87.0,67.0,485.0,500.0,No,5,fixation,0.0,-0.000980392156862745
37,2,1,33,24, a ,44055,494,84,87.0,67.0,485.0,500.0,No,5,fixation,0.0,0.0
37,2,1,33,24, a ,44106,494,84,87.0,67.0,485.0,500.0,No,5,fixation,0.0,0.0
37,2,1,33,24, a ,44132,494,84,87.0,67.0,485.0,500.0,No,5,fixation,0.0,0.0
37,2,1,33,24, a ,44203,494,84,87.0,67.0,485.0,500.0,No,5,fixation,0.0,0.0
37,2,1,33,25, natural ,44258,500,81,87.0,67.0,500.0,560.0,No,5,sliding,0.12196734422726126,0.0022175880768592958
37,2,1,33,25, natural ,44288,511,79,87.0,67.0,500.0,560.0,No,5,saccade,0.37267799624996495,0.008357021734090123
37,2,1,33,26, predator ,44342,564,74,87.0,67.0,560.0,632.0,No,5,saccade,0.9858393817930492,0.011354840473020078
37,2,1,33,26, predator ,44402,596,76,87.0,67.0,560.0,632.0,No,5,saccade,0.5343739847293799,-0.007524423284394488
37,2,1,33,26, predator ,44442,603,78,87.0,67.0,560.0,632.0,No,5,saccade,0.18200274723201296,-0.008809280937434175
37,2,1,33,26, predator ,44491,606,79,87.0,67.0,560.0,632.0,No,5,fixation,0.06453627877894652,-0.002397274866389111
37,2,1,33,26, predator ,44550,609,80,87.0,67.0,560.0,632.0,No,5,fixation,0.053597926443531854,-0.00018539580229516385
37,2,1,33,26, predator ,44582,614,81,87.0,67.0,560.0,632.0,No,5,saccade,0.15934435979977452,0.003304576042382583
37,2,1,33,26, predator ,44642,630,81,87.0,67.0,560.0,632.0,No,5,saccade,0.26666666666666666,0.0017887051144482025
37,2,1,33,27, in ,44709,650,81,87.0,67.0,632.0,651.0,No,5,saccade,0.29850746268656714,0.00047523576149105187
37,2,1,33,28, the ,44741,660,81,87.0,67.0,651.0,681.0,No,5,saccade,0.3125,0.00043726679104477695
37,2,1,33,28, the ,44791,680,80,87.0,67.0,651.0,681.0,No,5,saccade,0.4004996878900158,0.0017599937578003156
37,2,1,33,29," wild, ",44859,709,78,87.0,67.0,681.0,722.0,No,5,saccade,0.42748358393378333,0.0003968220006436405
37,2,1,33,29," wild, ",44880,715,77,87.0,67.0,681.0,722.0,No,5,saccade,0.2896553585856295,-0.006563248826102562
37,2,1,33,30, but ,44941,726,78,87.0,67.0,722.0,747.0,No,5,saccade,0.18107149208503706,-0.001780063385255614
37,2,1,33,30, but ,45004,736,80,87.0,67.0,722.0,747.0,No,5,saccade,0.16187363535215188,-0.00030472788464897113
37,2,1,33,30, but ,45032,736,80,87.0,67.0,722.0,747.0,No,5,fixation,0.0,-0.005781201262576853
37,2,1,33,30, but ,45096,736,80,87.0,67.0,722.0,747.0,No,5,fixation,0.0,0.0
37,2,1,33,27, in ,45159,646,77,87.0,67.0,632.0,651.0,No,5,saccade,1.4293648590289176,0.022688331095697106
37,2,1,33,26, predator ,45181,603,77,87.0,67.0,560.0,632.0,No,5,saccade,1.9545454545454546,0.02387184525075168
37,2,1,33,35, when ,45248,248,112,127.0,107.0,233.0,281.0,No,5,saccade,5.324196710966259,0.05029330233463887
37,2,1,33,34, helpful ,45302,179,117,127.0,107.0,175.0,233.0,No,5,saccade,1.2811281893650355,-0.07487163928891155
37,2,1,33,32, not ,45329,146,115,127.0,107.0,121.0,151.0,No,5,saccade,1.224464833690114,-0.0020986428027748674
37,2,1,33,31, it's ,45395,115,110,127.0,107.0,94.0,120.0,No,5,saccade,0.47576722630629037,-0.011343903142179146
37,2,1,33,31, it's ,45455,106,110,127.0,107.0,94.0,120.0,No,5,sliding,0.15,-0.005429453771771507
37,2,1,33,31, it's ,45482,105,110,127.0,107.0,94.0,120.0,No,5,fixation,0.037037037037037035,-0.004183813443072702
37,2,1,33,31, it's ,45545,102,113,127.0,107.0,94.0,120.0,No,5,fixation,0.06734350297014738,0.0004810550148112753
37,2,1,33,31, it's ,45609,101,113,127.0,107.0,94.0,120.0,No,5,fixation,0.015625,-0.0008081016089085528
37,2,1,33,31, it's ,45643,101,113,127.0,107.0,94.0,120.0,No,5,fixation,0.0,-0.00045955882352941176
37,2,1,33,31, it's ,45705,101,113,127.0,107.0,94.0,120.0,No,5,fixation,0.0,0.0
37,2,1,33,31, it's ,45764,107,113,127.0,107.0,94.0,120.0,No,5,sliding,0.1016949152542373,0.0017236426314277509
37,2,1,33,31, it's ,45780,111,113,127.0,107.0,94.0,120.0,No,5,saccade,0.25,0.009269067796610169
37,2,1,33,32, not ,45845,130,113,127.0,107.0,121.0,151.0,No,5,saccade,0.2923076923076923,0.0006508875739644973
37,2,1,33,32, not ,45904,148,113,127.0,107.0,121.0,151.0,No,5,saccade,0.3050847457627119,0.000216560228051179
37,2,1,33,33, as ,45937,159,113,127.0,107.0,151.0,175.0,No,5,saccade,0.3333333333333333,0.0008560178051703463
37,2,1,33,34, helpful ,45995,178,113,127.0,107.0,175.0,233.0,No,5,saccade,0.3275862068965517,-9.908838684106211e-05
37,2,1,33,34, helpful ,46055,196,112,127.0,107.0,175.0,233.0,No,5,saccade,0.3004626062886658,-0.0004520600101314322
37,2,1,33,34, helpful ,46081,200,112,127.0,107.0,175.0,233.0,No,5,saccade,0.15384615384615385,-0.005639094324711997
37,2,1,33,34, helpful ,46148,222,110,127.0,107.0,175.0,233.0,No,5,saccade,0.329712269169769,0.002624867392889778
37,2,1,33,-1,,46211,262,104,,,,,No,5,saccade,0.6420237592430693,0.0049573252392587355
37,2,1,33,-1,,46231,269,104,,,,,No,5,saccade,0.35,-0.014601187962153466
37,2,1,33,36, faced ,46298,315,107,127.0,107.0,281.0,330.0,No,5,saccade,0.6880257057681259,0.00504515978758397
37,2,1,33,37," with, ",46364,344,114,127.0,107.0,330.0,372.0,No,5,saccade,0.45201314818716054,-0.0035759478421358393
37,2,1,33,37," with, ",46379,347,116,127.0,107.0,330.0,372.0,No,5,saccade,0.2403700850309326,-0.014109537543748529
37,2,1,33,37," with, ",46445,362,123,127.0,107.0,330.0,372.0,No,5,saccade,0.250802202382528,0.00015806238411508156
37,2,1,33,37," with, ",46502,363,123,127.0,107.0,330.0,372.0,No,5,fixation,0.017543859649122806,-0.004092251626901845
37,2,1,33,37," with, ",46545,363,123,127.0,107.0,330.0,372.0,No,5,fixation,0.0,-0.0004079967360261118
37,2,1,33,37," with, ",46596,363,123,127.0,107.0,330.0,372.0,No,5,fixation,0.0,0.0
37,2,1,33,37," with, ",46658,363,123,127.0,107.0,330.0,372.0,No,5,fixation,0.0,0.0
37,2,1,33,37," with, ",46692,363,123,127.0,107.0,330.0,372.0,No,5,fixation,0.0,0.0
37,2,1,33,37," with, ",46743,363,123,127.0,107.0,330.0,372.0,No,5,fixation,0.0,0.0
37,2,1,33,37," with, ",46808,365,124,127.0,107.0,330.0,372.0,No,5,fixation,0.034401045807689073,0.0005292468585798319
37,2,1,33,-1,,46843,384,130,,,,,No,5,saccade,0.5692816812906079,0.015282303870940536
37,2,1,33,-1,,46895,424,139,,,,,No,5,saccade,0.7884615384615384,0.004214997253287126
37,2,1,33,-1,,46949,444,142,,,,,No,5,saccade,0.3745138595584571,-0.007665697757464469
37,2,1,33,-1,,46983,452,142,,,,,No,5,saccade,0.23529411764705882,-0.004094698291511715
37,2,1,33,-1,,47042,465,142,,,,,No,5,saccade,0.22033898305084745,-0.0002534768575629045
37,2,1,33,-1,,47105,480,141,,,,,No,5,saccade,0.2386237520376652,0.00029023442836218643
37,2,1,33,-1,,47133,488,140,,,,,No,5,saccade,0.2879377767249482,0.001761215167402964
37,2,1,33,-1,,47190,505,136,,,,,No,5,saccade,0.3063903367819821,0.000323729123807612
37,2,1,33,-1,,47250,516,133,,,,,No,5,saccade,0.19002923751652298,-0.0019393516544243183
37,2,1,33,-1,,47288,520,131,,,,,No,5,sliding,0.11768778828946262,-0.0019037223480805358
37,2,1,33,-1,,47343,521,131,,,,,No,5,fixation,0.01818181818181818,-0.0018091994565026263
37,2,1,33,-1,,47412,521,130,,,,,No,5,fixation,0.014492753623188406,-5.346470374825761e-05
37,2,1,33,-1,,47443,521,130,,,,,No,5,fixation,0.0,-0.0004675081813931744
37,2,1,33,41, oncoming ,47494,522,129,127.0,107.0,470.0,553.0,No,5,fixation,0.0277296776935901,0.000543719170462551
37,2,1,33,41, oncoming ,47552,523,128,127.0,107.0,470.0,553.0,No,5,fixation,0.024382992454708537,-5.7701469635889004e-05
37,2,1,33,41, oncoming ,47584,525,126,127.0,107.0,470.0,553.0,No,5,fixation,0.08838834764831845,0.0020001673498003096
37,2,1,33,41, oncoming ,47640,542,110,127.0,107.0,470.0,553.0,No,5,saccade,0.41687919749745544,0.005865908033020304
37,2,1,33,-1,,47704,550,105,,,,,No,5,sliding,0.14740595518838442,-0.004210519411079234
37,2,1,33,-1,,47738,552,104,,,,,No,5,fixation,0.06576670522058205,-0.002401154410817717
37,2,1,33,-1,,47798,554,104,,,,,No,5,fixation,0.03333333333333333,-0.0005405561981208119
37,2,1,33,-1,,47854,560,105,,,,,No,5,sliding,0.10862075946961106,0.0013444183238621023
37,2,1,33,-1,,47888,561,105,,,,,No,5,fixation,0.029411764705882353,-0.0023296763165802556
37,2,1,33,42, car. ,47941,561,106,127.0,107.0,553.0,582.0,No,5,fixation,0.018867924528301886,-0.00019894038070906542
37,2,1,33,42, car. ,48000,561,107,127.0,107.0,553.0,582.0,No,5,fixation,0.01694915254237288,-3.252155908354245e-05
37,2,1,33,42, car. ,48038,555,110,127.0,107.0,553.0,582.0,No,5,saccade,0.17653168243419393,0.00419954026031108
37,2,1,33,41, oncoming ,48090,549,112,127.0,107.0,470.0,553.0,No,5,sliding,0.12162606385262999,-0.0010558772804146912
37,2,1,33,41, oncoming ,48154,537,113,127.0,107.0,470.0,553.0,No,5,saccade,0.18814991529362962,0.0010394351787656193
37,2,1,33,41, oncoming ,48188,527,113,127.0,107.0,470.0,553.0,No,5,saccade,0.29411764705882354,0.0031166979930939386
37,2,1,33,41, oncoming ,48240,511,113,127.0,107.0,470.0,553.0,No,5,saccade,0.3076923076923077,0.0002610511660285417
37,2,1,33,41, oncoming ,48304,502,112,127.0,107.0,470.0,553.0,No,5,sliding,0.14149039278339715,-0.0025969049204517276
37,2,1,33,41, oncoming ,48332,500,112,127.0,107.0,470.0,553.0,No,5,fixation,0.07142857142857142,-0.00250220790552949
37,2,1,33,41, oncoming ,48389,496,113,127.0,107.0,470.0,553.0,No,5,fixation,0.07233518641434493,1.5905526066201835e-05
37,2,1,33,41, oncoming ,48452,494,114,127.0,107.0,470.0,553.0,No,5,fixation,0.03549314249999666,-0.0005847943478467979
37,2,1,33,41, oncoming ,48485,493,115,127.0,107.0,470.0,553.0,No,5,fixation,0.04285495643554834,0.00022308527077429332
37,2,1,33,41, oncoming ,48554,487,115,127.0,107.0,470.0,553.0,No,5,fixation,0.08695652173913043,0.0006391531203417695
37,2,1,33,41, oncoming ,48602,486,115,127.0,107.0,470.0,553.0,No,5,fixation,0.020833333333333332,-0.001377566425120773
37,2,1,33,41, oncoming ,48635,485,115,127.0,107.0,470.0,553.0,No,5,fixation,0.030303030303030304,0.00028696051423324155
37,2,1,33,41, oncoming ,48692,510,123,127.0,107.0,470.0,553.0,No,5,saccade,0.4605054297686557,0.0075474105169407975
37,2,1,33,-1,,48760,548,131,,,,,No,5,saccade,0.5710731717337529,0.0016259962053690768
37,2,1,33,-1,,48780,552,131,,,,,No,5,saccade,0.2,-0.018553658586687647
37,2,1,33,-1,,48840,555,131,,,,,No,5,fixation,0.05,-0.0025000000000000005
37,2,1,33,-1,,48903,556,131,,,,,No,5,fixation,0.015873015873015872,-0.0005416981607457798
37,2,1,33,-1,,48933,557,131,,,,,No,5,fixation,0.03333333333333333,0.000582010582010582
37,2,1,33,-1,,48990,560,131,,,,,No,5,fixation,0.05263157894736842,0.0003385657125269313
37,2,1,33,-1,,49051,563,131,,,,,No,5,fixation,0.04918032786885246,-5.657788653304853e-05
37,2,1,33,-1,,49085,563,131,,,,,No,5,fixation,0.0,-0.001446480231436837
37,2,1,33,-1,,49139,563,131,,,,,No,5,fixation,0.0,0.0
37,2,1,33,-1,,49208,512,143,,,,,No,5,saccade,0.7593151824596949,0.011004567861734708
37,2,1,34,0, Lady ,1466,106,40,47.0,27.0,94.0,138.0,Yes,9,fixation,0.0,0.0
37,2,1,34,0, Lady ,1534,104,30,47.0,27.0,94.0,138.0,Yes,9,sliding,0.14997116216449366,0.002205458267124907
37,2,1,34,0, Lady ,1584,104,30,47.0,27.0,94.0,138.0,Yes,9,fixation,0.0,-0.0029994232432898732
37,2,1,34,0, Lady ,1617,104,30,47.0,27.0,94.0,138.0,Yes,9,fixation,0.0,0.0
37,2,1,34,0, Lady ,1679,104,30,47.0,27.0,94.0,138.0,Yes,9,fixation,0.0,0.0
37,2,1,34,0, Lady ,1735,107,30,47.0,27.0,94.0,138.0,Yes,9,fixation,0.05357142857142857,0.0009566326530612245
37,2,1,34,0, Lady ,1771,128,30,47.0,27.0,94.0,138.0,Yes,9,saccade,0.5833333333333334,0.014715608465608467
37,2,1,34,1, Gaga's ,1832,151,30,47.0,27.0,138.0,199.0,Yes,9,saccade,0.3770491803278688,-0.003381707426319091
37,2,1,34,1, Gaga's ,1886,176,30,47.0,27.0,138.0,199.0,Yes,9,saccade,0.46296296296296297,0.0015909959747239656
37,2,1,34,1, Gaga's ,1917,178,30,47.0,27.0,138.0,199.0,Yes,9,saccade,0.06451612903225806,-0.01285312367518403
37,2,1,34,1, Gaga's ,1981,178,30,47.0,27.0,138.0,199.0,Yes,9,fixation,0.0,-0.0010080645161290322
37,2,1,34,1, Gaga's ,2048,178,30,47.0,27.0,138.0,199.0,Yes,9,fixation,0.0,0.0
37,2,1,34,1, Gaga's ,2067,178,30,47.0,27.0,138.0,199.0,Yes,9,fixation,0.0,0.0
37,2,1,34,1, Gaga's ,2134,178,30,47.0,27.0,138.0,199.0,Yes,9,fixation,0.0,0.0
37,2,1,34,1, Gaga's ,2189,184,30,47.0,27.0,138.0,199.0,Yes,9,sliding,0.10909090909090909,0.0019834710743801653
37,2,1,34,1, Gaga's ,2217,195,28,47.0,27.0,138.0,199.0,Yes,9,saccade,0.39929785312496247,0.010364533715501906
37,2,1,34,2, YouTube ,2283,236,27,47.0,27.0,200.0,276.0,Yes,9,saccade,0.6213968683154508,0.003365136593795278
37,2,1,34,2, YouTube ,2348,241,28,47.0,27.0,200.0,276.0,Yes,9,fixation,0.0784464540552736,-0.008353083296310418
37,2,1,34,2, YouTube ,2367,241,28,47.0,27.0,200.0,276.0,Yes,9,fixation,0.0,-0.0041287607397512424
37,2,1,34,2, YouTube ,2436,241,28,47.0,27.0,200.0,276.0,Yes,9,fixation,0.0,0.0
37,2,1,34,2, YouTube ,2488,241,28,47.0,27.0,200.0,276.0,Yes,9,fixation,0.0,0.0
37,2,1,34,2, YouTube ,2521,241,28,47.0,27.0,200.0,276.0,Yes,9,fixation,0.0,0.0
37,2,1,34,2, YouTube ,2577,247,29,47.0,27.0,200.0,276.0,Yes,9,sliding,0.10862075946961106,0.0019396564191001974
37,2,1,34,3, account ,2639,282,35,47.0,27.0,275.0,343.0,Yes,9,saccade,0.572750996921442,0.007485971571803726
37,2,1,34,3, account ,2667,287,37,47.0,27.0,275.0,343.0,Yes,9,saccade,0.192327314540518,-0.013586560085033002
37,2,1,34,3, account ,2724,290,37,47.0,27.0,275.0,343.0,Yes,9,fixation,0.05263157894736842,-0.0024508023788271855
37,2,1,34,3, account ,2793,290,37,47.0,27.0,275.0,343.0,Yes,9,fixation,0.0,-0.0007627765064836002
37,2,1,34,3, account ,2828,290,37,47.0,27.0,275.0,343.0,Yes,9,fixation,0.0,0.0
37,2,1,34,3, account ,2886,290,37,47.0,27.0,275.0,343.0,Yes,9,fixation,0.0,0.0
37,2,1,34,3, account ,2939,320,37,47.0,27.0,275.0,343.0,Yes,9,saccade,0.5660377358490566,0.01067995728017088
37,2,1,34,4, was ,2977,351,37,47.0,27.0,343.0,380.0,Yes,9,saccade,0.8157894736842105,0.0065724141535566825
37,2,1,34,4, was ,3027,375,37,47.0,27.0,343.0,380.0,Yes,9,saccade,0.48,-0.0067157894736842106
37,2,1,34,4, was ,3096,375,37,47.0,27.0,343.0,380.0,Yes,9,fixation,0.0,-0.006956521739130434
37,2,1,34,4, was ,3121,375,37,47.0,27.0,343.0,380.0,Yes,9,fixation,0.0,0.0
37,2,1,34,4, was ,3190,375,37,47.0,27.0,343.0,380.0,Yes,9,fixation,0.0,0.0
37,2,1,34,4, was ,3238,376,37,47.0,27.0,343.0,380.0,Yes,9,fixation,0.020833333333333332,0.00043402777777777775
37,2,1,34,5, suspended ,3271,390,37,47.0,27.0,380.0,473.0,Yes,9,saccade,0.42424242424242425,0.012224517906336088
37,2,1,34,5, suspended ,3340,447,43,47.0,27.0,380.0,473.0,Yes,9,saccade,0.8306510075888174,0.005889979468788306
37,2,1,34,5, suspended ,3384,460,44,47.0,27.0,380.0,473.0,Yes,9,saccade,0.29632738205466586,-0.012143718762139806
37,2,1,34,5, suspended ,3416,460,44,47.0,27.0,380.0,473.0,Yes,9,fixation,0.0,-0.009260230689208308
37,2,1,34,5, suspended ,3476,460,44,47.0,27.0,380.0,473.0,Yes,9,fixation,0.0,0.0
37,2,1,34,5, suspended ,3537,460,44,47.0,27.0,380.0,473.0,Yes,9,fixation,0.0,0.0
37,2,1,34,5, suspended ,3571,460,44,47.0,27.0,380.0,473.0,Yes,9,fixation,0.0,0.0
37,2,1,34,5, suspended ,3624,461,44,47.0,27.0,380.0,473.0,Yes,9,fixation,0.018867924528301886,0.00035599857600569594
37,2,1,34,6, Thursday. ,3684,480,40,47.0,27.0,473.0,556.0,Yes,9,saccade,0.32360813064912664,0.005079003435347079
37,2,1,34,6, Thursday. ,3721,518,37,47.0,27.0,473.0,556.0,Yes,9,saccade,1.0302226244619415,0.019097689021967967
37,2,1,34,6, Thursday. ,3778,540,36,47.0,27.0,473.0,556.0,Yes,9,saccade,0.3863634306236007,-0.011295775330497207
37,2,1,34,6, Thursday. ,3836,542,36,47.0,27.0,473.0,556.0,Yes,9,fixation,0.034482758620689655,-0.006066908137981225
37,2,1,34,6, Thursday. ,3870,542,36,47.0,27.0,473.0,556.0,Yes,9,fixation,0.0,-0.0010141987829614604
37,2,1,34,6, Thursday. ,3930,542,36,47.0,27.0,473.0,556.0,Yes,9,fixation,0.0,0.0
37,2,1,34,6, Thursday. ,3994,542,36,47.0,27.0,473.0,556.0,Yes,9,fixation,0.0,0.0
37,2,1,34,6, Thursday. ,4015,543,36,47.0,27.0,473.0,556.0,Yes,9,fixation,0.047619047619047616,0.0022675736961451248
37,2,1,34,7, The ,4078,569,32,47.0,27.0,557.0,593.0,Yes,9,saccade,0.4175538551735208,0.0058719810722932244
37,2,1,34,8, notice ,4133,606,32,47.0,27.0,593.0,646.0,Yes,9,saccade,0.6727272727272727,0.00463951668279549
37,2,1,34,8, notice ,4165,611,32,47.0,27.0,593.0,646.0,Yes,9,saccade,0.15625,-0.016139914772727273
37,2,1,34,8, notice ,4229,611,32,47.0,27.0,593.0,646.0,Yes,9,fixation,0.0,-0.00244140625
37,2,1,34,8, notice ,4297,611,32,47.0,27.0,593.0,646.0,Yes,9,fixation,0.0,0.0
37,2,1,34,8, notice ,4322,611,32,47.0,27.0,593.0,646.0,Yes,9,fixation,0.0,0.0
37,2,1,34,8, notice ,4377,612,31,47.0,27.0,593.0,646.0,Yes,9,fixation,0.025712973861329,0.0004675086156605273
37,2,1,34,-1,,4440,642,24,,,,,Yes,9,saccade,0.4889816444682337,0.007353470962014361
37,2,1,34,-1,,4467,664,21,,,,,Yes,9,saccade,0.8223556781916488,0.012347186434200559
37,2,1,34,-1,,4526,707,22,,,,,Yes,9,saccade,0.7290106158510701,-0.0015821197006877748
37,2,1,34,-1,,4586,710,23,,,,,Yes,9,saccade,0.052704627669472995,-0.011271766469693283
37,2,1,34,-1,,4619,712,23,,,,,Yes,9,fixation,0.06060606060606061,0.00023943736171477614
37,2,1,34,-1,,4676,713,24,,,,,Yes,9,fixation,0.024810764252159563,-0.0006279876553315972
37,2,1,34,10, that ,4736,719,27,47.0,27.0,687.0,722.0,Yes,9,sliding,0.1118033988749895,0.0014498772437138323
37,2,1,34,11, the ,4769,724,31,47.0,27.0,722.0,747.0,Yes,9,saccade,0.1940340678009954,0.0024918384523032098
37,2,1,34,11, the ,4836,726,36,47.0,27.0,722.0,747.0,Yes,9,fixation,0.08037559413633588,-0.0016963951293232765
37,2,1,34,10, that ,4886,721,40,47.0,27.0,687.0,722.0,Yes,9,sliding,0.12806248474865697,0.0009537378122464219
37,2,1,34,10, that ,4919,705,40,47.0,27.0,687.0,722.0,Yes,9,saccade,0.48484848484848486,0.010811696972722057
37,2,1,34,9, read ,4983,671,40,47.0,27.0,646.0,687.0,Yes,9,saccade,0.53125,0.000725023674242424
37,2,1,34,8, notice ,5036,635,40,47.0,27.0,593.0,646.0,Yes,9,saccade,0.6792452830188679,0.0027923638305446773
37,2,1,34,8, notice ,5069,619,40,47.0,27.0,593.0,646.0,Yes,9,saccade,0.48484848484848486,-0.005890812065769182
37,2,1,34,7, The ,5123,578,45,47.0,27.0,557.0,593.0,Yes,9,saccade,0.7648843121504956,0.005185848653740939
37,2,1,34,28, declined ,5185,370,122,127.0,107.0,362.0,434.0,Yes,9,saccade,3.5773379088433717,0.045362154785368966
37,2,1,34,-1,,5219,325,134,,,,,Yes,9,saccade,1.3697801202582374,-0.06492817025250396
37,2,1,34,-1,,5278,318,136,,,,,Yes,9,saccade,0.12339169303865284,-0.021125227579992956
37,2,1,34,-1,,5337,318,136,,,,,Yes,9,fixation,0.0,-0.002091384627773777
37,2,1,34,-1,,5371,318,136,,,,,Yes,9,fixation,0.0,0.0
37,2,1,34,-1,,5428,318,136,,,,,Yes,9,fixation,0.0,0.0
37,2,1,34,-1,,5490,318,136,,,,,Yes,9,fixation,0.0,0.0
37,2,1,34,-1,,5519,313,136,,,,,Yes,9,saccade,0.1724137931034483,0.005945303210463734
37,2,1,34,-1,,5578,276,134,,,,,Yes,9,saccade,0.6280341462253867,0.007722378866473532
37,2,1,34,25, Google ,5636,164,126,127.0,107.0,130.0,193.0,Yes,9,saccade,1.9359543238094068,0.02255034788937966
37,2,1,34,25, Google ,5663,154,125,127.0,107.0,130.0,193.0,Yes,9,saccade,0.37221761559707,-0.057916174378234694
37,2,1,34,25, Google ,5733,138,124,127.0,107.0,130.0,193.0,Yes,9,saccade,0.2290174220268771,-0.0020457170510027557
37,2,1,34,24, The ,5786,128,121,127.0,107.0,94.0,130.0,Yes,9,saccade,0.19698691526246323,-0.0006043491842342241
37,2,1,34,24, The ,5820,121,116,127.0,107.0,94.0,130.0,Yes,9,saccade,0.25300956667772434,0.0016477250416253267
37,2,1,34,24, The ,5883,118,108,127.0,107.0,94.0,130.0,Yes,9,sliding,0.13561910706853222,-0.0018633406287173351
37,2,1,34,-1,,5935,117,100,,,,,Yes,9,saccade,0.15504341823651055,0.00037354444553804473
37,2,1,34,-1,,5969,118,97,,,,,Yes,9,fixation,0.09300816647554057,-0.001824566228263823
37,2,1,34,-1,,6036,122,95,,,,,Yes,9,fixation,0.06674829783581462,-0.0003919383379063574
37,2,1,34,-1,,6084,124,93,,,,,Yes,9,fixation,0.05892556509887897,-0.00016297359868615953
37,2,1,34,-1,,6119,127,91,,,,,Yes,9,sliding,0.10301575072754254,0.001259719589390388
37,2,1,34,12, suspension ,6176,129,88,87.0,67.0,94.0,190.0,Yes,9,fixation,0.06325528553445595,-0.0006975520209313438
37,2,1,34,12, suspension ,6235,134,85,87.0,67.0,94.0,190.0,Yes,9,fixation,0.0988296931329712,0.000602956060991784
37,2,1,34,12, suspension ,6269,136,83,87.0,67.0,94.0,190.0,Yes,9,fixation,0.0831890330807703,-0.0004600194133000264
37,2,1,34,12, suspension ,6336,142,82,87.0,67.0,94.0,190.0,Yes,9,fixation,0.09078750045221223,0.00011340996076779
37,2,1,34,12, suspension ,6386,146,81,87.0,67.0,94.0,190.0,Yes,9,fixation,0.0824621125123532,-0.00016650775879718056
37,2,1,34,12, suspension ,6419,148,80,87.0,67.0,94.0,190.0,Yes,9,fixation,0.06775963568181181,-0.0004455296009254967
37,2,1,34,12, suspension ,6473,155,80,87.0,67.0,94.0,190.0,Yes,9,sliding,0.12962962962962962,0.0011457406286632928
37,2,1,34,12, suspension ,6536,174,80,87.0,67.0,94.0,190.0,Yes,9,saccade,0.30158730158730157,0.0027294868564709833
37,2,1,34,12, suspension ,6569,187,80,87.0,67.0,94.0,190.0,Yes,9,saccade,0.3939393939393939,0.0027985482530937075
37,2,1,34,13, was ,6633,210,80,87.0,67.0,190.0,227.0,Yes,9,saccade,0.359375,-0.00054006865530303
37,2,1,34,13, was ,6684,215,80,87.0,67.0,190.0,227.0,Yes,9,fixation,0.09803921568627451,-0.00512423106497501
37,2,1,34,13, was ,6716,215,80,87.0,67.0,190.0,227.0,Yes,9,fixation,0.0,-0.0030637254901960784
37,2,1,34,13, was ,6782,215,80,87.0,67.0,190.0,227.0,Yes,9,fixation,0.0,0.0
37,2,1,34,13, was ,6842,215,80,87.0,67.0,190.0,227.0,Yes,9,fixation,0.0,0.0
37,2,1,34,13, was ,6876,215,80,87.0,67.0,190.0,227.0,Yes,9,fixation,0.0,0.0
37,2,1,34,13, was ,6929,216,80,87.0,67.0,190.0,227.0,Yes,9,fixation,0.018867924528301886,0.00035599857600569594
37,2,1,34,14, due ,6989,251,71,87.0,67.0,227.0,262.0,Yes,9,saccade,0.6023103666530883,0.009724040702079774
37,2,1,34,15, to ,7017,268,67,87.0,67.0,263.0,283.0,Yes,9,saccade,0.6237231855918921,0.0007647435335287056
37,2,1,34,-1,,7074,301,64,,,,,Yes,9,saccade,0.581334790378277,-0.0007436560563792131
37,2,1,34,-1,,7134,302,64,,,,,Yes,9,fixation,0.016666666666666666,-0.009411135395193504
37,2,1,34,-1,,7169,302,64,,,,,Yes,9,fixation,0.0,-0.0004761904761904762
37,2,1,34,-1,,7235,302,64,,,,,Yes,9,fixation,0.0,0.0
37,2,1,34,-1,,7288,302,64,,,,,Yes,9,fixation,0.0,0.0
37,2,1,34,-1,,7316,302,64,,,,,Yes,9,fixation,0.0,0.0
37,2,1,34,16," ""multiple ",7385,318,70,87.0,67.0,283.0,356.0,Yes,9,saccade,0.24765228247297189,0.003589163514101042
37,2,1,34,16," ""multiple ",7435,329,81,87.0,67.0,283.0,356.0,Yes,9,saccade,0.3111269837220809,0.0012694940249821807
37,2,1,34,16," ""multiple ",7467,331,83,87.0,67.0,283.0,356.0,Yes,9,fixation,0.08838834764831845,-0.006960582377305078
37,2,1,34,16," ""multiple ",7532,331,85,87.0,67.0,283.0,356.0,Yes,9,fixation,0.03076923076923077,-0.0008864479519859643
37,2,1,34,16," ""multiple ",7583,331,85,87.0,67.0,283.0,356.0,Yes,9,fixation,0.0,-0.0006033182503770739
37,2,1,34,16," ""multiple ",7615,332,85,87.0,67.0,283.0,356.0,Yes,9,fixation,0.03125,0.0009765625
37,2,1,34,16," ""multiple ",7685,337,85,87.0,67.0,283.0,356.0,Yes,9,fixation,0.07142857142857142,0.0005739795918367346
37,2,1,34,17, or ,7735,372,82,87.0,67.0,356.0,377.0,Yes,9,saccade,0.7025667228100119,0.01262276302762881
37,2,1,34,18, severe ,7765,388,82,87.0,67.0,377.0,436.0,Yes,9,saccade,0.5333333333333333,-0.005641112982555952
37,2,1,34,19, violations ,7835,441,88,87.0,67.0,436.0,516.0,Yes,9,saccade,0.7619791630339764,0.0032663689957234724
37,2,1,34,-1,,7884,456,91,,,,,Yes,9,saccade,0.3121848681791501,-0.009179475405200537
37,2,1,34,-1,,7917,456,91,,,,,Yes,9,fixation,0.0,-0.009460147520580305
37,2,1,34,-1,,7981,456,91,,,,,Yes,9,fixation,0.0,0.0
37,2,1,34,-1,,8035,456,91,,,,,Yes,9,fixation,0.0,0.0
37,2,1,34,-1,,8068,456,91,,,,,Yes,9,fixation,0.0,0.0
37,2,1,34,-1,,8131,456,91,,,,,Yes,9,fixation,0.0,0.0
37,2,1,34,-1,,8189,461,91,,,,,Yes,9,fixation,0.08620689655172414,0.0014863258026159335
37,2,1,34,19, violations ,8222,477,84,87.0,67.0,436.0,516.0,Yes,9,saccade,0.5292196726234236,0.013424629577930287
37,2,1,34,19, violations ,8275,511,79,87.0,67.0,436.0,516.0,Yes,9,saccade,0.6484090670731918,0.0022488564990522297
37,2,1,34,21, YouTube's ,8334,542,79,87.0,67.0,536.0,624.0,Yes,9,saccade,0.5254237288135594,-0.0020844972586378375
37,2,1,34,21, YouTube's ,8367,550,82,87.0,67.0,536.0,624.0,Yes,9,saccade,0.2589092044035615,-0.008076197709393874
37,2,1,34,21, YouTube's ,8425,558,85,87.0,67.0,536.0,624.0,Yes,9,sliding,0.1473104094020264,-0.0019241171551988817
37,2,1,34,21, YouTube's ,8484,564,86,87.0,67.0,536.0,624.0,Yes,9,sliding,0.10309767000505457,-0.0007493684643554545
37,2,1,34,21, YouTube's ,8516,565,87,87.0,67.0,536.0,624.0,Yes,9,fixation,0.04419417382415922,-0.0018407342556529796
37,2,1,34,21, YouTube's ,8583,565,87,87.0,67.0,536.0,624.0,Yes,9,fixation,0.0,-0.0006596145346889436
37,2,1,34,21, YouTube's ,8635,565,87,87.0,67.0,536.0,624.0,Yes,9,fixation,0.0,0.0
37,2,1,34,21, YouTube's ,8669,565,87,87.0,67.0,536.0,624.0,Yes,9,fixation,0.0,0.0
37,2,1,34,21, YouTube's ,8728,565,87,87.0,67.0,536.0,624.0,Yes,9,fixation,0.0,0.0
37,2,1,34,21, YouTube's ,8785,592,83,87.0,67.0,536.0,624.0,Yes,9,saccade,0.478854177682673,0.00840095048566093
37,2,1,34,21, YouTube's ,8818,620,81,87.0,67.0,536.0,624.0,Yes,9,saccade,0.8506465968253454,0.011266436943717345
37,2,1,34,22, copyright ,8884,658,81,87.0,67.0,624.0,702.0,Yes,9,saccade,0.5757575757575758,-0.004164985167693478
37,2,1,34,22, copyright ,8935,667,82,87.0,67.0,624.0,702.0,Yes,9,saccade,0.17755657133602779,-0.0078078628317950595
37,2,1,34,22, copyright ,8966,668,82,87.0,67.0,624.0,702.0,Yes,9,fixation,0.03225806451612903,-0.004687048607093508
37,2,1,34,22, copyright ,9033,670,82,87.0,67.0,624.0,702.0,Yes,9,fixation,0.029850746268656716,-3.593012309660172e-05
37,2,1,34,22, copyright ,9085,672,82,87.0,67.0,624.0,702.0,Yes,9,fixation,0.038461538461538464,0.00016559215755541823
37,2,1,34,22, copyright ,9118,675,83,87.0,67.0,624.0,702.0,Yes,9,fixation,0.09582659576267817,0.0017383350697315063
37,2,1,34,22, copyright ,9182,695,84,87.0,67.0,624.0,702.0,Yes,9,saccade,0.3128903811640748,0.0033916216468968226
37,2,1,34,23," policy."" ",9235,719,83,87.0,67.0,702.0,758.0,Yes,9,saccade,0.45322309997978544,0.0026477871474662384
37,2,1,34,23," policy."" ",9267,730,82,87.0,67.0,702.0,758.0,Yes,9,saccade,0.3451675317871019,-0.00337673650602136
37,2,1,34,23," policy."" ",9328,746,81,87.0,67.0,702.0,758.0,Yes,9,saccade,0.2628068777357606,-0.0013501746565793655
37,2,1,34,23," policy."" ",9388,752,81,87.0,67.0,702.0,758.0,Yes,9,sliding,0.1,-0.002713447962262677
37,2,1,34,23," policy."" ",9415,753,81,87.0,67.0,702.0,758.0,Yes,9,fixation,0.037037037037037035,-0.002331961591220851
37,2,1,34,22, copyright ,9475,677,81,87.0,67.0,624.0,702.0,Yes,9,saccade,1.2666666666666666,0.020493827160493826
37,2,1,34,-1,,9541,221,95,,,,,Yes,9,saccade,6.912346388796963,0.08554060185045903
37,2,1,34,-1,,9565,146,104,,,,,Yes,9,saccade,3.147419578003543,-0.15687195044972582
37,2,1,34,-1,,9626,81,115,,,,,Yes,9,saccade,1.0807245720557055,-0.033880245999144874
37,2,1,34,-1,,9694,66,119,,,,,Yes,9,saccade,0.22829668670970624,-0.012535704196264694
37,2,1,34,-1,,9736,59,120,,,,,Yes,9,saccade,0.16835875742536846,-0.0014270935543889947
37,2,1,34,-1,,9785,56,122,,,,,Yes,9,fixation,0.07358267909110182,-0.001934205680291156
37,2,1,34,-1,,9839,55,122,,,,,Yes,9,fixation,0.018518518518518517,-0.0010197066772700612
37,2,1,34,-1,,9873,55,122,,,,,Yes,9,fixation,0.0,-0.0005446623093681917
37,2,1,34,-1,,9927,63,122,,,,,Yes,9,sliding,0.14814814814814814,0.0027434842249657062
37,2,1,34,24, The ,9994,106,119,127.0,107.0,94.0,130.0,Yes,9,saccade,0.6433511063358898,0.007391088928175248
37,2,1,34,24, The ,10027,120,118,127.0,107.0,94.0,130.0,Yes,9,saccade,0.4253232984126727,-0.006606903270400518
37,2,1,34,25, Google ,10077,142,118,127.0,107.0,130.0,193.0,Yes,9,saccade,0.44,0.00029353403174654623
37,2,1,34,25, Google ,10143,160,118,127.0,107.0,130.0,193.0,Yes,9,saccade,0.2727272727272727,-0.0025344352617079893
37,2,1,34,25, Google ,10177,168,119,127.0,107.0,130.0,193.0,Yes,9,saccade,0.2371252278911338,-0.0010471189657687914
37,2,1,34,25, Google ,10226,180,121,127.0,107.0,130.0,193.0,Yes,9,saccade,0.2482760216448253,0.00022756721946309163
37,2,1,34,26, Inc.-owned ,10293,209,122,127.0,107.0,193.0,286.0,Yes,9,saccade,0.43309307846408684,0.0027584635346158443
37,2,1,34,26, Inc.-owned ,10320,222,122,127.0,107.0,193.0,286.0,Yes,9,saccade,0.48148148148148145,0.0017921630747183188
37,2,1,34,26, Inc.-owned ,10374,246,122,127.0,107.0,193.0,286.0,Yes,9,saccade,0.4444444444444444,-0.0006858710562414266
37,2,1,34,26, Inc.-owned ,10437,261,123,127.0,107.0,193.0,286.0,Yes,9,saccade,0.2386237520376652,-0.003266995117567924
37,2,1,34,26, Inc.-owned ,10466,263,123,127.0,107.0,193.0,286.0,Yes,9,fixation,0.06896551724137931,-0.005850283958492617
37,2,1,34,26, Inc.-owned ,10529,263,123,127.0,107.0,193.0,286.0,Yes,9,fixation,0.0,-0.0010946907498631637
37,2,1,34,26, Inc.-owned ,10589,263,123,127.0,107.0,193.0,286.0,Yes,9,fixation,0.0,0.0
37,2,1,34,26, Inc.-owned ,10623,263,123,127.0,107.0,193.0,286.0,Yes,9,fixation,0.0,0.0
37,2,1,34,26, Inc.-owned ,10676,263,123,127.0,107.0,193.0,286.0,Yes,9,fixation,0.0,0.0
37,2,1,34,26, Inc.-owned ,10738,269,121,127.0,107.0,193.0,286.0,Yes,9,sliding,0.10200895677962514,0.001645305754510083
37,2,1,34,26, Inc.-owned ,10765,275,119,127.0,107.0,193.0,286.0,Yes,9,saccade,0.23424278964210218,0.004897549365276927
37,2,1,34,27, YouTube ,10839,348,108,127.0,107.0,286.0,362.0,Yes,9,saccade,0.9976231797455,0.010315951217613483
37,2,1,34,28, declined ,10889,377,112,127.0,107.0,362.0,434.0,Yes,9,saccade,0.5854912467321779,-0.008242638660266442
37,2,1,34,28, declined ,10915,383,113,127.0,107.0,362.0,434.0,Yes,9,saccade,0.23395240501146997,-0.013520724681565689
37,2,1,34,28, declined ,10983,383,113,127.0,107.0,362.0,434.0,Yes,9,fixation,0.0,-0.003440476544286323
37,2,1,34,28, declined ,11036,383,113,127.0,107.0,362.0,434.0,Yes,9,fixation,0.0,0.0
37,2,1,34,28, declined ,11070,383,113,127.0,107.0,362.0,434.0,Yes,9,fixation,0.0,0.0
37,2,1,34,28, declined ,11129,383,113,127.0,107.0,362.0,434.0,Yes,9,fixation,0.0,0.0
37,2,1,34,28, declined ,11188,407,111,127.0,107.0,362.0,434.0,Yes,9,saccade,0.4081896467387219,0.006918468588791896
37,2,1,34,28, declined ,11223,429,111,127.0,107.0,362.0,434.0,Yes,9,saccade,0.6285714285714286,0.0062966223380773335
37,2,1,34,30, comment. ,11275,458,112,127.0,107.0,454.0,538.0,Yes,9,saccade,0.5580237741748811,-0.0013566856614720658
37,2,1,34,30, comment. ,11337,468,113,127.0,107.0,454.0,538.0,Yes,9,saccade,0.162094768082595,-0.006385951711165906
37,2,1,34,30, comment. ,11369,468,113,127.0,107.0,454.0,538.0,Yes,9,fixation,0.0,-0.005065461502581093
37,2,1,34,30, comment. ,11439,468,113,127.0,107.0,454.0,538.0,Yes,9,fixation,0.0,0.0
37,2,1,34,30, comment. ,11490,468,113,127.0,107.0,454.0,538.0,Yes,9,fixation,0.0,0.0
37,2,1,34,30, comment. ,11527,468,113,127.0,107.0,454.0,538.0,Yes,9,fixation,0.0,0.0
37,2,1,34,30, comment. ,11578,482,113,127.0,107.0,454.0,538.0,Yes,9,saccade,0.27450980392156865,0.005382545174932718
37,2,1,34,30, comment. ,11633,517,112,127.0,107.0,454.0,538.0,Yes,9,saccade,0.6366233236367854,0.006583882176640305
37,2,1,34,30, comment. ,11666,535,114,127.0,107.0,454.0,538.0,Yes,9,saccade,0.5488112204931768,-0.0026609728225335957
37,2,1,34,31, It's ,11727,540,115,127.0,107.0,538.0,565.0,Yes,9,fixation,0.08359048382938991,-0.007626569453504702
37,2,1,34,31, It's ,11794,540,115,127.0,107.0,538.0,565.0,Yes,9,fixation,0.0,-0.0012476191616326853
37,2,1,34,31, It's ,11828,540,115,127.0,107.0,538.0,565.0,Yes,9,fixation,0.0,0.0
37,2,1,34,31, It's ,11889,540,115,127.0,107.0,538.0,565.0,Yes,9,fixation,0.0,0.0
37,2,1,34,31, It's ,11952,546,116,127.0,107.0,538.0,565.0,Yes,9,fixation,0.09655178619520983,0.0015325680348446005
37,2,1,34,31, It's ,11974,557,116,127.0,107.0,538.0,565.0,Yes,9,saccade,0.5,0.01833855517294501
37,2,1,34,32, YouTube ,12024,586,121,127.0,107.0,565.0,641.0,Yes,9,saccade,0.5885575587824864,0.0017711511756497277
37,2,1,34,32, YouTube ,12083,592,123,127.0,107.0,565.0,641.0,Yes,9,sliding,0.10719585288706371,-0.00815867298127835
37,2,1,34,32, YouTube ,12116,593,123,127.0,107.0,565.0,641.0,Yes,9,fixation,0.030303030303030304,-0.002330085532849497
37,2,1,34,32, YouTube ,12183,593,123,127.0,107.0,565.0,641.0,Yes,9,fixation,0.0,-0.0004522840343735866
37,2,1,34,32, YouTube ,12236,593,123,127.0,107.0,565.0,641.0,Yes,9,fixation,0.0,0.0
37,2,1,34,32, YouTube ,12269,593,123,127.0,107.0,565.0,641.0,Yes,9,fixation,0.0,0.0
37,2,1,34,32, YouTube ,12327,596,123,127.0,107.0,565.0,641.0,Yes,9,fixation,0.05172413793103448,0.0008917954815695601
37,2,1,34,32, YouTube ,12383,628,121,127.0,107.0,565.0,641.0,Yes,9,saccade,0.5725435550671928,0.009300346734574255
37,2,1,34,32, YouTube ,12414,638,120,127.0,107.0,565.0,641.0,Yes,9,saccade,0.32418953616519,-0.008011419964580735
37,2,1,34,33, policy ,12473,664,120,127.0,107.0,641.0,692.0,Yes,9,saccade,0.4406779661016949,0.001974380168415338
37,2,1,34,33, policy ,12534,678,121,127.0,107.0,641.0,692.0,Yes,9,saccade,0.2300929319281672,-0.003452213674975864
37,2,1,34,33, policy ,12566,684,122,127.0,107.0,641.0,692.0,Yes,9,saccade,0.19008632907181935,-0.0012502063392608705
37,2,1,34,33, policy ,12631,691,123,127.0,107.0,641.0,692.0,Yes,9,sliding,0.10878565864408424,-0.0012507795450420788
37,2,1,34,34, to ,12690,692,123,127.0,107.0,692.0,707.0,Yes,9,fixation,0.01694915254237288,-0.0015565509508764638
37,2,1,34,34, to ,12725,692,123,127.0,107.0,692.0,707.0,Yes,9,fixation,0.0,-0.00048426150121065375
37,2,1,34,34, to ,12781,692,123,127.0,107.0,692.0,707.0,Yes,9,fixation,0.0,0.0
37,2,1,34,34, to ,12848,692,124,127.0,107.0,692.0,707.0,Yes,9,fixation,0.014925373134328358,0.0002227667631989307
37,2,1,34,34, to ,12865,692,124,127.0,107.0,692.0,707.0,Yes,9,fixation,0.0,-0.000877963125548727
37,2,1,34,34, to ,12928,692,124,127.0,107.0,692.0,707.0,Yes,9,fixation,0.0,0.0
37,2,1,34,33, policy ,12984,691,124,127.0,107.0,641.0,692.0,Yes,9,fixation,0.017857142857142856,0.00031887755102040814
37,2,1,34,33, policy ,13021,682,124,127.0,107.0,641.0,692.0,Yes,9,saccade,0.24324324324324326,0.0060915162266513626
37,2,1,34,33, policy ,13075,670,124,127.0,107.0,641.0,692.0,Yes,9,saccade,0.2222222222222222,-0.0003892781670559453
37,2,1,34,32, YouTube ,13138,637,122,127.0,107.0,565.0,641.0,Yes,9,saccade,0.5247706430100489,0.00480235588552106
37,2,1,34,32, YouTube ,13172,613,121,127.0,107.0,565.0,641.0,Yes,9,saccade,0.7064948323214302,0.005344829097393566
37,2,1,34,31, It's ,13238,562,120,127.0,107.0,538.0,565.0,Yes,9,saccade,0.7728758027185969,0.0010057722787449503
37,2,1,34,30, comment. ,13289,523,120,127.0,107.0,454.0,538.0,Yes,9,saccade,0.7647058823529411,-0.00016019451697364275
37,2,1,34,30, comment. ,13316,509,121,127.0,107.0,454.0,538.0,Yes,9,saccade,0.5198395869488222,-0.009069122052004407
37,2,1,34,30, comment. ,13378,503,122,127.0,107.0,454.0,538.0,Yes,9,fixation,0.09810907306932612,-0.006802105062572516
37,2,1,34,30, comment. ,13436,502,122,127.0,107.0,454.0,538.0,Yes,9,fixation,0.017241379310344827,-0.0013942705820514014
37,2,1,34,30, comment. ,13479,502,122,127.0,107.0,454.0,538.0,Yes,9,fixation,0.0,-0.00040096230954290296
37,2,1,34,31, It's ,13538,549,119,127.0,107.0,538.0,565.0,Yes,9,saccade,0.7982313111401096,0.013529344256612027
37,2,1,34,32, YouTube ,13589,606,115,127.0,107.0,565.0,641.0,Yes,9,saccade,1.1203956570322866,0.006316947958670138
37,2,1,34,32, YouTube ,13617,629,115,127.0,107.0,565.0,641.0,Yes,9,saccade,0.8214285714285714,-0.0106773959144184
37,2,1,34,33, policy ,13688,646,118,127.0,107.0,641.0,692.0,Yes,9,saccade,0.24313628875538124,-0.008144961727791411
37,2,1,34,33, policy ,13734,646,118,127.0,107.0,641.0,692.0,Yes,9,fixation,0.0,-0.005285571494682201
37,2,1,34,33, policy ,13766,647,118,127.0,107.0,641.0,692.0,Yes,9,fixation,0.03125,0.0009765625
37,2,1,34,33, policy ,13827,653,118,127.0,107.0,641.0,692.0,Yes,9,fixation,0.09836065573770492,0.0011001746842246708
37,2,1,34,33, policy ,13889,665,120,127.0,107.0,641.0,692.0,Yes,9,saccade,0.19621814613865224,0.0015783466193701181
37,2,1,34,33, policy ,13922,669,120,127.0,107.0,641.0,692.0,Yes,9,sliding,0.12121212121212122,-0.002272909846258516
37,2,1,34,33, policy ,13978,682,121,127.0,107.0,641.0,692.0,Yes,9,saccade,0.23282865732866603,0.001993152430652586
37,2,1,34,33, policy ,14036,688,122,127.0,107.0,641.0,692.0,Yes,9,sliding,0.10487521603962448,-0.002206093815328303
37,2,1,34,33, policy ,14065,689,122,127.0,107.0,641.0,692.0,Yes,9,fixation,0.034482758620689655,-0.002427326117894304
37,2,1,34,33, policy ,14126,689,123,127.0,107.0,641.0,692.0,Yes,9,fixation,0.01639344262295082,-0.00029654616389735794
37,2,1,34,33, policy ,14188,644,119,127.0,107.0,641.0,692.0,Yes,9,saccade,0.7286681934242915,0.011488302432279687
37,2,1,34,31, It's ,14221,555,113,127.0,107.0,538.0,565.0,Yes,9,saccade,2.703091451951356,0.05983100783415347
37,2,1,34,28, declined ,14274,364,123,127.0,107.0,362.0,434.0,Yes,9,saccade,3.6087094519875613,0.017087132076154816
37,2,1,34,38, three ,14344,288,147,167.0,147.0,277.0,323.0,Yes,9,saccade,1.1385633625812157,-0.03528780127723351
37,2,1,34,37, after ,14370,260,159,167.0,147.0,236.0,277.0,Yes,9,saccade,1.1716574009021399,0.0012728476277278527
37,2,1,34,-1,,14431,210,174,,,,,Yes,9,saccade,0.8557628285992254,-0.005178599545949418
37,2,1,34,-1,,14484,173,179,,,,,Yes,9,saccade,0.7044586680224328,-0.002854795482580991
37,2,1,34,-1,,14517,168,179,,,,,Yes,9,saccade,0.15151515151515152,-0.016755864136584284
37,2,1,34,-1,,14583,165,179,,,,,Yes,9,fixation,0.045454545454545456,-0.0016069788797061526
37,2,1,34,-1,,14634,162,175,,,,,Yes,9,fixation,0.09803921568627451,0.0010310719653280206
37,2,1,34,-1,,14667,158,170,,,,,Yes,9,saccade,0.1940340678009954,0.0029089349125673
37,2,1,34,35, remove ,14726,147,160,167.0,147.0,94.0,159.0,Yes,9,saccade,0.25196726690370347,0.0009819186288594585
37,2,1,34,35, remove ,14784,131,151,167.0,147.0,94.0,159.0,Yes,9,saccade,0.31650965087389343,0.0011127997236239648
37,2,1,34,35, remove ,14817,127,149,167.0,147.0,94.0,159.0,Yes,9,sliding,0.13551927136362363,-0.0054845569548566606
37,2,1,34,35, remove ,14876,125,148,167.0,147.0,94.0,159.0,Yes,9,fixation,0.03789945724575915,-0.0016545731206417708
37,2,1,34,35, remove ,14934,124,148,167.0,147.0,94.0,159.0,Yes,9,fixation,0.017241379310344827,-0.00035617375750714343
37,2,1,34,35, remove ,14966,124,148,167.0,147.0,94.0,159.0,Yes,9,fixation,0.0,-0.0005387931034482759
37,2,1,34,35, remove ,15033,124,148,167.0,147.0,94.0,159.0,Yes,9,fixation,0.0,0.0
37,2,1,34,35, remove ,15085,124,148,167.0,147.0,94.0,159.0,Yes,9,fixation,0.0,0.0
37,2,1,34,35, remove ,15117,124,148,167.0,147.0,94.0,159.0,Yes,9,fixation,0.0,0.0
37,2,1,34,35, remove ,15174,124,148,167.0,147.0,94.0,159.0,Yes,9,fixation,0.0,0.0
37,2,1,34,35, remove ,15237,122,151,167.0,147.0,94.0,159.0,Yes,9,fixation,0.057230972626412524,0.0009084281369271829
37,2,1,34,35, remove ,15272,118,155,167.0,147.0,94.0,159.0,Yes,9,saccade,0.16162440712835374,0.0029826695571983203
37,2,1,34,35, remove ,15326,110,161,167.0,147.0,94.0,159.0,Yes,9,saccade,0.18518518518518517,0.00043631070475613765
37,2,1,34,35, remove ,15392,107,162,167.0,147.0,94.0,159.0,Yes,9,fixation,0.047913297881339086,-0.0020798770803613044
37,2,1,34,35, remove ,15429,107,163,167.0,147.0,94.0,159.0,Yes,9,fixation,0.02702702702702703,-0.0005644938068732989
37,2,1,34,35, remove ,15479,107,163,167.0,147.0,94.0,159.0,Yes,9,fixation,0.0,-0.0005405405405405405
37,2,1,34,35, remove ,15547,107,163,167.0,147.0,94.0,159.0,Yes,9,fixation,0.0,0.0
37,2,1,34,35, remove ,15566,107,163,167.0,147.0,94.0,159.0,Yes,9,fixation,0.0,0.0
37,2,1,34,35, remove ,15636,107,163,167.0,147.0,94.0,159.0,Yes,9,fixation,0.0,0.0
37,2,1,34,35, remove ,15688,115,163,167.0,147.0,94.0,159.0,Yes,9,saccade,0.15384615384615385,0.002958579881656805
37,2,1,34,35, remove ,15722,138,162,167.0,147.0,94.0,159.0,Yes,9,saccade,0.6771096725424316,0.015390103491066993
37,2,1,34,36, accounts ,15776,169,162,167.0,147.0,159.0,236.0,Yes,9,saccade,0.5740740740740741,-0.0019080666383029172
37,2,1,34,36, accounts ,15839,184,164,167.0,147.0,159.0,236.0,Yes,9,saccade,0.24020231667335804,-0.0052995517047732706
37,2,1,34,36, accounts ,15871,191,165,167.0,147.0,159.0,236.0,Yes,9,saccade,0.2209708691207961,-0.0006009827360175602
37,2,1,34,36, accounts ,15934,196,166,167.0,147.0,159.0,236.0,Yes,9,fixation,0.08093681767607594,-0.0022227627213447644
37,2,1,34,36, accounts ,15986,197,167,167.0,147.0,159.0,236.0,Yes,9,fixation,0.02719641466102106,-0.0010334692887510554
37,2,1,34,36, accounts ,16016,197,167,167.0,147.0,159.0,236.0,Yes,9,fixation,0.0,-0.0009065471553673687
37,2,1,34,36, accounts ,16074,201,167,167.0,147.0,159.0,236.0,Yes,9,fixation,0.06896551724137931,0.0011890606420927466
37,2,1,34,36, accounts ,16143,230,160,167.0,147.0,159.0,236.0,Yes,9,saccade,0.43236040261380576,0.0052665925416293695
37,2,1,34,37, after ,16169,239,159,167.0,147.0,236.0,277.0,Yes,9,saccade,0.34828404377451605,-0.0032337061092034504
37,2,1,34,37, after ,16231,256,159,167.0,147.0,236.0,277.0,Yes,9,saccade,0.27419354838709675,-0.001195007990119666
37,2,1,34,37, after ,16284,270,159,167.0,147.0,236.0,277.0,Yes,9,saccade,0.2641509433962264,-0.00018948311303528944
37,2,1,34,37, after ,16317,273,159,167.0,147.0,236.0,277.0,Yes,9,fixation,0.09090909090909091,-0.005249753105670773
37,2,1,34,37, after ,16379,274,160,167.0,147.0,236.0,277.0,Yes,9,fixation,0.022809896167307987,-0.0010983741087384343
37,2,1,34,37, after ,16447,274,160,167.0,147.0,236.0,277.0,Yes,9,fixation,0.0,-0.0003354396495192351
37,2,1,34,37, after ,16463,274,160,167.0,147.0,236.0,277.0,Yes,9,fixation,0.0,0.0
37,2,1,34,37, after ,16533,274,160,167.0,147.0,236.0,277.0,Yes,9,fixation,0.0,0.0
37,2,1,34,37, after ,16588,274,160,167.0,147.0,236.0,277.0,Yes,9,fixation,0.0,0.0
37,2,1,34,37, after ,16614,274,160,167.0,147.0,236.0,277.0,Yes,9,fixation,0.0,0.0
37,2,1,34,37, after ,16682,274,160,167.0,147.0,236.0,277.0,Yes,9,fixation,0.0,0.0
37,2,1,34,38, three ,16738,279,160,167.0,147.0,277.0,323.0,Yes,9,fixation,0.08928571428571429,0.0015943877551020409
37,2,1,34,38, three ,16771,294,159,167.0,147.0,277.0,323.0,Yes,9,saccade,0.4555544357082699,0.011099052164319867
37,2,1,34,39, copyright ,16828,331,159,167.0,147.0,324.0,402.0,Yes,9,saccade,0.6491228070175439,0.003395936338759192
37,2,1,34,39, copyright ,16887,387,166,167.0,147.0,324.0,402.0,Yes,9,saccade,0.9565390548828788,0.005210444879073474
37,2,1,34,39, copyright ,16923,399,168,167.0,147.0,324.0,402.0,Yes,9,saccade,0.3379312516832344,-0.017183550088879014
37,2,1,34,-1,,16982,404,170,,,,,Yes,9,fixation,0.09127397978194074,-0.004180631727140571
37,2,1,34,-1,,17034,405,170,,,,,Yes,9,fixation,0.019230769230769232,-0.0013854463567532982
37,2,1,34,-1,,17067,406,170,,,,,Yes,9,fixation,0.030303030303030304,0.00033552306279579006
37,2,1,34,-1,,17126,410,170,,,,,Yes,9,fixation,0.06779661016949153,0.0006354844045162918
37,2,1,34,-1,,17184,440,172,,,,,Yes,9,saccade,0.5183895302887209,0.007768843450331541
37,2,1,34,-1,,17217,449,174,,,,,Yes,9,saccade,0.27938013506948145,-0.0072427089460375595
37,2,1,34,-1,,17277,464,178,,,,,Yes,9,saccade,0.25873624493766706,-0.0003440648355302398
37,2,1,34,-1,,17334,468,189,,,,,Yes,9,saccade,0.20534561246876537,-0.0009366777626123103
37,2,1,35,0, The ,1387,103,33,47.0,27.0,94.0,130.0,No,10,fixation,0.0,0.0
37,2,1,35,0, The ,1438,98,43,47.0,27.0,94.0,130.0,No,10,saccade,0.21922235073527352,0.00429847746539752
37,2,1,35,0, The ,1482,97,44,47.0,27.0,94.0,130.0,No,10,fixation,0.03214121732666125,-0.004251843941104824
37,2,1,35,0, The ,1532,97,44,47.0,27.0,94.0,130.0,No,10,fixation,0.0,-0.000642824346533225
37,2,1,35,0, The ,1582,97,45,47.0,27.0,94.0,130.0,No,10,fixation,0.02,0.0004
37,2,1,35,0, The ,1632,97,45,47.0,27.0,94.0,130.0,No,10,fixation,0.0,-0.0004
37,2,1,35,0, The ,1682,97,46,47.0,27.0,94.0,130.0,No,10,fixation,0.02,0.0004
37,2,1,35,0, The ,1736,99,46,47.0,27.0,94.0,130.0,No,10,fixation,0.037037037037037035,0.0003155006858710562
37,2,1,35,0, The ,1776,114,47,47.0,27.0,94.0,130.0,No,10,saccade,0.3758324094593227,0.008469884310557143
37,2,1,35,1, astronauts ,1830,144,47,47.0,27.0,130.0,219.0,No,10,saccade,0.5555555555555556,0.003328206409189497
37,2,1,35,1, astronauts ,1878,152,47,47.0,27.0,130.0,219.0,No,10,saccade,0.16666666666666666,-0.008101851851851853
37,2,1,35,1, astronauts ,1948,163,47,47.0,27.0,130.0,219.0,No,10,saccade,0.15714285714285714,-0.0001360544217687074
37,2,1,35,1, astronauts ,1981,167,47,47.0,27.0,130.0,219.0,No,10,sliding,0.12121212121212122,-0.0010888101797192705
37,2,1,35,1, astronauts ,2045,175,47,47.0,27.0,130.0,219.0,No,10,sliding,0.125,5.918560606060601e-05
37,2,1,35,1, astronauts ,2099,176,47,47.0,27.0,130.0,219.0,No,10,fixation,0.018518518518518517,-0.0019718792866941014
37,2,1,35,1, astronauts ,2129,176,47,47.0,27.0,130.0,219.0,No,10,fixation,0.0,-0.0006172839506172839
37,2,1,35,1, astronauts ,2196,176,47,47.0,27.0,130.0,219.0,No,10,fixation,0.0,0.0
37,2,1,35,1, astronauts ,2248,176,47,47.0,27.0,130.0,219.0,No,10,fixation,0.0,0.0
37,2,1,35,1, astronauts ,2285,176,47,47.0,27.0,130.0,219.0,No,10,fixation,0.0,0.0
37,2,1,35,1, astronauts ,2338,179,47,47.0,27.0,130.0,219.0,No,10,fixation,0.05660377358490566,0.001067995728017088
37,2,1,35,1, astronauts ,2404,209,45,47.0,27.0,130.0,219.0,No,10,saccade,0.4555544357082699,0.006044707001869156
37,2,1,35,1, astronauts ,2430,212,45,47.0,27.0,130.0,219.0,No,10,saccade,0.11538461538461539,-0.013083454627832865
37,2,1,35,2, used ,2492,227,44,47.0,27.0,219.0,263.0,No,10,saccade,0.24247252223182109,0.002049804949148479
37,2,1,35,2, used ,2548,234,44,47.0,27.0,219.0,263.0,No,10,sliding,0.125,-0.0020977236112825195
37,2,1,35,2, used ,2581,236,44,47.0,27.0,219.0,263.0,No,10,fixation,0.06060606060606061,-0.0019513314967860422
37,2,1,35,2, used ,2643,239,43,47.0,27.0,219.0,263.0,No,10,fixation,0.05100447838981257,-0.0001548642292943232
37,2,1,35,2, used ,2698,240,43,47.0,27.0,219.0,263.0,No,10,fixation,0.01818181818181818,-0.0005967756401453525
37,2,1,35,2, used ,2729,241,42,47.0,27.0,219.0,263.0,No,10,fixation,0.04561979233461597,0.000885095940412832
37,2,1,35,2, used ,2797,262,39,47.0,27.0,219.0,263.0,No,10,saccade,0.31195887405288864,0.003916751201739304
37,2,1,35,3, a ,2848,278,38,47.0,27.0,264.0,279.0,No,10,saccade,0.3143376380761059,4.6642431827789e-05
37,2,1,35,4, hefty ,2881,288,38,47.0,27.0,279.0,323.0,No,10,saccade,0.30303030303030304,-0.00034264651653947986
37,2,1,35,4, hefty ,2941,315,38,47.0,27.0,279.0,323.0,No,10,saccade,0.45,0.0024494949494949497
37,2,1,35,5, robotic ,3001,337,38,47.0,27.0,323.0,382.0,No,10,saccade,0.36666666666666664,-0.0013888888888888896
37,2,1,35,5, robotic ,3028,337,38,47.0,27.0,323.0,382.0,No,10,saccade,0.0,-0.013580246913580245
37,2,1,35,5, robotic ,3102,337,38,47.0,27.0,323.0,382.0,No,10,fixation,0.0,0.0
37,2,1,35,5, robotic ,3154,337,38,47.0,27.0,323.0,382.0,No,10,fixation,0.0,0.0
37,2,1,35,5, robotic ,3182,337,38,47.0,27.0,323.0,382.0,No,10,fixation,0.0,0.0
37,2,1,35,5, robotic ,3245,337,38,47.0,27.0,323.0,382.0,No,10,fixation,0.0,0.0
37,2,1,35,5, robotic ,3299,338,37,47.0,27.0,323.0,382.0,No,10,fixation,0.026189140043946207,0.00048498407488789275
37,2,1,35,5, robotic ,3335,346,35,47.0,27.0,323.0,382.0,No,10,saccade,0.2290614236454256,0.005635341211152205
37,2,1,35,5, robotic ,3395,365,29,47.0,27.0,323.0,382.0,No,10,saccade,0.3320809807528546,0.00171699261845715
37,2,1,35,6, arm ,3452,386,28,47.0,27.0,382.0,418.0,No,10,saccade,0.36883852704611647,0.0006448692332151209
37,2,1,35,6, arm ,3486,395,28,47.0,27.0,382.0,418.0,No,10,saccade,0.2647058823529412,-0.0030627248439169205
37,2,1,35,6, arm ,3545,399,28,47.0,27.0,382.0,418.0,No,10,fixation,0.06779661016949153,-0.0033374452912449098
37,2,1,35,6, arm ,3602,399,28,47.0,27.0,382.0,418.0,No,10,fixation,0.0,-0.0011894142134998512
37,2,1,35,6, arm ,3637,399,28,47.0,27.0,382.0,418.0,No,10,fixation,0.0,0.0
37,2,1,35,6, arm ,3690,399,28,47.0,27.0,382.0,418.0,No,10,fixation,0.0,0.0
37,2,1,35,6, arm ,3758,399,28,47.0,27.0,382.0,418.0,No,10,fixation,0.0,0.0
37,2,1,35,6, arm ,3782,400,28,47.0,27.0,382.0,418.0,No,10,fixation,0.041666666666666664,0.001736111111111111
37,2,1,35,6, arm ,3840,411,28,47.0,27.0,382.0,418.0,No,10,saccade,0.1896551724137931,0.0025515259611573523
37,2,1,35,8, move ,3901,438,30,47.0,27.0,438.0,487.0,No,10,saccade,0.44383561871084865,0.004166892562246813
37,2,1,35,8, move ,3935,454,33,47.0,27.0,438.0,487.0,No,10,saccade,0.47878884106175607,0.001028035951497277
37,2,1,35,8, move ,3992,463,36,47.0,27.0,438.0,487.0,No,10,saccade,0.16643566632465154,-0.005479880258545694
37,2,1,35,8, move ,4059,465,37,47.0,27.0,438.0,487.0,No,10,fixation,0.03337414891790731,-0.001985992797115585
37,2,1,35,8, move ,4093,465,37,47.0,27.0,438.0,487.0,No,10,fixation,0.0,-0.000981592615232568
37,2,1,35,8, move ,4141,468,38,47.0,27.0,438.0,487.0,No,10,fixation,0.06588078458684124,0.0013725163455591924
37,2,1,35,9, the ,4201,492,43,47.0,27.0,487.0,517.0,No,10,saccade,0.40858835573770874,0.005711792852514458
37,2,1,35,9, the ,4236,496,43,47.0,27.0,487.0,517.0,No,10,sliding,0.11428571428571428,-0.008408646898628414
37,2,1,35,9, the ,4317,506,39,47.0,27.0,487.0,517.0,No,10,sliding,0.132967032274926,0.00023063355542236703
37,2,1,35,9, the ,4348,510,37,47.0,27.0,487.0,517.0,No,10,sliding,0.14426245016127676,0.0003643683189145402
37,2,1,35,9, the ,4379,510,37,47.0,27.0,487.0,517.0,No,10,fixation,0.0,-0.004653627424557315
37,2,1,35,9, the ,4447,510,37,47.0,27.0,487.0,517.0,No,10,fixation,0.0,0.0
37,2,1,35,9, the ,4510,510,37,47.0,27.0,487.0,517.0,No,10,fixation,0.0,0.0
37,2,1,35,9, the ,4536,510,37,47.0,27.0,487.0,517.0,No,10,fixation,0.0,0.0
37,2,1,35,9, the ,4595,510,37,47.0,27.0,487.0,517.0,No,10,fixation,0.0,0.0
37,2,1,35,10, bus-size ,4652,527,33,47.0,27.0,517.0,589.0,No,10,saccade,0.3063903367819821,0.005375269066350562
37,2,1,35,10, bus-size ,4685,554,30,47.0,27.0,517.0,589.0,No,10,saccade,0.8232168307397651,0.01566140890781161
37,2,1,35,11," canister, ",4739,594,33,47.0,27.0,589.0,661.0,No,10,saccade,0.742821152597466,-0.0014888088544870223
37,2,1,35,11," canister, ",4801,613,40,47.0,27.0,589.0,661.0,No,10,saccade,0.32658801179542885,-0.006713437754871566
37,2,1,35,11," canister, ",4828,613,40,47.0,27.0,589.0,661.0,No,10,saccade,0.0,-0.012095852288719587
37,2,1,35,11," canister, ",4898,613,40,47.0,27.0,589.0,661.0,No,10,fixation,0.0,0.0
37,2,1,35,11," canister, ",4951,613,40,47.0,27.0,589.0,661.0,No,10,fixation,0.0,0.0
37,2,1,35,11," canister, ",4985,613,40,47.0,27.0,589.0,661.0,No,10,fixation,0.0,0.0
37,2,1,35,11," canister, ",5039,613,40,47.0,27.0,589.0,661.0,No,10,fixation,0.0,0.0
37,2,1,35,11," canister, ",5100,640,35,47.0,27.0,589.0,661.0,No,10,saccade,0.45014853172937647,0.00737948412671109
37,2,1,35,11," canister, ",5134,657,34,47.0,27.0,589.0,661.0,No,10,saccade,0.5008643048801883,0.0014916403867885832
37,2,1,35,12, stuffed ,5195,669,34,47.0,27.0,661.0,720.0,No,10,saccade,0.19672131147540983,-0.004985950711553745
37,2,1,35,12, stuffed ,5254,676,36,47.0,27.0,661.0,720.0,No,10,sliding,0.12339169303865284,-0.0012428748887585931
37,2,1,35,12, stuffed ,5284,681,36,47.0,27.0,661.0,720.0,No,10,saccade,0.16666666666666666,0.0014424991209337939
37,2,1,35,12, stuffed ,5338,693,36,47.0,27.0,661.0,720.0,No,10,saccade,0.2222222222222222,0.0010288065843621398
37,2,1,35,12, stuffed ,5398,702,36,47.0,27.0,661.0,720.0,No,10,sliding,0.15,-0.0012037037037037036
37,2,1,35,12, stuffed ,5428,703,36,47.0,27.0,661.0,720.0,No,10,fixation,0.03333333333333333,-0.0038888888888888888
37,2,1,35,12, stuffed ,5493,710,37,47.0,27.0,661.0,720.0,No,10,sliding,0.10878565864408424,0.0011608050047807832
37,2,1,35,12, stuffed ,5562,715,37,47.0,27.0,661.0,720.0,No,10,fixation,0.07246376811594203,-0.0005264042105527856
37,2,1,35,12, stuffed ,5578,715,37,47.0,27.0,661.0,720.0,No,10,fixation,0.0,-0.004528985507246377
37,2,1,35,12, stuffed ,5642,716,37,47.0,27.0,661.0,720.0,No,10,fixation,0.015625,0.000244140625
37,2,1,35,12, stuffed ,5709,717,37,47.0,27.0,661.0,720.0,No,10,fixation,0.014925373134328358,-1.0442192024949882e-05
37,2,1,35,12, stuffed ,5742,717,37,47.0,27.0,661.0,720.0,No,10,fixation,0.0,-0.0004522840343735866
37,2,1,35,12, stuffed ,5789,718,37,47.0,27.0,661.0,720.0,No,10,fixation,0.02127659574468085,0.0004526935264825713
37,2,1,35,12, stuffed ,5855,718,37,47.0,27.0,661.0,720.0,No,10,fixation,0.0,-0.0003223726627981947
37,2,1,35,12, stuffed ,5888,718,37,47.0,27.0,661.0,720.0,No,10,fixation,0.0,0.0
37,2,1,35,13, with ,5938,720,37,47.0,27.0,719.0,751.0,No,10,fixation,0.04,0.0008
37,2,1,35,13, with ,6003,735,35,47.0,27.0,719.0,751.0,No,10,saccade,0.23281147616033163,0.0029663304024666404
37,2,1,35,13, with ,6030,739,35,47.0,27.0,719.0,751.0,No,10,sliding,0.14814814814814814,-0.003135678815266055
37,2,1,35,13, with ,6096,740,35,47.0,27.0,719.0,751.0,No,10,fixation,0.015151515151515152,-0.0020151004999489847
37,2,1,35,10, bus-size ,6151,567,38,47.0,27.0,517.0,589.0,No,10,saccade,3.1459274473725922,0.05692319876765595
37,2,1,35,4, hefty ,6186,304,49,47.0,27.0,279.0,323.0,No,10,saccade,7.52085535734616,0.12499794028495909
37,2,1,35,-1,,6240,157,53,,,,,No,10,saccade,2.7232298462690263,-0.08884491687179877
37,2,1,35,-1,,6297,122,53,,,,,No,10,saccade,0.6140350877192983,-0.037003416816661895
37,2,1,35,-1,,6327,117,55,,,,,No,10,saccade,0.17950549357115012,-0.014484319804938273
37,2,1,35,-1,,6397,111,57,,,,,No,10,fixation,0.09035079029052513,-0.0012736386182946426
37,2,1,35,-1,,6447,111,61,,,,,No,10,fixation,0.08,-0.00020701580581050262
37,2,1,35,-1,,6481,111,63,,,,,No,10,fixation,0.058823529411764705,-0.0006228373702422146
37,2,1,35,14, nearly ,6537,108,68,87.0,67.0,94.0,148.0,No,10,sliding,0.10412414097938037,0.0008089394922788512
37,2,1,35,14, nearly ,6597,106,71,87.0,67.0,94.0,148.0,No,10,fixation,0.06009252125773315,-0.0007338603286941203
37,2,1,35,14, nearly ,6630,105,72,87.0,67.0,94.0,148.0,No,10,fixation,0.04285495643554834,-0.0005223504491571155
37,2,1,35,14, nearly ,6693,104,73,87.0,67.0,94.0,148.0,No,10,fixation,0.022447834323382463,-0.00032392257320898216
37,2,1,35,14, nearly ,6748,104,74,87.0,67.0,94.0,148.0,No,10,fixation,0.01818181818181818,-7.756392984662331e-05
37,2,1,35,14, nearly ,6778,104,75,87.0,67.0,94.0,148.0,No,10,fixation,0.03333333333333333,0.000505050505050505
37,2,1,35,14, nearly ,6844,106,77,87.0,67.0,94.0,148.0,No,10,fixation,0.04285495643554834,0.0001442670167002274
37,2,1,35,14, nearly ,6897,108,78,87.0,67.0,94.0,148.0,No,10,fixation,0.04218996183961868,-1.254706784772947e-05
37,2,1,35,14, nearly ,6931,110,78,87.0,67.0,94.0,148.0,No,10,fixation,0.058823529411764705,0.0004892225756513537
37,2,1,35,14, nearly ,6997,119,78,87.0,67.0,94.0,148.0,No,10,sliding,0.13636363636363635,0.0011748501053313886
37,2,1,35,14, nearly ,7047,132,74,87.0,67.0,94.0,148.0,No,10,saccade,0.2720294101747089,0.0027133154762214507
37,2,1,35,14, nearly ,7078,137,71,87.0,67.0,94.0,148.0,No,10,saccade,0.18809522241436455,-0.0027075544438820752
37,2,1,35,14, nearly ,7144,145,69,87.0,67.0,94.0,148.0,No,10,sliding,0.12494259471568668,-0.0009568579954345131
37,2,1,35,15, three ,7198,149,68,87.0,67.0,148.0,194.0,No,10,fixation,0.07635380788180852,-0.0008997923487755214
37,2,1,35,15, three ,7228,152,68,87.0,67.0,148.0,194.0,No,10,sliding,0.1,0.000788206403939716
37,2,1,35,15, three ,7294,166,68,87.0,67.0,148.0,194.0,No,10,saccade,0.21212121212121213,0.0016988062442607897
37,2,1,35,15, three ,7352,174,70,87.0,67.0,148.0,194.0,No,10,sliding,0.1421760560557814,-0.0012059509666453574
37,2,1,35,15, three ,7383,177,71,87.0,67.0,148.0,194.0,No,10,sliding,0.10200895677962514,-0.0012957128798760085
37,2,1,35,15, three ,7439,179,72,87.0,67.0,148.0,194.0,No,10,fixation,0.039929785312496247,-0.0011085566333415874
37,2,1,35,15, three ,7501,182,74,87.0,67.0,148.0,194.0,No,10,fixation,0.05815405283006434,0.00029393979867045313
37,2,1,35,16, tons ,7534,194,77,87.0,67.0,194.0,233.0,No,10,saccade,0.37482778414706003,0.009596173676272596
37,2,1,35,16, tons ,7589,216,82,87.0,67.0,194.0,233.0,No,10,saccade,0.4102005153701265,0.0006431405676921172
37,2,1,35,16, tons ,7657,216,82,87.0,67.0,194.0,233.0,No,10,fixation,0.0,-0.006032360520148918
37,2,1,35,16, tons ,7683,216,82,87.0,67.0,194.0,233.0,No,10,fixation,0.0,0.0
37,2,1,35,16, tons ,7744,216,82,87.0,67.0,194.0,233.0,No,10,fixation,0.0,0.0
37,2,1,35,16, tons ,7797,216,82,87.0,67.0,194.0,233.0,No,10,fixation,0.0,0.0
37,2,1,35,16, tons ,7831,216,82,87.0,67.0,194.0,233.0,No,10,fixation,0.0,0.0
37,2,1,35,17, of ,7901,247,73,87.0,67.0,233.0,253.0,No,10,saccade,0.461143211187685,0.006587760159824071
37,2,1,35,18, packing ,7947,290,72,87.0,67.0,253.0,320.0,No,10,saccade,0.935035355113329,0.010302003128818349
37,2,1,35,18, packing ,7978,307,75,87.0,67.0,253.0,320.0,No,10,saccade,0.5568605323107119,-0.012199187832342489
37,2,1,35,18, packing ,8042,320,78,87.0,67.0,253.0,320.0,No,10,saccade,0.20846350100197397,-0.00544370361419903
37,2,1,35,18, packing ,8112,320,78,87.0,67.0,253.0,320.0,No,10,fixation,0.0,-0.002978050014313914
37,2,1,35,18, packing ,8137,320,78,87.0,67.0,253.0,320.0,No,10,fixation,0.0,0.0
37,2,1,35,18, packing ,8191,320,78,87.0,67.0,253.0,320.0,No,10,fixation,0.0,0.0
37,2,1,35,18, packing ,8260,320,78,87.0,67.0,253.0,320.0,No,10,fixation,0.0,0.0
37,2,1,35,18, packing ,8285,320,78,87.0,67.0,253.0,320.0,No,10,fixation,0.0,0.0
37,2,1,35,18, packing ,8341,320,79,87.0,67.0,253.0,320.0,No,10,fixation,0.017857142857142856,0.00031887755102040814
37,2,1,35,19, foam ,8401,327,80,87.0,67.0,321.0,366.0,No,10,sliding,0.11785113019775792,0.0016665664556769178
37,2,1,35,19, foam ,8434,331,81,87.0,67.0,321.0,366.0,No,10,sliding,0.12494259471568668,0.00021489286417965942
37,2,1,35,19, foam ,8495,335,82,87.0,67.0,321.0,366.0,No,10,fixation,0.06759189550192886,-0.0009401753969468495
37,2,1,35,19, foam ,8563,335,82,87.0,67.0,321.0,366.0,No,10,fixation,0.0,-0.0009939984632636597
37,2,1,35,19, foam ,8581,335,82,87.0,67.0,321.0,366.0,No,10,fixation,0.0,0.0
37,2,1,35,19, foam ,8637,337,82,87.0,67.0,321.0,366.0,No,10,fixation,0.03571428571428571,0.0006377551020408163
37,2,1,35,19, foam ,8702,341,82,87.0,67.0,321.0,366.0,No,10,fixation,0.06153846153846154,0.00039729501267962816
37,2,1,35,19, foam ,8730,343,82,87.0,67.0,321.0,366.0,No,10,fixation,0.07142857142857142,0.00035321821036106725
37,2,1,35,19, foam ,8800,360,82,87.0,67.0,321.0,366.0,No,10,saccade,0.24285714285714285,0.0024489795918367346
37,2,1,35,20, and ,8852,367,82,87.0,67.0,366.0,401.0,No,10,sliding,0.1346153846153846,-0.0020815722738799663
37,2,1,35,20, and ,8880,372,82,87.0,67.0,366.0,401.0,No,10,saccade,0.17857142857142858,0.0015698587127158559
37,2,1,35,20, and ,8950,385,82,87.0,67.0,366.0,401.0,No,10,saccade,0.18571428571428572,0.00010204081632653064
37,2,1,35,20, and ,9000,388,82,87.0,67.0,366.0,401.0,No,10,fixation,0.06,-0.0025142857142857146
37,2,1,35,20, and ,9028,388,82,87.0,67.0,366.0,401.0,No,10,fixation,0.0,-0.002142857142857143
37,2,1,35,20, and ,9090,388,82,87.0,67.0,366.0,401.0,No,10,fixation,0.0,0.0
37,2,1,35,20, and ,9161,388,82,87.0,67.0,366.0,401.0,No,10,fixation,0.0,0.0
37,2,1,35,20, and ,9186,388,82,87.0,67.0,366.0,401.0,No,10,fixation,0.0,0.0
37,2,1,35,20, and ,9245,388,82,87.0,67.0,366.0,401.0,No,10,fixation,0.0,0.0
37,2,1,35,20, and ,9304,388,82,87.0,67.0,366.0,401.0,No,10,fixation,0.0,0.0
37,2,1,35,20, and ,9333,395,81,87.0,67.0,366.0,401.0,No,10,saccade,0.24382992454708535,0.008407928432658116
37,2,1,35,21, other ,9395,423,78,87.0,67.0,401.0,447.0,No,10,saccade,0.4541976722686685,0.003393028189057792
37,2,1,35,22, space ,9451,460,79,87.0,67.0,447.0,500.0,No,10,saccade,0.6609555544043481,0.0036921050381371356
37,2,1,35,22, space ,9484,463,79,87.0,67.0,447.0,500.0,No,10,saccade,0.09090909090909091,-0.017274135257432034
37,2,1,35,22, space ,9538,463,79,87.0,67.0,447.0,500.0,No,10,fixation,0.0,-0.0016835016835016836
37,2,1,35,22, space ,9600,463,79,87.0,67.0,447.0,500.0,No,10,fixation,0.0,0.0
37,2,1,35,22, space ,9634,463,79,87.0,67.0,447.0,500.0,No,10,fixation,0.0,0.0
37,2,1,35,22, space ,9693,463,79,87.0,67.0,447.0,500.0,No,10,fixation,0.0,0.0
37,2,1,35,22, space ,9752,477,77,87.0,67.0,447.0,500.0,No,10,saccade,0.23969721396154153,0.004062664643415958
37,2,1,35,23, station ,9784,514,73,87.0,67.0,500.0,558.0,No,10,saccade,1.1629871291205247,0.028852809848718224
37,2,1,35,23, station ,9850,542,74,87.0,67.0,500.0,558.0,No,10,saccade,0.4245129007915727,-0.011189003459529577
37,2,1,35,23, station ,9913,543,74,87.0,67.0,500.0,558.0,No,10,fixation,0.015873015873015872,-0.006486347379659633
37,2,1,35,23, station ,9930,543,74,87.0,67.0,500.0,558.0,No,10,fixation,0.0,-0.0009337068160597572
37,2,1,35,23, station ,10000,543,74,87.0,67.0,500.0,558.0,No,10,fixation,0.0,0.0
37,2,1,35,23, station ,10051,543,74,87.0,67.0,500.0,558.0,No,10,fixation,0.0,0.0
37,2,1,35,23, station ,10085,543,74,87.0,67.0,500.0,558.0,No,10,fixation,0.0,0.0
37,2,1,35,23, station ,10137,544,74,87.0,67.0,500.0,558.0,No,10,fixation,0.019230769230769232,0.00036982248520710064
37,2,1,35,24, refuse. ,10202,560,76,87.0,67.0,558.0,618.0,No,10,saccade,0.2480694691784169,0.003520595383809964
37,2,1,35,24, refuse. ,10230,571,77,87.0,67.0,558.0,618.0,No,10,saccade,0.3944771791852593,0.005228846785958657
37,2,1,35,24, refuse. ,10290,589,80,87.0,67.0,558.0,618.0,No,10,saccade,0.30413812651491096,-0.0015056508778391394
37,2,1,35,24, refuse. ,10355,591,80,87.0,67.0,558.0,618.0,No,10,fixation,0.03076923076923077,-0.00420567531916431
37,2,1,35,24, refuse. ,10391,591,80,87.0,67.0,558.0,618.0,No,10,fixation,0.0,-0.0008547008547008547
37,2,1,35,24, refuse. ,10442,591,80,87.0,67.0,558.0,618.0,No,10,fixation,0.0,0.0
37,2,1,35,24, refuse. ,10511,591,80,87.0,67.0,558.0,618.0,No,10,fixation,0.0,0.0
37,2,1,35,24, refuse. ,10531,591,80,87.0,67.0,558.0,618.0,No,10,fixation,0.0,0.0
37,2,1,35,24, refuse. ,10601,610,80,87.0,67.0,558.0,618.0,No,10,saccade,0.2714285714285714,0.003877551020408163
37,2,1,35,25, It ,10651,631,81,87.0,67.0,618.0,633.0,No,10,saccade,0.4204759208325728,0.0029809469880800275
37,2,1,35,26, was ,10684,638,81,87.0,67.0,633.0,670.0,No,10,saccade,0.21212121212121213,-0.006313779051859414
37,2,1,35,26, was ,10738,640,81,87.0,67.0,633.0,670.0,No,10,fixation,0.037037037037037035,-0.003242299538595835
37,2,1,35,26, was ,10805,640,81,87.0,67.0,633.0,670.0,No,10,fixation,0.0,-0.000552791597567717
37,2,1,35,26, was ,10839,640,81,87.0,67.0,633.0,670.0,No,10,fixation,0.0,0.0
37,2,1,35,26, was ,10890,640,81,87.0,67.0,633.0,670.0,No,10,fixation,0.0,0.0
37,2,1,35,26, was ,10961,640,81,87.0,67.0,633.0,670.0,No,10,fixation,0.0,0.0
37,2,1,35,26, was ,10986,640,81,87.0,67.0,633.0,670.0,No,10,fixation,0.0,0.0
37,2,1,35,26, was ,11046,640,81,87.0,67.0,633.0,670.0,No,10,fixation,0.0,0.0
37,2,1,35,26, was ,11105,641,81,87.0,67.0,633.0,670.0,No,10,fixation,0.01694915254237288,0.0002872737719046251
37,2,1,35,26, was ,11134,643,82,87.0,67.0,633.0,670.0,No,10,fixation,0.07710579232757896,0.0020743668891450373
37,2,1,35,26, was ,11192,646,82,87.0,67.0,633.0,670.0,No,10,fixation,0.05172413793103448,-0.00043761473097490475
37,2,1,35,26, was ,11250,652,82,87.0,67.0,633.0,670.0,No,10,sliding,0.10344827586206896,0.0008917954815695601
37,2,1,35,26, was ,11279,653,82,87.0,67.0,633.0,670.0,No,10,fixation,0.034482758620689655,-0.0023781212841854932
37,2,1,35,27, the ,11354,670,81,87.0,67.0,670.0,700.0,No,10,saccade,0.2270584848790187,0.0025676763501110535
37,2,1,35,27, the ,11403,677,81,87.0,67.0,670.0,700.0,No,10,sliding,0.14285714285714285,-0.0017183947351403234
37,2,1,35,27, the ,11431,678,81,87.0,67.0,670.0,700.0,No,10,fixation,0.03571428571428571,-0.003826530612244898
37,2,1,35,27, the ,11498,686,81,87.0,67.0,670.0,700.0,No,10,sliding,0.11940298507462686,0.0012490850650797188
37,2,1,35,27, the ,11553,699,81,87.0,67.0,670.0,700.0,No,10,saccade,0.23636363636363636,0.002126557296163809
37,2,1,35,28, last ,11586,707,81,87.0,67.0,700.0,733.0,No,10,saccade,0.24242424242424243,0.0001836547291092749
37,2,1,35,28, last ,11651,730,80,87.0,67.0,700.0,733.0,No,10,saccade,0.3541804440991181,0.0017193261796134716
37,2,1,35,29, job ,11703,736,80,87.0,67.0,733.0,757.0,No,10,sliding,0.11538461538461539,-0.004592227475278898
37,2,1,35,29, job ,11732,738,80,87.0,67.0,733.0,757.0,No,10,fixation,0.06896551724137931,-0.0016006585566633131
37,2,1,35,29, job ,11797,744,80,87.0,67.0,733.0,757.0,No,10,fixation,0.09230769230769231,0.00035911038563558466
37,2,1,35,29, job ,11853,749,80,87.0,67.0,733.0,757.0,No,10,fixation,0.08928571428571429,-5.396389324960759e-05
37,2,1,35,29, job ,11885,751,80,87.0,67.0,733.0,757.0,No,10,fixation,0.0625,-0.0008370535714285715
37,2,1,35,29, job ,11947,751,80,87.0,67.0,733.0,757.0,No,10,fixation,0.0,-0.0010080645161290322
37,2,1,35,28, last ,12003,724,75,87.0,67.0,700.0,733.0,No,10,saccade,0.49034036491949934,0.00875607794499106
37,2,1,35,-1,,12037,520,55,,,,,No,10,saccade,6.0287661060324504,0.1628948747386162
37,2,1,35,14, nearly ,12089,141,73,87.0,67.0,94.0,148.0,No,10,saccade,7.296676920546793,0.024382900279121975
37,2,1,35,-1,,12151,39,99,,,,,No,10,saccade,1.6977674021859053,-0.09030499223162722
37,2,1,35,-1,,12183,21,105,,,,,No,10,saccade,0.5929270612815711,-0.03452626065326044
37,2,1,35,-1,,12250,13,109,,,,,No,10,sliding,0.13349659567162925,-0.006857171128506596
37,2,1,35,-1,,12299,12,110,,,,,No,10,fixation,0.02886150127292031,-0.00213541008976957
37,2,1,35,-1,,12332,13,112,,,,,No,10,fixation,0.06775963568181181,0.001178731345723985
37,2,1,35,-1,,12395,35,112,,,,,No,10,saccade,0.3492063492063492,0.004467408151183133
37,2,1,35,-1,,12450,79,111,,,,,No,10,saccade,0.8002065848969232,0.008200004285283164
37,2,1,35,-1,,12482,88,113,,,,,No,10,saccade,0.2881107642904027,-0.016002994393953765
37,2,1,35,30, shared ,12539,95,116,127.0,107.0,94.0,154.0,No,10,sliding,0.1336100544888405,-0.00271053876844846
37,2,1,35,30, shared ,12599,100,118,127.0,107.0,94.0,154.0,No,10,fixation,0.08975274678557506,-0.0007309551283877574
37,2,1,35,30, shared ,12632,106,120,127.0,107.0,94.0,154.0,No,10,saccade,0.19165319152535634,0.0030878922648418573
37,2,1,35,30, shared ,12690,116,123,127.0,107.0,94.0,154.0,No,10,saccade,0.18000528463638882,-0.00020082598084426767
37,2,1,35,30, shared ,12749,136,129,127.0,107.0,94.0,154.0,No,10,saccade,0.3539086952173068,0.002947515433574881
37,2,1,35,30, shared ,12782,139,129,127.0,107.0,94.0,154.0,No,10,fixation,0.09090909090909091,-0.007969684979036846
37,2,1,35,30, shared ,12848,139,129,127.0,107.0,94.0,154.0,No,10,fixation,0.0,-0.0013774104683195593
37,2,1,35,30, shared ,12899,141,129,127.0,107.0,94.0,154.0,No,10,fixation,0.0392156862745098,0.0007689350249903883
37,2,1,35,30, shared ,12932,144,129,127.0,107.0,94.0,154.0,No,10,fixation,0.09090909090909091,0.0015664668071085183
37,2,1,35,31, by ,12999,177,118,127.0,107.0,154.0,178.0,No,10,saccade,0.5191799143560026,0.006392101842491219
37,2,1,35,32, the ,13050,205,112,127.0,107.0,178.0,208.0,No,10,saccade,0.5614831789520138,0.0008294757763923763
37,2,1,35,33, shuttle ,13080,208,111,127.0,107.0,208.0,266.0,No,10,saccade,0.10540925533894599,-0.015202464120435596
37,2,1,35,33, shuttle ,13144,223,112,127.0,107.0,208.0,266.0,No,10,saccade,0.2348952559120767,0.002023218758955167
37,2,1,35,33, shuttle ,13199,227,112,127.0,107.0,208.0,266.0,No,10,fixation,0.07272727272727272,-0.002948508785178254
37,2,1,35,33, shuttle ,13231,227,112,127.0,107.0,208.0,266.0,No,10,fixation,0.0,-0.0022727272727272726
37,2,1,35,33, shuttle ,13298,227,112,127.0,107.0,208.0,266.0,No,10,fixation,0.0,0.0
37,2,1,35,33, shuttle ,13349,227,112,127.0,107.0,208.0,266.0,No,10,fixation,0.0,0.0
37,2,1,35,33, shuttle ,13381,227,112,127.0,107.0,208.0,266.0,No,10,fixation,0.0,0.0
37,2,1,35,33, shuttle ,13449,234,113,127.0,107.0,208.0,266.0,No,10,sliding,0.10398629135096288,0.0015292101669259247
37,2,1,35,33, shuttle ,13499,260,125,127.0,107.0,208.0,266.0,No,10,saccade,0.5727128425310541,0.009374531023601826
37,2,1,35,-1,,13532,270,131,,,,,No,10,saccade,0.3533910239300182,-0.006646115715182907
37,2,1,35,-1,,13599,274,133,,,,,No,10,fixation,0.06674829783581462,-0.004278249643197069
37,2,1,35,-1,,13650,274,133,,,,,No,10,fixation,0.0,-0.001308790153643424
37,2,1,35,-1,,13683,274,133,,,,,No,10,fixation,0.0,0.0
37,2,1,35,-1,,13739,275,133,,,,,No,10,fixation,0.017857142857142856,0.00031887755102040814
37,2,1,35,34, and ,13806,300,126,127.0,107.0,267.0,302.0,No,10,saccade,0.3874852234551394,0.005516837023850695
37,2,1,35,35, station ,13829,307,124,127.0,107.0,302.0,360.0,No,10,saccade,0.3165265169252399,-0.003085161153473891
37,2,1,35,35, station ,13893,347,121,127.0,107.0,302.0,360.0,No,10,saccade,0.6267553475041119,0.004847325477794874
37,2,1,35,36," crews, ",13950,364,121,127.0,107.0,360.0,417.0,No,10,saccade,0.2982456140350877,-0.005763328657351302
37,2,1,35,36," crews, ",13980,364,121,127.0,107.0,360.0,417.0,No,10,fixation,0.0,-0.009941520467836256
37,2,1,35,36," crews, ",14048,365,121,127.0,107.0,360.0,417.0,No,10,fixation,0.014705882352941176,0.00021626297577854672
37,2,1,35,36," crews, ",14100,365,121,127.0,107.0,360.0,417.0,No,10,fixation,0.0,-0.00028280542986425336
37,2,1,35,36," crews, ",14133,365,121,127.0,107.0,360.0,417.0,No,10,fixation,0.0,0.0
37,2,1,35,36," crews, ",14197,365,121,127.0,107.0,360.0,417.0,No,10,fixation,0.0,0.0
37,2,1,35,36," crews, ",14253,365,121,127.0,107.0,360.0,417.0,No,10,fixation,0.0,0.0
37,2,1,35,36," crews, ",14285,365,121,127.0,107.0,360.0,417.0,No,10,fixation,0.0,0.0
37,2,1,35,36," crews, ",14341,368,121,127.0,107.0,360.0,417.0,No,10,fixation,0.05357142857142857,0.0009566326530612245
37,2,1,35,37, numbering ,14402,419,121,127.0,107.0,417.0,507.0,No,10,saccade,0.8360655737704918,0.01282777287211579
37,2,1,35,37, numbering ,14436,445,122,127.0,107.0,417.0,507.0,No,10,saccade,0.7652712841916287,-0.0020821849876136215
37,2,1,35,37, numbering ,14490,459,124,127.0,107.0,417.0,507.0,No,10,saccade,0.2618914004394621,-0.009321849699114195
37,2,1,35,37, numbering ,14557,460,124,127.0,107.0,417.0,507.0,No,10,fixation,0.014925373134328358,-0.0036860601090318466
37,2,1,35,37, numbering ,14592,460,124,127.0,107.0,417.0,507.0,No,10,fixation,0.0,-0.00042643923240938164
37,2,1,35,37, numbering ,14644,460,124,127.0,107.0,417.0,507.0,No,10,fixation,0.0,0.0
37,2,1,35,37, numbering ,14713,460,124,127.0,107.0,417.0,507.0,No,10,fixation,0.0,0.0
37,2,1,35,37, numbering ,14731,460,124,127.0,107.0,417.0,507.0,No,10,fixation,0.0,0.0
37,2,1,35,37, numbering ,14789,472,123,127.0,107.0,417.0,507.0,No,10,saccade,0.20761369963434992,0.0035795465454198263
37,2,1,35,38, ten ,14852,527,121,127.0,107.0,507.0,537.0,No,10,saccade,0.8735928829090167,0.010571098147216932
37,2,1,35,39, astronauts ,14881,545,121,127.0,107.0,537.0,626.0,No,10,saccade,0.6206896551724138,-0.008720800956434583
37,2,1,35,39, astronauts ,14945,550,121,127.0,107.0,537.0,626.0,No,10,fixation,0.078125,-0.008477572737068966
37,2,1,35,39, astronauts ,15013,550,121,127.0,107.0,537.0,626.0,No,10,fixation,0.0,-0.0011488970588235295
37,2,1,35,39, astronauts ,15039,550,121,127.0,107.0,537.0,626.0,No,10,fixation,0.0,0.0
37,2,1,35,39, astronauts ,15092,550,121,127.0,107.0,537.0,626.0,No,10,fixation,0.0,0.0
37,2,1,35,39, astronauts ,15153,550,121,127.0,107.0,537.0,626.0,No,10,fixation,0.0,0.0
37,2,1,35,39, astronauts ,15188,550,121,127.0,107.0,537.0,626.0,No,10,fixation,0.0,0.0
37,2,1,35,39, astronauts ,15253,561,121,127.0,107.0,537.0,626.0,No,10,saccade,0.16923076923076924,0.0026035502958579883
37,2,1,35,39, astronauts ,15304,594,119,127.0,107.0,537.0,626.0,No,10,saccade,0.6482460884241781,0.009392457239086448
37,2,1,35,39, astronauts ,15329,613,119,127.0,107.0,537.0,626.0,No,10,saccade,0.76,0.004470156463032877
37,2,1,35,40, altogether. ,15389,630,119,127.0,107.0,626.0,710.0,No,10,saccade,0.2833333333333333,-0.007944444444444445
37,2,1,35,40, altogether. ,15454,636,119,127.0,107.0,626.0,710.0,No,10,fixation,0.09230769230769231,-0.0029388560157790925
37,2,1,35,40, altogether. ,15488,641,119,127.0,107.0,626.0,710.0,No,10,sliding,0.14705882352941177,0.0016103273888741017
37,2,1,35,40, altogether. ,15539,650,119,127.0,107.0,626.0,710.0,No,10,saccade,0.17647058823529413,0.0005767012687427914
37,2,1,35,40, altogether. ,15603,654,119,127.0,107.0,626.0,710.0,No,10,fixation,0.0625,-0.0017807904411764708
37,2,1,35,40, altogether. ,15637,656,119,127.0,107.0,626.0,710.0,No,10,fixation,0.058823529411764705,-0.00010813148788927339
37,2,1,35,40, altogether. ,15700,663,119,127.0,107.0,626.0,710.0,No,10,sliding,0.1111111111111111,0.0008299616142753397
37,2,1,35,40, altogether. ,15754,674,119,127.0,107.0,626.0,710.0,No,10,saccade,0.2037037037037037,0.0017146776406035665
37,2,1,35,40, altogether. ,15788,677,119,127.0,107.0,626.0,710.0,No,10,fixation,0.08823529411764706,-0.003396129693707548
37,2,1,35,40, altogether. ,15846,678,120,127.0,107.0,626.0,710.0,No,10,fixation,0.024382992454708537,-0.0011009017528092848
37,2,1,35,40, altogether. ,15914,678,120,127.0,107.0,626.0,710.0,No,10,fixation,0.0,-0.0003585734184515961
37,2,1,35,40, altogether. ,15933,676,120,127.0,107.0,626.0,710.0,No,10,sliding,0.10526315789473684,0.00554016620498615
37,2,1,35,40, altogether. ,16006,642,122,127.0,107.0,626.0,710.0,No,10,saccade,0.4665585305733261,0.0049492516805286196
37,2,1,35,-1,,16057,589,131,,,,,No,10,saccade,1.0540925533894598,0.011520274957179093
37,2,1,36,0, Rich ,1241,103,32,47.0,27.0,94.0,135.0,No,14,fixation,0.0,0.0
37,2,1,36,0, Rich ,1290,103,35,47.0,27.0,94.0,135.0,No,14,fixation,0.061224489795918366,0.0012494793835901706
37,2,1,36,0, Rich ,1340,103,36,47.0,27.0,94.0,135.0,No,14,fixation,0.02,-0.0008244897959183672
37,2,1,36,0, Rich ,1392,103,36,47.0,27.0,94.0,135.0,No,14,fixation,0.0,-0.0003846153846153846
37,2,1,36,0, Rich ,1440,103,36,47.0,27.0,94.0,135.0,No,14,fixation,0.0,0.0
37,2,1,36,0, Rich ,1495,103,36,47.0,27.0,94.0,135.0,No,14,fixation,0.0,0.0
37,2,1,36,0, Rich ,1540,106,37,47.0,27.0,94.0,135.0,No,14,fixation,0.07027283689263066,0.0015616185976140146
37,2,1,36,0, Rich ,1590,110,37,47.0,27.0,94.0,135.0,No,14,fixation,0.08,0.00019454326214738693
37,2,1,36,0, Rich ,1640,114,38,47.0,27.0,94.0,135.0,No,14,fixation,0.0824621125123532,4.924225024706408e-05
37,2,1,36,0, Rich ,1690,117,38,47.0,27.0,94.0,135.0,No,14,fixation,0.06,-0.00044924225024706415
37,2,1,36,0, Rich ,1740,123,38,47.0,27.0,94.0,135.0,No,14,sliding,0.12,0.0012
37,2,1,36,1, investors ,1797,136,38,47.0,27.0,135.0,212.0,No,14,saccade,0.22807017543859648,0.0018959679901508154
37,2,1,36,1, investors ,1840,156,38,47.0,27.0,135.0,212.0,No,14,saccade,0.46511627906976744,0.005512700084445836
37,2,1,36,1, investors ,1893,193,37,47.0,27.0,135.0,212.0,No,14,saccade,0.6983681329555376,0.00440097837520321
37,2,1,36,2, with ,1947,216,36,47.0,27.0,212.0,249.0,No,14,saccade,0.426328312341531,-0.005037774455814936
37,2,1,36,2, with ,1991,223,36,47.0,27.0,212.0,249.0,No,14,saccade,0.1590909090909091,-0.006073577346605044
37,2,1,36,2, with ,2054,224,36,47.0,27.0,212.0,249.0,No,14,fixation,0.015873015873015872,-0.0022732998923475113
37,2,1,36,2, with ,2105,224,36,47.0,27.0,212.0,249.0,No,14,fixation,0.0,-0.00031123560535325237
37,2,1,36,2, with ,2148,224,36,47.0,27.0,212.0,249.0,No,14,fixation,0.0,0.0
37,2,1,36,2, with ,2191,224,36,47.0,27.0,212.0,249.0,No,14,fixation,0.0,0.0
37,2,1,36,2, with ,2242,224,36,47.0,27.0,212.0,249.0,No,14,fixation,0.0,0.0
37,2,1,36,2, with ,2302,224,36,47.0,27.0,212.0,249.0,No,14,fixation,0.0,0.0
37,2,1,36,2, with ,2344,230,35,47.0,27.0,212.0,249.0,No,14,sliding,0.14482767929281476,0.0034482780784003512
37,2,1,36,2, with ,2393,246,35,47.0,27.0,212.0,249.0,No,14,saccade,0.32653061224489793,0.003708223121471085
37,2,1,36,3, no ,2442,257,38,47.0,27.0,249.0,274.0,No,14,saccade,0.2326888622651302,-0.0019151377546891375
37,2,1,36,3, no ,2490,260,39,47.0,27.0,249.0,274.0,No,14,fixation,0.06588078458684124,-0.003475168284964353
37,2,1,36,3, no ,2542,261,39,47.0,27.0,249.0,274.0,No,14,fixation,0.019230769230769232,-0.0008971156799244617
37,2,1,36,3, no ,2600,262,40,47.0,27.0,249.0,274.0,No,14,fixation,0.024382992454708537,8.883143489550527e-05
37,2,1,36,3, no ,2643,269,40,47.0,27.0,249.0,274.0,No,14,saccade,0.16279069767441862,0.003218783842318839
37,2,1,36,4, ties ,2693,283,42,47.0,27.0,274.0,307.0,No,14,saccade,0.282842712474619,0.002401040296004008
37,2,1,36,4, ties ,2750,285,42,47.0,27.0,274.0,307.0,No,14,fixation,0.03508771929824561,-0.004346578827655673
37,2,1,36,4, ties ,2799,285,42,47.0,27.0,274.0,307.0,No,14,fixation,0.0,-0.0007160759040458288
37,2,1,36,4, ties ,2852,285,42,47.0,27.0,274.0,307.0,No,14,fixation,0.0,0.0
37,2,1,36,4, ties ,2895,285,42,47.0,27.0,274.0,307.0,No,14,fixation,0.0,0.0
37,2,1,36,4, ties ,2946,285,42,47.0,27.0,274.0,307.0,No,14,fixation,0.0,0.0
37,2,1,36,4, ties ,2999,285,42,47.0,27.0,274.0,307.0,No,14,fixation,0.0,0.0
37,2,1,36,4, ties ,3041,285,42,47.0,27.0,274.0,307.0,No,14,fixation,0.0,0.0
37,2,1,36,4, ties ,3091,298,39,47.0,27.0,274.0,307.0,No,14,saccade,0.2668332812825267,0.005336665625650534
37,2,1,36,6," farming, ",3146,345,33,47.0,27.0,328.0,398.0,No,14,saccade,0.8614805629441552,0.010811768757484155
37,2,1,36,6," farming, ",3196,374,36,47.0,27.0,328.0,398.0,No,14,saccade,0.58309518948453,-0.005567707469192504
37,2,1,36,6," farming, ",3253,377,36,47.0,27.0,328.0,398.0,No,14,fixation,0.05263157894736842,-0.009306379132230905
37,2,1,36,6," farming, ",3304,377,36,47.0,27.0,328.0,398.0,No,14,fixation,0.0,-0.0010319917440660474
37,2,1,36,6," farming, ",3356,377,36,47.0,27.0,328.0,398.0,No,14,fixation,0.0,0.0
37,2,1,36,6," farming, ",3392,377,36,47.0,27.0,328.0,398.0,No,14,fixation,0.0,0.0
37,2,1,36,6," farming, ",3444,377,36,47.0,27.0,328.0,398.0,No,14,fixation,0.0,0.0
37,2,1,36,6," farming, ",3495,377,36,47.0,27.0,328.0,398.0,No,14,fixation,0.0,0.0
37,2,1,36,6," farming, ",3543,379,36,47.0,27.0,328.0,398.0,No,14,fixation,0.041666666666666664,0.0008680555555555555
37,2,1,36,6," farming, ",3593,391,37,47.0,27.0,328.0,398.0,No,14,saccade,0.24083189157584592,0.0039833044981835855
37,2,1,36,7, no ,3643,413,38,47.0,27.0,398.0,423.0,No,14,saccade,0.44045431091090476,0.003992448386701177
37,2,1,36,8, dirt ,3694,434,40,47.0,27.0,423.0,453.0,No,14,saccade,0.4136279041123331,-0.000526007976442582
37,2,1,36,8, dirt ,3743,444,41,47.0,27.0,423.0,453.0,No,14,saccade,0.2050995024718549,-0.004255681666132207
37,2,1,36,8, dirt ,3796,445,41,47.0,27.0,423.0,453.0,No,14,fixation,0.018867924528301886,-0.0035138033574255286
37,2,1,36,8, dirt ,3867,445,41,47.0,27.0,423.0,453.0,No,14,fixation,0.0,-0.00026574541589157585
37,2,1,36,8, dirt ,3928,445,41,47.0,27.0,423.0,453.0,No,14,fixation,0.0,0.0
37,2,1,36,8, dirt ,3955,445,41,47.0,27.0,423.0,453.0,No,14,fixation,0.0,0.0
37,2,1,36,8, dirt ,4006,445,41,47.0,27.0,423.0,453.0,No,14,fixation,0.0,0.0
37,2,1,36,8, dirt ,4063,446,41,47.0,27.0,423.0,453.0,No,14,fixation,0.017543859649122806,0.0003077870113881194
37,2,1,36,9, under ,4094,453,40,47.0,27.0,453.0,504.0,No,14,saccade,0.22809896167307986,0.006792100065288937
37,2,1,36,9, under ,4155,495,31,47.0,27.0,453.0,504.0,No,14,saccade,0.7041551342594927,0.007804199550596932
37,2,1,36,10, their ,4214,533,29,47.0,27.0,504.0,544.0,No,14,saccade,0.6449592403539134,-0.0010033202356877853
37,2,1,36,10, their ,4247,537,29,47.0,27.0,504.0,544.0,No,14,saccade,0.12121212121212122,-0.01587112482247855
37,2,1,36,10, their ,4315,537,29,47.0,27.0,504.0,544.0,No,14,fixation,0.0,-0.0017825311942959003
37,2,1,36,10, their ,4366,537,29,47.0,27.0,504.0,544.0,No,14,fixation,0.0,0.0
37,2,1,36,10, their ,4401,537,29,47.0,27.0,504.0,544.0,No,14,fixation,0.0,0.0
37,2,1,36,10, their ,4455,537,29,47.0,27.0,504.0,544.0,No,14,fixation,0.0,0.0
37,2,1,36,10, their ,4517,539,29,47.0,27.0,504.0,544.0,No,14,fixation,0.03225806451612903,0.0005202913631633714
37,2,1,36,10, their ,4543,543,29,47.0,27.0,504.0,544.0,No,14,saccade,0.15384615384615385,0.004676464974231724
37,2,1,36,11," nails, ",4611,567,37,47.0,27.0,544.0,591.0,No,14,saccade,0.3720326659021623,0.0032086251772942415
37,2,1,36,11," nails, ",4663,587,43,47.0,27.0,544.0,591.0,No,14,saccade,0.40155025034271347,0.0005676458546259844
37,2,1,36,12, are ,4693,595,44,47.0,27.0,591.0,622.0,No,14,saccade,0.26874192494328497,-0.00442694417998095
37,2,1,36,12, are ,4759,607,44,47.0,27.0,591.0,622.0,No,14,saccade,0.18181818181818182,-0.0013170264109864114
37,2,1,36,13, confident ,4812,625,44,47.0,27.0,622.0,700.0,No,14,saccade,0.33962264150943394,0.0029774426356840022
37,2,1,36,13, confident ,4843,642,46,47.0,27.0,622.0,700.0,No,14,saccade,0.5521691215685062,0.006856338066421685
37,2,1,36,13, confident ,4909,664,45,47.0,27.0,622.0,700.0,No,14,saccade,0.333677508265837,-0.0033104789894343816
37,2,1,36,13, confident ,4977,688,42,47.0,27.0,622.0,700.0,No,14,saccade,0.3556878418367007,0.0003236813760421138
37,2,1,36,13, confident ,4994,693,42,47.0,27.0,622.0,700.0,No,14,saccade,0.29411764705882354,-0.0036217761634045396
37,2,1,36,14, enough ,5054,711,42,47.0,27.0,700.0,760.0,No,14,saccade,0.3,9.803921568627417e-05
37,2,1,36,14, enough ,5118,720,42,47.0,27.0,700.0,760.0,No,14,sliding,0.140625,-0.002490234375
37,2,1,36,14, enough ,5142,722,42,47.0,27.0,700.0,760.0,No,14,fixation,0.08333333333333333,-0.002387152777777778
37,2,1,36,14, enough ,5205,727,42,47.0,27.0,700.0,760.0,No,14,fixation,0.07936507936507936,-6.298815822625346e-05
37,2,1,36,14, enough ,5263,734,42,47.0,27.0,700.0,760.0,No,14,sliding,0.1206896551724138,0.0007124926863333524
37,2,1,36,14, enough ,5305,734,42,47.0,27.0,700.0,760.0,No,14,fixation,0.0,-0.0028735632183908046
37,2,1,36,14, enough ,5353,735,42,47.0,27.0,700.0,760.0,No,14,fixation,0.020833333333333332,0.00043402777777777775
37,2,1,36,13, confident ,5412,648,42,47.0,27.0,622.0,700.0,No,14,saccade,1.4745762711864407,0.02463971081106962
37,2,1,36,8, dirt ,5443,432,39,47.0,27.0,423.0,453.0,No,14,saccade,6.968413946088268,0.17722057015812348
37,2,1,36,-1,,5507,210,55,,,,,No,14,saccade,3.47774734023333,-0.05454166571648341
37,2,1,36,-1,,5570,160,62,,,,,No,14,saccade,0.8013908292929739,-0.04248184938000565
37,2,1,36,-1,,5592,142,64,,,,,No,14,saccade,0.8232168307397653,0.000992090974854153
37,2,1,36,15, to ,5653,113,66,87.0,67.0,94.0,114.0,No,14,saccade,0.4765390771720864,-0.005683241861765227
37,2,1,36,-1,,5719,93,69,,,,,No,14,saccade,0.3064204305478286,-0.002577555251882694
37,2,1,36,-1,,5742,91,69,,,,,No,14,fixation,0.08695652173913043,-0.00954190907863905
37,2,1,36,-1,,5802,90,71,,,,,No,14,fixation,0.037267799624996496,-0.0008281453685688989
37,2,1,36,-1,,5872,90,73,,,,,No,14,fixation,0.02857142857142857,-0.0001242338721938275
37,2,1,36,-1,,5899,90,74,,,,,No,14,fixation,0.037037037037037035,0.00031354105428179496
37,2,1,36,-1,,5955,90,76,,,,,No,14,fixation,0.03571428571428571,-2.3620559334845046e-05
37,2,1,36,-1,,6013,93,77,,,,,No,14,fixation,0.05452202862359275,0.00032427142947081096
37,2,1,36,15, to ,6041,98,79,87.0,67.0,94.0,114.0,No,14,saccade,0.192327314540518,0.004921617354175902
37,2,1,36,15, to ,6106,107,81,87.0,67.0,94.0,114.0,No,14,sliding,0.14183914549681365,-0.000776741062210836
37,2,1,36,16, wager ,6164,117,82,87.0,67.0,114.0,168.0,No,14,saccade,0.1732737176055326,0.0005419753811848094
37,2,1,36,16, wager ,6193,123,83,87.0,67.0,114.0,168.0,No,14,saccade,0.20975043207924896,0.0012578177404729781
37,2,1,36,16, wager ,6256,128,84,87.0,67.0,114.0,168.0,No,14,fixation,0.08093681767607594,-0.002044660546082111
37,2,1,36,16, wager ,6323,144,84,87.0,67.0,114.0,168.0,No,14,saccade,0.23880597014925373,0.002356256007062355
37,2,1,36,16, wager ,6342,151,84,87.0,67.0,114.0,168.0,No,14,saccade,0.3684210526315789,0.006821846446438168
37,2,1,36,17, big ,6406,191,85,87.0,67.0,168.0,197.0,No,14,saccade,0.6251952819919548,0.004012097333755874
37,2,1,36,18, on ,6472,208,87,87.0,67.0,197.0,222.0,No,14,saccade,0.259352163160965,-0.0055430775580453005
37,2,1,36,18, on ,6494,208,87,87.0,67.0,197.0,222.0,No,14,saccade,0.0,-0.011788734689134772
37,2,1,36,18, on ,6555,211,87,87.0,67.0,197.0,222.0,No,14,fixation,0.04918032786885246,0.0008062348830959419
37,2,1,36,18, on ,6621,211,87,87.0,67.0,197.0,222.0,No,14,fixation,0.0,-0.0007451564828614009
37,2,1,36,18, on ,6654,211,87,87.0,67.0,197.0,222.0,No,14,fixation,0.0,0.0
37,2,1,36,18, on ,6704,211,87,87.0,67.0,197.0,222.0,No,14,fixation,0.0,0.0
37,2,1,36,18, on ,6771,211,87,87.0,67.0,197.0,222.0,No,14,fixation,0.0,0.0
37,2,1,36,18, on ,6794,212,87,87.0,67.0,197.0,222.0,No,14,fixation,0.043478260869565216,0.001890359168241966
37,2,1,36,20, patch ,6856,241,85,87.0,67.0,238.0,287.0,No,14,saccade,0.46885296302414947,0.006860882292815875
37,2,1,36,20, patch ,6922,277,85,87.0,67.0,238.0,287.0,No,14,saccade,0.5454545454545454,0.001160630036824181
37,2,1,36,20, patch ,6942,280,85,87.0,67.0,238.0,287.0,No,14,saccade,0.15,-0.019772727272727268
37,2,1,36,20, patch ,7004,283,85,87.0,67.0,238.0,287.0,No,14,fixation,0.04838709677419355,-0.0016389177939646201
37,2,1,36,20, patch ,7071,283,85,87.0,67.0,238.0,287.0,No,14,fixation,0.0,-0.0007221954742416948
37,2,1,36,20, patch ,7105,283,85,87.0,67.0,238.0,287.0,No,14,fixation,0.0,0.0
37,2,1,36,20, patch ,7155,283,85,87.0,67.0,238.0,287.0,No,14,fixation,0.0,0.0
37,2,1,36,20, patch ,7218,283,85,87.0,67.0,238.0,287.0,No,14,fixation,0.0,0.0
37,2,1,36,20, patch ,7245,283,85,87.0,67.0,238.0,287.0,No,14,fixation,0.0,0.0
37,2,1,36,22, earth ,7305,317,79,87.0,67.0,307.0,353.0,No,14,saccade,0.5754225500544022,0.009590375834240038
37,2,1,36,23, betting ,7364,354,79,87.0,67.0,353.0,412.0,No,14,saccade,0.6271186440677966,0.0008762049832778706
37,2,1,36,23, betting ,7396,369,82,87.0,67.0,353.0,412.0,No,14,saccade,0.4780330793993236,-0.004658923895889781
37,2,1,36,23, betting ,7452,373,82,87.0,67.0,353.0,412.0,No,14,fixation,0.07142857142857142,-0.0072607947851920035
37,2,1,36,23, betting ,7521,373,82,87.0,67.0,353.0,412.0,No,14,fixation,0.0,-0.0010351966873706003
37,2,1,36,23, betting ,7556,373,82,87.0,67.0,353.0,412.0,No,14,fixation,0.0,0.0
37,2,1,36,23, betting ,7609,373,82,87.0,67.0,353.0,412.0,No,14,fixation,0.0,0.0
37,2,1,36,23, betting ,7668,373,82,87.0,67.0,353.0,412.0,No,14,fixation,0.0,0.0
37,2,1,36,23, betting ,7694,373,82,87.0,67.0,353.0,412.0,No,14,fixation,0.0,0.0
37,2,1,36,23, betting ,7760,399,82,87.0,67.0,353.0,412.0,No,14,saccade,0.3939393939393939,0.005968778696051423
37,2,1,36,24, that ,7813,430,85,87.0,67.0,412.0,447.0,No,14,saccade,0.5876381699017901,0.0036546938860829463
37,2,1,36,24, that ,7843,439,85,87.0,67.0,412.0,447.0,No,14,saccade,0.3,-0.009587938996726336
37,2,1,36,24, that ,7908,440,85,87.0,67.0,412.0,447.0,No,14,fixation,0.015384615384615385,-0.0043786982248520704
37,2,1,36,24, that ,7970,440,85,87.0,67.0,412.0,447.0,No,14,fixation,0.0,-0.00024813895781637717
37,2,1,36,24, that ,8005,440,85,87.0,67.0,412.0,447.0,No,14,fixation,0.0,0.0
37,2,1,36,24, that ,8056,440,85,87.0,67.0,412.0,447.0,No,14,fixation,0.0,0.0
37,2,1,36,24, that ,8117,440,85,87.0,67.0,412.0,447.0,No,14,fixation,0.0,0.0
37,2,1,36,24, that ,8151,440,85,87.0,67.0,412.0,447.0,No,14,fixation,0.0,0.0
37,2,1,36,24, that ,8204,440,85,87.0,67.0,412.0,447.0,No,14,fixation,0.0,0.0
37,2,1,36,24, that ,8269,441,85,87.0,67.0,412.0,447.0,No,14,fixation,0.015384615384615385,0.0002366863905325444
37,2,1,36,24, that ,8292,442,85,87.0,67.0,412.0,447.0,No,14,fixation,0.043478260869565216,0.0012214628471717318
37,2,1,36,24, that ,8359,445,85,87.0,67.0,412.0,447.0,No,14,fixation,0.04477611940298507,1.937102288686352e-05
37,2,1,36,24, that ,8412,446,84,87.0,67.0,412.0,447.0,No,14,fixation,0.026683274761756512,-0.0003413744271929917
37,2,1,36,25, it's ,8442,447,84,87.0,67.0,447.0,473.0,No,14,fixation,0.03333333333333333,0.0002216686190525607
37,2,1,36,25, it's ,8504,448,84,87.0,67.0,447.0,473.0,No,14,fixation,0.016129032258064516,-0.00027748872702046477
37,2,1,36,25, it's ,8562,447,84,87.0,67.0,447.0,473.0,No,14,fixation,0.017241379310344827,1.917839745310882e-05
37,2,1,36,24, that ,8592,430,84,87.0,67.0,412.0,447.0,No,14,saccade,0.5666666666666667,0.018314176245210725
37,2,1,36,23, betting ,8659,379,75,87.0,67.0,353.0,412.0,No,14,saccade,0.7729556642521822,0.0030789402624703814
37,2,1,36,23, betting ,8713,356,72,87.0,67.0,353.0,412.0,No,14,saccade,0.4295338335090075,-0.006359663532281013
37,2,1,36,23, betting ,8742,353,72,87.0,67.0,353.0,412.0,No,14,saccade,0.10344827586206896,-0.011244329574032362
37,2,1,36,22, earth ,8808,351,72,87.0,67.0,307.0,353.0,No,14,fixation,0.030303030303030304,-0.0011082612963490706
37,2,1,36,22, earth ,8871,351,73,87.0,67.0,307.0,353.0,No,14,fixation,0.015873015873015872,-0.00022904784809546716
37,2,1,36,22, earth ,8908,351,74,87.0,67.0,307.0,353.0,No,14,fixation,0.02702702702702703,0.00030145976091922044
37,2,1,36,22, earth ,8952,351,74,87.0,67.0,307.0,353.0,No,14,fixation,0.0,-0.0006142506142506142
37,2,1,36,22, earth ,9017,351,76,87.0,67.0,307.0,353.0,No,14,fixation,0.03076923076923077,0.0004733727810650888
37,2,1,36,23, betting ,9044,358,76,87.0,67.0,353.0,412.0,No,14,saccade,0.25925925925925924,0.008462593647778833
37,2,1,36,23, betting ,9104,370,77,87.0,67.0,353.0,412.0,No,14,saccade,0.2006932429798716,-0.0009761002713231275
37,2,1,36,23, betting ,9176,380,79,87.0,67.0,353.0,412.0,No,14,sliding,0.14163943093313291,-0.0008201918339824817
37,2,1,36,23, betting ,9193,381,80,87.0,67.0,353.0,412.0,No,14,fixation,0.0831890330807703,-0.003438258697197801
37,2,1,36,23, betting ,9255,390,81,87.0,67.0,353.0,412.0,No,14,sliding,0.1460545990022164,0.0010139607406684855
37,2,1,36,24, that ,9325,433,81,87.0,67.0,412.0,447.0,No,14,saccade,0.6142857142857143,0.006689015932621399
37,2,1,36,24, that ,9343,441,81,87.0,67.0,412.0,447.0,No,14,saccade,0.4444444444444444,-0.009435626102292772
37,2,1,36,26, a ,9405,476,81,87.0,67.0,473.0,488.0,No,14,saccade,0.5645161290322581,0.001936640073996995
37,2,1,36,27, smart ,9476,520,84,87.0,67.0,488.0,538.0,No,14,saccade,0.6211571005971815,0.0007977601628862454
37,2,1,36,27, smart ,9493,523,85,87.0,67.0,488.0,538.0,No,14,saccade,0.18601633295108114,-0.02559651574388826
37,2,1,36,27, smart ,9555,535,86,87.0,67.0,488.0,538.0,No,14,saccade,0.19421926739987574,0.0001323053943353969
37,2,1,36,28, investment ,9619,542,86,87.0,67.0,538.0,630.0,No,14,sliding,0.109375,-0.0013256916781230585
37,2,1,36,28, investment ,9653,542,86,87.0,67.0,538.0,630.0,No,14,fixation,0.0,-0.003216911764705882
37,2,1,36,28, investment ,9706,543,86,87.0,67.0,538.0,630.0,No,14,fixation,0.018867924528301886,0.00035599857600569594
37,2,1,36,28, investment ,9772,543,86,87.0,67.0,538.0,630.0,No,14,fixation,0.0,-0.0002858776443682104
37,2,1,36,28, investment ,9798,543,86,87.0,67.0,538.0,630.0,No,14,fixation,0.0,0.0
37,2,1,36,28, investment ,9860,543,86,87.0,67.0,538.0,630.0,No,14,fixation,0.0,0.0
37,2,1,36,28, investment ,9920,543,86,87.0,67.0,538.0,630.0,No,14,fixation,0.0,0.0
37,2,1,36,28, investment ,9957,543,86,87.0,67.0,538.0,630.0,No,14,fixation,0.0,0.0
37,2,1,36,28, investment ,10010,554,83,87.0,67.0,538.0,630.0,No,14,saccade,0.21512743869795056,0.004059008277319822
37,2,1,36,28, investment ,10076,606,74,87.0,67.0,538.0,630.0,No,14,saccade,0.7995924122399249,0.008855529902151127
37,2,1,36,28, investment ,10092,613,74,87.0,67.0,538.0,630.0,No,14,saccade,0.4375,-0.02263077576499531
37,2,1,36,29, because ,10160,634,75,87.0,67.0,630.0,703.0,No,14,saccade,0.30917347120042116,-0.0018871548352879242
37,2,1,36,29, because ,10225,656,81,87.0,67.0,630.0,703.0,No,14,saccade,0.35082320772281167,0.0006407651772675463
37,2,1,36,29, because ,10242,658,82,87.0,67.0,630.0,703.0,No,14,saccade,0.1315334104411641,-0.012899399840096916
37,2,1,36,29, because ,10310,668,85,87.0,67.0,630.0,703.0,No,14,saccade,0.15353391924868456,0.0003235368942282422
37,2,1,36,29, because ,10370,681,85,87.0,67.0,630.0,703.0,No,14,saccade,0.21666666666666667,0.0010522124569663685
37,2,1,36,29, because ,10392,689,85,87.0,67.0,630.0,703.0,No,14,saccade,0.36363636363636365,0.006680440771349863
37,2,1,36,30, food ,10459,704,85,87.0,67.0,703.0,738.0,No,14,saccade,0.22388059701492538,-0.0020859069644990785
37,2,1,36,30, food ,10521,707,85,87.0,67.0,703.0,738.0,No,14,fixation,0.04838709677419355,-0.002830540326463417
37,2,1,36,30, food ,10546,708,85,87.0,67.0,703.0,738.0,No,14,fixation,0.04,-0.00033548387096774186
37,2,1,36,30, food ,10606,708,85,87.0,67.0,703.0,738.0,No,14,fixation,0.0,-0.0006666666666666666
37,2,1,36,25, it's ,10675,460,74,87.0,67.0,447.0,473.0,No,14,saccade,3.597736691972872,0.052141111477867715
37,2,1,36,23, betting ,10693,382,77,87.0,67.0,353.0,412.0,No,14,saccade,4.336537277085895,0.04104447695072352
37,2,1,36,-1,,10765,130,94,,,,,No,14,saccade,3.5079550249098297,-0.01150808683577869
37,2,1,36,-1,,10813,88,96,,,,,No,14,saccade,0.8759915017345267,-0.054832573399485475
37,2,1,36,-1,,10855,72,98,,,,,No,14,saccade,0.38391703563326424,-0.011716058716696724
37,2,1,36,-1,,10905,67,100,,,,,No,14,sliding,0.10770329614269007,-0.005524274789811483
37,2,1,36,-1,,10967,66,103,,,,,No,14,fixation,0.05100447838981257,-0.0009144970605302823
37,2,1,36,-1,,10993,68,109,,,,,No,14,saccade,0.24325212770525997,0.007394140358286439
37,2,1,36,-1,,11056,77,116,,,,,No,14,saccade,0.18098022620621237,-0.0009884428809372634
37,2,1,36,-1,,11122,87,119,,,,,No,14,saccade,0.15818646225622046,-0.00034536005984836234
37,2,1,36,-1,,11143,88,119,,,,,No,14,fixation,0.047619047619047616,-0.005265114982722517
37,2,1,36,31, will ,11207,104,119,127.0,107.0,94.0,124.0,No,14,saccade,0.25,0.003162202380952381
37,2,1,36,31, will ,11270,111,118,127.0,107.0,94.0,124.0,No,14,sliding,0.11223917161691231,-0.002186679815604566
37,2,1,36,31, will ,11301,113,118,127.0,107.0,94.0,124.0,No,14,fixation,0.06451612903225806,-0.00153945298660175
37,2,1,36,31, will ,11353,117,118,127.0,107.0,94.0,124.0,No,14,fixation,0.07692307692307693,0.00023859515174651664
37,2,1,36,31, will ,11420,121,117,127.0,107.0,94.0,124.0,No,14,fixation,0.06153888993459195,-0.00022961473117141755
37,2,1,36,32, only ,11453,124,116,127.0,107.0,124.0,162.0,No,14,fixation,0.09582659576267817,0.0010390213887298855
37,2,1,36,32, only ,11503,129,116,127.0,107.0,124.0,162.0,No,14,sliding,0.1,8.346808474643668e-05
37,2,1,36,32, only ,11570,136,116,127.0,107.0,124.0,162.0,No,14,sliding,0.1044776119402985,6.683002895967908e-05
37,2,1,36,32, only ,11592,140,116,127.0,107.0,124.0,162.0,No,14,saccade,0.18181818181818182,0.0035154804489946965
37,2,1,36,32, only ,11656,147,117,127.0,107.0,124.0,162.0,No,14,sliding,0.11048543456039805,-0.0011145741759028714
37,2,1,36,33, get ,11722,162,118,127.0,107.0,162.0,192.0,No,14,saccade,0.22777721785413496,0.0017771482317232865
37,2,1,36,33, get ,11742,169,119,127.0,107.0,162.0,192.0,No,14,saccade,0.3535533905932738,0.006288808636956941
37,2,1,36,33, get ,11805,190,120,127.0,107.0,162.0,192.0,No,14,saccade,0.3337110482798197,-0.00031495781449927156
37,2,1,36,34, more ,11872,215,121,127.0,107.0,192.0,238.0,No,14,saccade,0.3734327165133374,0.0005928607199032499
37,2,1,36,34, more ,11894,219,121,127.0,107.0,192.0,238.0,No,14,saccade,0.18181818181818182,-0.008709751577052527
37,2,1,36,34, more ,11952,221,121,127.0,107.0,192.0,238.0,No,14,fixation,0.034482758620689655,-0.0025402659171981407
37,2,1,36,34, more ,12020,221,121,127.0,107.0,192.0,238.0,No,14,fixation,0.0,-0.0005070993914807302
37,2,1,36,34, more ,12055,221,121,127.0,107.0,192.0,238.0,No,14,fixation,0.0,0.0
37,2,1,36,34, more ,12106,221,121,127.0,107.0,192.0,238.0,No,14,fixation,0.0,0.0
37,2,1,36,34, more ,12176,221,121,127.0,107.0,192.0,238.0,No,14,fixation,0.0,0.0
37,2,1,36,34, more ,12193,221,121,127.0,107.0,192.0,238.0,No,14,fixation,0.0,0.0
37,2,1,36,34, more ,12260,232,119,127.0,107.0,192.0,238.0,No,14,saccade,0.16687074458953655,0.002490608128202038
37,2,1,36,35, expensive ,12313,271,116,127.0,107.0,238.0,324.0,No,14,saccade,0.7380229137965262,0.01077645602277339
37,2,1,36,35, expensive ,12342,292,116,127.0,107.0,238.0,324.0,No,14,saccade,0.7241379310344828,-0.00047879250903597995
37,2,1,36,35, expensive ,12409,314,118,127.0,107.0,238.0,324.0,No,14,saccade,0.329712269169769,-0.005886950177085281
37,2,1,36,35, expensive ,12469,316,118,127.0,107.0,238.0,324.0,No,14,fixation,0.03333333333333333,-0.004939648930607261
37,2,1,36,35, expensive ,12502,316,118,127.0,107.0,238.0,324.0,No,14,fixation,0.0,-0.00101010101010101
37,2,1,36,35, expensive ,12555,316,118,127.0,107.0,238.0,324.0,No,14,fixation,0.0,0.0
37,2,1,36,35, expensive ,12623,316,118,127.0,107.0,238.0,324.0,No,14,fixation,0.0,0.0
37,2,1,36,35, expensive ,12650,316,118,127.0,107.0,238.0,324.0,No,14,fixation,0.0,0.0
37,2,1,36,35, expensive ,12709,321,118,127.0,107.0,238.0,324.0,No,14,fixation,0.0847457627118644,0.0014363688595231256
37,2,1,36,36, around ,12762,361,114,127.0,107.0,325.0,386.0,No,14,saccade,0.75848117895252,0.012711988985672747
37,2,1,36,37, the ,12793,386,114,127.0,107.0,386.0,416.0,No,14,saccade,0.8064516129032258,0.0015474333532485732
37,2,1,36,37, the ,12858,410,116,127.0,107.0,386.0,416.0,No,14,saccade,0.37051060242437833,-0.006706784776597653
37,2,1,36,37, the ,12924,411,116,127.0,107.0,386.0,416.0,No,14,fixation,0.015151515151515152,-0.005384228595043381
37,2,1,36,37, the ,12957,411,116,127.0,107.0,386.0,416.0,No,14,fixation,0.0,-0.0004591368227731864
37,2,1,36,37, the ,13008,411,116,127.0,107.0,386.0,416.0,No,14,fixation,0.0,0.0
37,2,1,36,37, the ,13064,413,118,127.0,107.0,386.0,416.0,No,14,fixation,0.05050762722761054,0.0009019219147787597
37,2,1,36,38, world. ,13092,421,123,127.0,107.0,416.0,464.0,No,14,saccade,0.3369278975734501,0.01022929536949427
37,2,1,36,-1,,13163,455,137,,,,,No,14,saccade,0.5178810228408517,0.0025486355671465013
37,2,1,36,-1,,13212,474,146,,,,,No,14,saccade,0.42905706207405386,-0.0018127338931999556
37,2,1,36,-1,,13245,478,151,,,,,No,14,saccade,0.1940340678009954,-0.007121908917365407
37,2,2,37,0, John ,2279,96,34,47.0,27.0,94.0,138.0,Yes,0,fixation,0.0,0.0
37,2,2,37,0, John ,2318,101,35,47.0,27.0,94.0,138.0,Yes,0,sliding,0.13074409009212268,0.003352412566464684
37,2,2,37,0, John ,2369,108,37,47.0,27.0,94.0,138.0,Yes,0,sliding,0.14274725273099054,0.00023535613017387958
37,2,2,37,0, John ,2425,111,38,47.0,27.0,94.0,138.0,Yes,0,fixation,0.056469243931578206,-0.0015406787285609344
37,2,2,37,0, John ,2473,111,38,47.0,27.0,94.0,138.0,Yes,0,fixation,0.0,-0.0011764425819078793
37,2,2,37,0, John ,2531,112,40,47.0,27.0,94.0,138.0,Yes,0,fixation,0.03855289616378948,0.0006647051062722324
37,2,2,37,0, John ,2574,112,41,47.0,27.0,94.0,138.0,Yes,0,fixation,0.023255813953488372,-0.0003557460979139792
37,2,2,37,0, John ,2618,112,41,47.0,27.0,94.0,138.0,Yes,0,fixation,0.0,-0.0005285412262156448
37,2,2,37,0, John ,2669,112,42,47.0,27.0,94.0,138.0,Yes,0,fixation,0.0196078431372549,0.00038446751249519417
37,2,2,37,0, John ,2720,112,42,47.0,27.0,94.0,138.0,Yes,0,fixation,0.0,-0.00038446751249519417
37,2,2,37,0, John ,2773,112,43,47.0,27.0,94.0,138.0,Yes,0,fixation,0.018867924528301886,0.00035599857600569594
37,2,2,37,0, John ,2822,111,43,47.0,27.0,94.0,138.0,Yes,0,fixation,0.02040816326530612,3.143344361233132e-05
37,2,2,37,0, John ,2881,111,43,47.0,27.0,94.0,138.0,Yes,0,fixation,0.0,-0.00034590107229332407
37,2,2,37,0, John ,2933,111,43,47.0,27.0,94.0,138.0,Yes,0,fixation,0.0,0.0
37,2,2,37,0, John ,2984,111,43,47.0,27.0,94.0,138.0,Yes,0,fixation,0.0,0.0
37,2,2,37,0, John ,3019,111,43,47.0,27.0,94.0,138.0,Yes,0,fixation,0.0,0.0
37,2,2,37,0, John ,3070,111,43,47.0,27.0,94.0,138.0,Yes,0,fixation,0.0,0.0
37,2,2,37,0, John ,3123,111,43,47.0,27.0,94.0,138.0,Yes,0,fixation,0.0,0.0
37,2,2,37,0, John ,3178,121,43,47.0,27.0,94.0,138.0,Yes,0,saccade,0.18181818181818182,0.003305785123966942
37,2,2,37,0, John ,3229,132,44,47.0,27.0,94.0,138.0,Yes,0,saccade,0.21657570621935807,0.0006815200862975734
37,2,2,37,1, Thornton ,3269,140,45,47.0,27.0,138.0,215.0,Yes,0,saccade,0.20155644370746373,-0.00037548156279735846
37,2,2,37,1, Thornton ,3323,146,46,47.0,27.0,138.0,215.0,Yes,0,sliding,0.11264375056107813,-0.0016465313545626964
37,2,2,37,1, Thornton ,3383,156,49,47.0,27.0,138.0,215.0,Yes,0,saccade,0.1740051084818425,0.0010226892986794063
37,2,2,37,-1,,3419,160,50,,,,,Yes,0,sliding,0.1145307118227128,-0.0016520665738647142
37,2,2,37,-1,,3475,172,51,,,,,Yes,0,saccade,0.215028474621291,0.0017946029071174677
37,2,2,37,-1,,3524,183,51,,,,,Yes,0,saccade,0.22448979591836735,0.00019308818973625221
37,2,2,37,-1,,3568,191,51,,,,,Yes,0,saccade,0.18181818181818182,-0.0009698094113678528
37,2,2,37,-1,,3624,211,51,,,,,Yes,0,saccade,0.35714285714285715,0.0031307977736549164
37,2,2,37,-1,,3670,217,50,,,,,Yes,0,sliding,0.1322339680499613,-0.004889323675932518
37,2,2,37,-1,,3724,232,50,,,,,Yes,0,saccade,0.2777777777777778,0.0026952557357003055
37,2,2,37,-1,,3769,243,51,,,,,Yes,0,saccade,0.2454524670486058,-0.0007183402384260444
37,2,2,37,-1,,3824,258,53,,,,,Yes,0,saccade,0.27514083546221013,0.000539788516610988
37,2,2,37,-1,,3874,267,54,,,,,Yes,0,saccade,0.18110770276274835,-0.0018806626539892358
37,2,2,37,-1,,3921,270,54,,,,,Yes,0,fixation,0.06382978723404255,-0.002495274798483102
37,2,2,37,-1,,3972,270,54,,,,,Yes,0,fixation,0.0,-0.0012515644555694616
37,2,2,37,-1,,4023,270,54,,,,,Yes,0,fixation,0.0,0.0
37,2,2,37,-1,,4075,270,54,,,,,Yes,0,fixation,0.0,0.0
37,2,2,37,-1,,4127,270,54,,,,,Yes,0,fixation,0.0,0.0
37,2,2,37,-1,,4171,270,54,,,,,Yes,0,fixation,0.0,0.0
37,2,2,37,2, asked ,4224,266,48,47.0,27.0,215.0,268.0,Yes,0,sliding,0.1360585386967543,0.002567142239561402
37,2,2,37,2, asked ,4272,260,44,47.0,27.0,215.0,268.0,Yes,0,saccade,0.1502313031443329,0.0002952659259912206
37,2,2,37,2, asked ,4324,257,43,47.0,27.0,215.0,268.0,Yes,0,fixation,0.060813031926314993,-0.0017195821388080366
37,2,2,37,2, asked ,4369,253,43,47.0,27.0,215.0,268.0,Yes,0,fixation,0.08888888888888889,0.0006239079325016422
37,2,2,37,2, asked ,4419,248,43,47.0,27.0,215.0,268.0,Yes,0,sliding,0.1,0.00022222222222222226
37,2,2,37,2, asked ,4470,248,43,47.0,27.0,215.0,268.0,Yes,0,fixation,0.0,-0.00196078431372549
37,2,2,37,2, asked ,4519,247,43,47.0,27.0,215.0,268.0,Yes,0,fixation,0.02040816326530612,0.0004164931278633902
37,2,2,37,2, asked ,4569,247,43,47.0,27.0,215.0,268.0,Yes,0,fixation,0.0,-0.0004081632653061224
37,2,2,37,2, asked ,4620,250,42,47.0,27.0,215.0,268.0,Yes,0,fixation,0.06200544431702705,0.0012157930258240599
37,2,2,37,3, little ,4669,291,39,47.0,27.0,268.0,305.0,Yes,0,saccade,0.8389716241263047,0.01585645264916893
37,2,2,37,4, of ,4719,323,39,47.0,27.0,305.0,325.0,Yes,0,saccade,0.64,-0.003979432482526093
37,2,2,37,5, man ,4776,340,42,47.0,27.0,325.0,365.0,Yes,0,saccade,0.3028539737128433,-0.005914842566441346
37,2,2,37,5, man ,4822,346,42,47.0,27.0,325.0,365.0,Yes,0,sliding,0.13043478260869565,-0.0037482432848727747
37,2,2,37,5, man ,4876,346,42,47.0,27.0,325.0,365.0,Yes,0,fixation,0.0,-0.0024154589371980675
37,2,2,37,5, man ,4928,346,42,47.0,27.0,325.0,365.0,Yes,0,fixation,0.0,0.0
37,2,2,37,5, man ,4989,346,42,47.0,27.0,325.0,365.0,Yes,0,fixation,0.0,0.0
37,2,2,37,5, man ,5048,346,42,47.0,27.0,325.0,365.0,Yes,0,fixation,0.0,0.0
37,2,2,37,5, man ,5083,346,42,47.0,27.0,325.0,365.0,Yes,0,fixation,0.0,0.0
37,2,2,37,5, man ,5134,356,42,47.0,27.0,325.0,365.0,Yes,0,saccade,0.19607843137254902,0.0038446751249519417
37,2,2,37,7, nature. ,5191,416,37,47.0,27.0,386.0,447.0,Yes,0,saccade,1.0562802262098505,0.015091259558549149
37,2,2,37,7, nature. ,5220,421,37,47.0,27.0,386.0,447.0,Yes,0,saccade,0.1724137931034483,-0.030478152865738007
37,2,2,37,7, nature. ,5288,435,35,47.0,27.0,386.0,447.0,Yes,0,saccade,0.20797258270192576,0.000522923376448198
37,2,2,37,7, nature. ,5355,435,35,47.0,27.0,386.0,447.0,Yes,0,fixation,0.0,-0.0031040683985362055
37,2,2,37,7, nature. ,5373,435,35,47.0,27.0,386.0,447.0,Yes,0,fixation,0.0,0.0
37,2,2,37,7, nature. ,5440,435,35,47.0,27.0,386.0,447.0,Yes,0,fixation,0.0,0.0
37,2,2,37,7, nature. ,5503,435,35,47.0,27.0,386.0,447.0,Yes,0,fixation,0.0,0.0
37,2,2,37,7, nature. ,5522,437,35,47.0,27.0,386.0,447.0,Yes,0,sliding,0.10526315789473684,0.00554016620498615
37,2,2,37,8, He ,5580,457,36,47.0,27.0,447.0,475.0,Yes,0,saccade,0.34525835162932395,0.0041378481678377085
37,2,2,37,9, was ,5640,489,39,47.0,27.0,475.0,512.0,Yes,0,saccade,0.5356719559996066,0.0031735600728380444
37,2,2,37,9, was ,5674,495,40,47.0,27.0,475.0,512.0,Yes,0,saccade,0.1789047803028888,-0.010493152226374052
37,2,2,37,9, was ,5732,499,41,47.0,27.0,475.0,512.0,Yes,0,fixation,0.0710880280278907,-0.001858909521982726
37,2,2,37,9, was ,5800,499,41,47.0,27.0,475.0,512.0,Yes,0,fixation,0.0,-0.0010454121768807456
37,2,2,37,9, was ,5835,499,41,47.0,27.0,475.0,512.0,Yes,0,fixation,0.0,0.0
37,2,2,37,9, was ,5887,499,41,47.0,27.0,475.0,512.0,Yes,0,fixation,0.0,0.0
37,2,2,37,9, was ,5965,499,41,47.0,27.0,475.0,512.0,Yes,0,fixation,0.0,0.0
37,2,2,37,9, was ,5974,499,41,47.0,27.0,475.0,512.0,Yes,0,fixation,0.0,0.0
37,2,2,37,9, was ,6032,506,41,47.0,27.0,475.0,512.0,Yes,0,sliding,0.1206896551724138,0.002080856123662307
37,2,2,37,10, unafraid ,6091,535,42,47.0,27.0,512.0,582.0,Yes,0,saccade,0.4918175636795562,0.006290303534019362
37,2,2,37,10, unafraid ,6124,550,43,47.0,27.0,512.0,582.0,Yes,0,saccade,0.4555544357082699,-0.001098882665796554
37,2,2,37,10, unafraid ,6185,563,44,47.0,27.0,512.0,582.0,Yes,0,saccade,0.21374434115418522,-0.0039640999107227
37,2,2,37,10, unafraid ,6240,571,44,47.0,27.0,512.0,582.0,Yes,0,sliding,0.14545454545454545,-0.0012416326490843595
37,2,2,37,10, unafraid ,6271,572,44,47.0,27.0,512.0,582.0,Yes,0,fixation,0.03225806451612903,-0.003651499385110207
37,2,2,37,10, unafraid ,6346,579,45,47.0,27.0,512.0,582.0,Yes,0,fixation,0.09428090415820634,0.0008269711952276974
37,2,2,37,11, of ,6394,588,45,47.0,27.0,582.0,602.0,Yes,0,saccade,0.1875,0.0019420644967040347
37,2,2,37,11, of ,6426,592,45,47.0,27.0,582.0,602.0,Yes,0,sliding,0.125,-0.001953125
37,2,2,37,11, of ,6490,600,44,47.0,27.0,582.0,602.0,Yes,0,sliding,0.12597277731716483,1.5199645580700472e-05
37,2,2,37,12, the ,6540,608,44,47.0,27.0,602.0,632.0,Yes,0,saccade,0.16,0.0006805444536567035
37,2,2,37,12, the ,6573,619,43,47.0,27.0,602.0,632.0,Yes,0,saccade,0.3347079096117352,0.005294179079143491
37,2,2,37,13, wild. ,6640,644,41,47.0,27.0,632.0,673.0,Yes,0,saccade,0.3743264538502822,0.0005913215557992089
37,2,2,37,13, wild. ,6691,651,40,47.0,27.0,632.0,673.0,Yes,0,sliding,0.1386483884679505,-0.004621138536908464
37,2,2,37,13, wild. ,6720,653,40,47.0,27.0,632.0,673.0,Yes,0,fixation,0.06896551724137931,-0.0024028576285024545
37,2,2,37,13, wild. ,6790,670,40,47.0,27.0,632.0,673.0,Yes,0,saccade,0.24285714285714285,0.0024841660802251936
37,2,2,37,14, With ,6841,680,40,47.0,27.0,673.0,714.0,Yes,0,saccade,0.19607843137254902,-0.0009172296369528203
37,2,2,37,14, With ,6872,681,40,47.0,27.0,673.0,714.0,Yes,0,fixation,0.03225806451612903,-0.005284527963110322
37,2,2,37,14, With ,6938,689,39,47.0,27.0,673.0,714.0,Yes,0,sliding,0.1221554204287659,0.0013620811501914678
37,2,2,37,14, With ,6991,693,38,47.0,27.0,673.0,714.0,Yes,0,fixation,0.07779444576637096,-0.00083699952193198
37,2,2,37,14, With ,7021,694,38,47.0,27.0,673.0,714.0,Yes,0,fixation,0.03333333333333333,-0.001482037081101254
37,2,2,37,14, With ,7094,697,38,47.0,27.0,673.0,714.0,Yes,0,fixation,0.0410958904109589,0.00010633639832363793
37,2,2,37,14, With ,7155,698,38,47.0,27.0,673.0,714.0,Yes,0,fixation,0.01639344262295082,-0.00040495816045914886
37,2,2,37,14, With ,7171,695,39,47.0,27.0,673.0,714.0,Yes,0,saccade,0.19764235376052372,0.011328056946098307
37,2,2,37,27, wilderness ,7233,553,79,87.0,67.0,492.0,582.0,Yes,0,saccade,2.379455949149681,0.03519054186111544
37,2,2,37,-1,,7296,306,97,,,,,Yes,0,saccade,3.931031777277209,0.024628187748056002
37,2,2,37,20, a ,7331,248,83,87.0,67.0,247.0,262.0,Yes,0,saccade,1.7047353017344342,-0.06360847072979357
37,2,2,37,19, and ,7380,218,79,87.0,67.0,211.0,246.0,Yes,0,saccade,0.6176631000172064,-0.022185146973820978
37,2,2,37,18, salt ,7441,185,76,87.0,67.0,178.0,211.0,Yes,0,saccade,0.5432144762551112,-0.00122046924200156
37,2,2,37,17, of ,7471,173,75,87.0,67.0,158.0,178.0,Yes,0,saccade,0.4013864859597432,-0.004727599676512267
37,2,2,37,16, handful ,7538,125,67,87.0,67.0,94.0,158.0,Yes,0,saccade,0.7263000036176979,0.00484945548743216
37,2,2,37,-1,,7594,83,66,,,,,Yes,0,saccade,0.7502125549142858,0.0004270098445819282
37,2,2,37,-1,,7630,68,69,,,,,Yes,0,saccade,0.42491829279939874,-0.00903595172541353
37,2,2,37,-1,,7680,65,72,,,,,Yes,0,fixation,0.0848528137423857,-0.006801309581140261
37,2,2,37,-1,,7740,64,73,,,,,Yes,0,fixation,0.023570226039551587,-0.0010213764617139018
37,2,2,37,-1,,7770,64,74,,,,,Yes,0,fixation,0.03333333333333333,0.00032543690979272485
37,2,2,37,-1,,7839,74,75,,,,,Yes,0,sliding,0.1456503713205926,0.0016277831592356419
37,2,2,37,16, handful ,7891,96,76,87.0,67.0,94.0,158.0,Yes,0,saccade,0.4235137604912546,0.005343526714820423
37,2,2,37,16, handful ,7924,99,77,87.0,67.0,94.0,158.0,Yes,0,fixation,0.09582659576267817,-0.009929914082684135
37,2,2,37,16, handful ,7990,100,77,87.0,67.0,94.0,158.0,Yes,0,fixation,0.015151515151515152,-0.0012223497062297426
37,2,2,37,16, handful ,8041,103,78,87.0,67.0,94.0,158.0,Yes,0,fixation,0.06200544431702705,0.0009187044934414098
37,2,2,37,16, handful ,8075,112,80,87.0,67.0,94.0,158.0,Yes,0,saccade,0.2711630722733202,0.006151694939890976
37,2,2,37,16, handful ,8141,140,86,87.0,67.0,94.0,158.0,Yes,0,saccade,0.4338733655538289,0.002465307473947101
37,2,2,37,16, handful ,8191,150,88,87.0,67.0,94.0,158.0,Yes,0,saccade,0.2039607805437114,-0.0045982517002023495
37,2,2,37,16, handful ,8224,153,89,87.0,67.0,94.0,158.0,Yes,0,fixation,0.09582659576267817,-0.003276793478213128
37,2,2,37,16, handful ,8281,156,89,87.0,67.0,94.0,158.0,Yes,0,fixation,0.05263157894736842,-0.0007578073125492939
37,2,2,37,17, of ,8341,167,89,87.0,67.0,158.0,178.0,Yes,0,saccade,0.18333333333333332,0.0021783625730994152
37,2,2,37,17, of ,8370,171,89,87.0,67.0,158.0,178.0,Yes,0,sliding,0.13793103448275862,-0.0015655965120887829
37,2,2,37,18, salt ,8430,186,89,87.0,67.0,178.0,211.0,Yes,0,saccade,0.25,0.001867816091954023
37,2,2,37,18, salt ,8491,193,88,87.0,67.0,178.0,211.0,Yes,0,sliding,0.11591914445681108,-0.002198046812183425
37,2,2,37,18, salt ,8521,193,88,87.0,67.0,178.0,211.0,Yes,0,fixation,0.0,-0.0038639714818937024
37,2,2,37,18, salt ,8582,202,88,87.0,67.0,178.0,211.0,Yes,0,sliding,0.14754098360655737,0.002418704649287826
37,2,2,37,19, and ,8640,214,88,87.0,67.0,211.0,246.0,Yes,0,saccade,0.20689655172413793,0.0010233718640962164
37,2,2,37,19, and ,8674,216,88,87.0,67.0,211.0,246.0,Yes,0,fixation,0.058823529411764705,-0.004355088891540389
37,2,2,37,19, and ,8734,216,88,87.0,67.0,211.0,246.0,Yes,0,fixation,0.0,-0.000980392156862745
37,2,2,37,19, and ,8794,216,88,87.0,67.0,211.0,246.0,Yes,0,fixation,0.0,0.0
37,2,2,37,19, and ,8828,216,88,87.0,67.0,211.0,246.0,Yes,0,fixation,0.0,0.0
37,2,2,37,19, and ,8889,214,85,87.0,67.0,211.0,246.0,Yes,0,fixation,0.05910739795842605,0.0009689737370233779
37,2,2,37,18, salt ,8953,193,69,87.0,67.0,178.0,211.0,Yes,0,saccade,0.41251183695137766,0.005521944359264869
37,2,2,37,18, salt ,8972,192,68,87.0,67.0,178.0,211.0,Yes,0,saccade,0.0744322927564787,-0.017793660220784154
37,2,2,37,18, salt ,9036,188,67,87.0,67.0,178.0,211.0,Yes,0,fixation,0.06442352540027595,-0.00015638698994066796
37,2,2,37,18, salt ,9097,188,67,87.0,67.0,178.0,211.0,Yes,0,fixation,0.0,-0.0010561233672176384
37,2,2,37,19, and ,9135,211,73,87.0,67.0,211.0,246.0,Yes,0,saccade,0.6255191749476164,0.016461030919674116
37,2,2,37,19, and ,9184,239,81,87.0,67.0,211.0,246.0,Yes,0,saccade,0.594294684839226,-0.0006372344920079685
37,2,2,37,21, rifle ,9252,274,87,87.0,67.0,262.0,296.0,Yes,0,saccade,0.522214144251903,-0.0010600079498135726
37,2,2,37,21, rifle ,9279,277,87,87.0,67.0,262.0,296.0,Yes,0,saccade,0.1111111111111111,-0.015226038264473775
37,2,2,37,21, rifle ,9346,277,87,87.0,67.0,262.0,296.0,Yes,0,fixation,0.0,-0.0016583747927031507
37,2,2,37,21, rifle ,9396,277,87,87.0,67.0,262.0,296.0,Yes,0,fixation,0.0,0.0
37,2,2,37,21, rifle ,9428,277,87,87.0,67.0,262.0,296.0,Yes,0,fixation,0.0,0.0
37,2,2,37,21, rifle ,9496,277,87,87.0,67.0,262.0,296.0,Yes,0,fixation,0.0,0.0
37,2,2,37,21, rifle ,9546,277,87,87.0,67.0,262.0,296.0,Yes,0,fixation,0.0,0.0
37,2,2,37,21, rifle ,9580,277,87,87.0,67.0,262.0,296.0,Yes,0,fixation,0.0,0.0
37,2,2,37,21, rifle ,9632,277,87,87.0,67.0,262.0,296.0,Yes,0,fixation,0.0,0.0
37,2,2,37,21, rifle ,9701,281,87,87.0,67.0,262.0,296.0,Yes,0,fixation,0.057971014492753624,0.0008401596303297627
37,2,2,37,21, rifle ,9720,283,87,87.0,67.0,262.0,296.0,Yes,0,sliding,0.10526315789473684,0.0024890601790517482
37,2,2,37,22, he ,9783,296,83,87.0,67.0,296.0,321.0,Yes,0,saccade,0.215896357281515,0.0017560825299488595
37,2,2,37,22, he ,9846,298,83,87.0,67.0,296.0,321.0,Yes,0,fixation,0.031746031746031744,-0.002923021040245766
37,2,2,37,22, he ,9882,299,83,87.0,67.0,296.0,321.0,Yes,0,fixation,0.027777777777777776,-0.00011022927689594356
37,2,2,37,22, he ,9930,299,82,87.0,67.0,296.0,321.0,Yes,0,fixation,0.020833333333333332,-0.00014467592592592592
37,2,2,37,22, he ,10009,300,80,87.0,67.0,296.0,321.0,Yes,0,fixation,0.028304657943035313,9.457372923673394e-05
37,2,2,37,22, he ,10024,300,79,87.0,67.0,296.0,321.0,Yes,0,fixation,0.06666666666666667,0.00255746724824209
37,2,2,37,22, he ,10092,301,78,87.0,67.0,296.0,321.0,Yes,0,fixation,0.020797258270192576,-0.0006745501234775601
37,2,2,37,22, he ,10142,302,77,87.0,67.0,296.0,321.0,Yes,0,fixation,0.0282842712474619,0.00014974025954538653
37,2,2,37,22, he ,10177,316,75,87.0,67.0,296.0,321.0,Yes,0,saccade,0.4040610178208843,0.010736478473526354
37,2,2,37,23, could ,10230,353,74,87.0,67.0,321.0,369.0,Yes,0,saccade,0.6983681329555376,0.005552964436502892
37,2,2,37,24, plunge ,10291,377,75,87.0,67.0,369.0,428.0,Yes,0,saccade,0.3937840049004693,-0.004993182427132267
37,2,2,37,24, plunge ,10325,381,75,87.0,67.0,369.0,428.0,Yes,0,sliding,0.11764705882352941,-0.008121674884615878
37,2,2,37,24, plunge ,10382,384,75,87.0,67.0,369.0,428.0,Yes,0,fixation,0.05263157894736842,-0.0011406224539677367
37,2,2,37,24, plunge ,10441,386,75,87.0,67.0,369.0,428.0,Yes,0,fixation,0.03389830508474576,-0.0003175131163156382
37,2,2,37,24, plunge ,10472,386,75,87.0,67.0,369.0,428.0,Yes,0,fixation,0.0,-0.0010934937124111536
37,2,2,37,24, plunge ,10539,386,75,87.0,67.0,369.0,428.0,Yes,0,fixation,0.0,0.0
37,2,2,37,24, plunge ,10600,386,75,87.0,67.0,369.0,428.0,Yes,0,fixation,0.0,0.0
37,2,2,37,24, plunge ,10626,386,75,87.0,67.0,369.0,428.0,Yes,0,fixation,0.0,0.0
37,2,2,37,24, plunge ,10689,386,75,87.0,67.0,369.0,428.0,Yes,0,fixation,0.0,0.0
37,2,2,37,24, plunge ,10745,401,75,87.0,67.0,369.0,428.0,Yes,0,saccade,0.26785714285714285,0.0047831632653061226
37,2,2,37,24, plunge ,10777,422,75,87.0,67.0,369.0,428.0,Yes,0,saccade,0.65625,0.012137276785714286
37,2,2,37,25, into ,10830,441,77,87.0,67.0,428.0,462.0,Yes,0,saccade,0.36047119197250566,-0.005580732226933856
37,2,2,37,25, into ,10890,447,78,87.0,67.0,428.0,462.0,Yes,0,sliding,0.10137937550497032,-0.004318196941125589
37,2,2,37,25, into ,10922,449,78,87.0,67.0,428.0,462.0,Yes,0,fixation,0.0625,-0.0012149804845303226
37,2,2,37,25, into ,10985,450,78,87.0,67.0,428.0,462.0,Yes,0,fixation,0.015873015873015872,-0.0007401108591584782
37,2,2,37,25, into ,11051,450,78,87.0,67.0,428.0,462.0,Yes,0,fixation,0.0,-0.00024050024050024048
37,2,2,37,25, into ,11084,451,78,87.0,67.0,428.0,462.0,Yes,0,fixation,0.030303030303030304,0.0009182736455463728
37,2,2,37,25, into ,11134,456,78,87.0,67.0,428.0,462.0,Yes,0,sliding,0.1,0.001393939393939394
37,2,2,37,27, wilderness ,11196,493,82,87.0,67.0,492.0,582.0,Yes,0,saccade,0.6002514214815612,0.00806857131421873
37,2,2,37,27, wilderness ,11223,500,83,87.0,67.0,492.0,582.0,Yes,0,saccade,0.2618914004394621,-0.012531852631188856
37,2,2,37,27, wilderness ,11294,527,86,87.0,67.0,492.0,582.0,Yes,0,saccade,0.3826219072452429,0.001700429673320857
37,2,2,37,27, wilderness ,11341,530,87,87.0,67.0,492.0,582.0,Yes,0,fixation,0.06728250340783787,-0.006709349017817129
37,2,2,37,27, wilderness ,11374,533,87,87.0,67.0,492.0,582.0,Yes,0,fixation,0.09090909090909091,0.000715957197007668
37,2,2,37,27, wilderness ,11430,534,87,87.0,67.0,492.0,582.0,Yes,0,fixation,0.017857142857142856,-0.0013044990723562154
37,2,2,37,27, wilderness ,11492,534,87,87.0,67.0,492.0,582.0,Yes,0,fixation,0.0,-0.0002880184331797235
37,2,2,37,27, wilderness ,11523,534,87,87.0,67.0,492.0,582.0,Yes,0,fixation,0.0,0.0
37,2,2,37,27, wilderness ,11580,534,87,87.0,67.0,492.0,582.0,Yes,0,fixation,0.0,0.0
37,2,2,37,27, wilderness ,11643,534,87,87.0,67.0,492.0,582.0,Yes,0,fixation,0.0,0.0
37,2,2,37,27, wilderness ,11671,536,87,87.0,67.0,492.0,582.0,Yes,0,fixation,0.07142857142857142,0.002551020408163265
37,2,2,37,27, wilderness ,11741,576,79,87.0,67.0,492.0,582.0,Yes,0,saccade,0.5827450872677468,0.007304521654845362
37,2,2,37,28, and ,11790,601,76,87.0,67.0,582.0,617.0,Yes,0,saccade,0.5138644208985377,-0.0014057278850858998
37,2,2,37,28, and ,11825,605,76,87.0,67.0,582.0,617.0,Yes,0,saccade,0.11428571428571428,-0.011416534474652098
37,2,2,37,28, and ,11881,610,76,87.0,67.0,582.0,617.0,Yes,0,fixation,0.08928571428571429,-0.0004464285714285713
37,2,2,37,28, and ,11940,616,75,87.0,67.0,582.0,617.0,Yes,0,sliding,0.10309767000505457,0.00023410094439559802
37,2,2,37,29, fare ,11974,619,75,87.0,67.0,617.0,653.0,Yes,0,fixation,0.08823529411764706,-0.000437128702570809
37,2,2,37,29, fare ,12041,625,76,87.0,67.0,617.0,653.0,Yes,0,fixation,0.09078750045221223,3.809263185918162e-05
37,2,2,37,29, fare ,12092,632,78,87.0,67.0,617.0,653.0,Yes,0,sliding,0.14274725273099054,0.0010188186721329078
37,2,2,37,29, fare ,12122,634,78,87.0,67.0,617.0,653.0,Yes,0,fixation,0.06666666666666667,-0.0025360195354774623
37,2,2,37,29, fare ,12180,647,78,87.0,67.0,617.0,653.0,Yes,0,saccade,0.22413793103448276,0.0027150217994451054
37,2,2,37,30, wherever ,12241,665,78,87.0,67.0,653.0,732.0,Yes,0,saccade,0.29508196721311475,0.0011630169865349505
37,2,2,37,30, wherever ,12273,670,78,87.0,67.0,653.0,732.0,Yes,0,saccade,0.15625,-0.004338498975409836
37,2,2,37,30, wherever ,12340,674,78,87.0,67.0,653.0,732.0,Yes,0,fixation,0.05970149253731343,-0.001441022499443083
37,2,2,37,30, wherever ,12391,679,78,87.0,67.0,653.0,732.0,Yes,0,fixation,0.09803921568627451,0.0007517200617443348
37,2,2,37,30, wherever ,12420,680,78,87.0,67.0,653.0,732.0,Yes,0,fixation,0.034482758620689655,-0.002191601967778788
37,2,2,37,30, wherever ,12487,685,78,87.0,67.0,653.0,732.0,Yes,0,fixation,0.07462686567164178,0.0005991657768798825
37,2,2,37,30, wherever ,12541,691,80,87.0,67.0,653.0,732.0,Yes,0,sliding,0.11712139482105109,0.0007869357249890613
37,2,2,37,30, wherever ,12571,692,80,87.0,67.0,653.0,732.0,Yes,0,fixation,0.03333333333333333,-0.002792935382923925
37,2,2,37,30, wherever ,12644,695,80,87.0,67.0,653.0,732.0,Yes,0,fixation,0.0410958904109589,0.00010633639832363793
37,2,2,37,30, wherever ,12695,696,80,87.0,67.0,653.0,732.0,Yes,0,fixation,0.0196078431372549,-0.0004213342602687059
37,2,2,37,30, wherever ,12723,698,80,87.0,67.0,653.0,732.0,Yes,0,fixation,0.07142857142857142,0.0018507402961184473
37,2,2,37,30, wherever ,12788,704,80,87.0,67.0,653.0,732.0,Yes,0,fixation,0.09230769230769231,0.0003212172442941675
37,2,2,37,30, wherever ,12840,717,76,87.0,67.0,653.0,732.0,Yes,0,saccade,0.2615667405526047,0.003254981697017546
37,2,2,37,30, wherever ,12872,722,75,87.0,67.0,653.0,732.0,Yes,0,saccade,0.15934435979977452,-0.0031944493985259434
37,2,2,37,30, wherever ,12940,731,71,87.0,67.0,653.0,732.0,Yes,0,sliding,0.14483614414406035,-0.00021335611258403188
37,2,2,37,30, wherever ,12997,731,71,87.0,67.0,653.0,732.0,Yes,0,fixation,0.0,-0.002540984984983515
37,2,2,37,30, wherever ,13024,731,71,87.0,67.0,653.0,732.0,Yes,0,fixation,0.0,0.0
37,2,2,37,30, wherever ,13085,730,71,87.0,67.0,653.0,732.0,Yes,0,fixation,0.01639344262295082,0.0002687449610319807
37,2,2,37,30, wherever ,13148,695,67,87.0,67.0,653.0,732.0,Yes,0,saccade,0.559171903295509,0.008615531121786637
37,2,2,37,-1,,13183,669,65,,,,,Yes,0,saccade,0.7450517034517313,0.005310851433034923
37,2,2,37,29, fare ,13235,644,66,87.0,67.0,617.0,653.0,Yes,0,saccade,0.4811536924306463,-0.005074961750405481
37,2,2,37,29, fare ,13292,618,67,87.0,67.0,617.0,653.0,Yes,0,saccade,0.4564776081143048,-0.0004329137599358157
37,2,2,37,28, and ,13325,612,67,87.0,67.0,582.0,617.0,Yes,0,saccade,0.18181818181818182,-0.008323012918064334
37,2,2,37,28, and ,13391,603,67,87.0,67.0,582.0,617.0,Yes,0,sliding,0.13636363636363635,-0.0006887052341597799
37,2,2,37,28, and ,13441,600,69,87.0,67.0,582.0,617.0,Yes,0,fixation,0.07211102550927978,-0.0012850522170871315
37,2,2,37,28, and ,13475,598,71,87.0,67.0,582.0,617.0,Yes,0,fixation,0.0831890330807703,0.0003258237521026624
37,2,2,37,28, and ,13536,597,73,87.0,67.0,582.0,617.0,Yes,0,fixation,0.03665685209016049,-0.0007628226391903248
37,2,2,37,28, and ,13595,610,77,87.0,67.0,582.0,617.0,Yes,0,saccade,0.2305333984531431,0.0032860431586946206
37,2,2,37,29, fare ,13628,628,77,87.0,67.0,617.0,653.0,Yes,0,saccade,0.5454545454545454,0.009543065060648554
37,2,2,37,30, wherever ,13683,654,74,87.0,67.0,653.0,732.0,Yes,0,saccade,0.4758637210291782,-0.001265287716824859
37,2,2,37,30, wherever ,13744,686,68,87.0,67.0,653.0,732.0,Yes,0,saccade,0.5337318228229412,0.0009486574064551313
37,2,2,37,-1,,13780,701,65,,,,,Yes,0,saccade,0.42491829279939874,-0.0030225980562095123
37,2,2,37,-1,,13832,719,64,,,,,Yes,0,saccade,0.3466876226407682,-0.0015044359645890492
37,2,2,37,30, wherever ,13890,728,67,87.0,67.0,653.0,732.0,Yes,0,saccade,0.16356608587077826,-0.003157267875344654
37,2,2,37,30, wherever ,13921,728,67,87.0,67.0,653.0,732.0,Yes,0,fixation,0.0,-0.005276325350670266
37,2,2,37,30, wherever ,13987,731,69,87.0,67.0,653.0,732.0,Yes,0,fixation,0.05462956477975741,0.0008277206784811728
37,2,2,37,30, wherever ,14040,731,70,87.0,67.0,653.0,732.0,Yes,0,fixation,0.018867924528301886,-0.0006747479292727456
37,2,2,37,30, wherever ,14074,728,75,87.0,67.0,653.0,732.0,Yes,0,saccade,0.17149858514250885,0.00448913707688844
37,2,2,37,30, wherever ,14136,723,81,87.0,67.0,653.0,732.0,Yes,0,sliding,0.12597176896623635,-0.0007343034867140725
37,2,2,37,30, wherever ,14190,720,83,87.0,67.0,653.0,732.0,Yes,0,fixation,0.06676946806414795,-0.0010963389055942297
37,2,2,37,30, wherever ,14221,719,83,87.0,67.0,653.0,732.0,Yes,0,fixation,0.03225806451612903,-0.0011132710821941587
37,2,2,37,30, wherever ,14285,706,83,87.0,67.0,653.0,732.0,Yes,0,saccade,0.203125,0.002669795866935484
37,2,2,37,27, wilderness ,14340,572,86,87.0,67.0,492.0,582.0,Yes,0,saccade,2.436974143319254,0.04061543896944098
37,2,2,37,27, wilderness ,14371,496,89,87.0,67.0,492.0,582.0,Yes,0,saccade,2.4535221767492152,0.00053380752999875
37,2,2,37,32, pleased ,14441,122,123,127.0,107.0,94.0,162.0,Yes,0,saccade,5.364889636919527,0.041590963716718735
37,2,2,37,-1,,14491,72,133,,,,,Yes,0,saccade,1.019803902718557,-0.08690171468401939
37,2,2,37,-1,,14524,57,139,,,,,Yes,0,saccade,0.48956043701222757,-0.01606798380928271
37,2,2,37,-1,,14591,29,154,,,,,Yes,0,saccade,0.4741009007244355,-0.00023073934757898603
37,2,2,37,-1,,14791,69,125,,,,,Yes,0,saccade,0.2470323865407125,-0.001135342570918615
37,2,2,37,-1,,14822,79,120,,,,,Yes,0,saccade,0.3606561254031919,0.003665281898789659
37,2,2,37,-1,,14890,90,114,,,,,Yes,0,saccade,0.18426417773737747,-0.0025939992303796243
37,2,2,37,-1,,14940,90,114,,,,,Yes,0,fixation,0.0,-0.0036852835547475492
37,2,2,37,-1,,14973,90,114,,,,,Yes,0,fixation,0.0,0.0
37,2,2,37,32, pleased ,15041,105,117,127.0,107.0,94.0,162.0,Yes,0,saccade,0.22495674324674053,0.0033081874006873607
37,2,2,37,32, pleased ,15091,118,119,127.0,107.0,94.0,162.0,Yes,0,saccade,0.26305892875931813,0.000762043710251552
37,2,2,37,32, pleased ,15122,121,119,127.0,107.0,94.0,162.0,Yes,0,fixation,0.0967741935483871,-0.0053640237164816465
37,2,2,37,32, pleased ,15189,125,120,127.0,107.0,94.0,162.0,Yes,0,fixation,0.06153888993459195,-0.0005259000539372409
37,2,2,37,32, pleased ,15241,132,122,127.0,107.0,94.0,162.0,Yes,0,sliding,0.14000211325539458,0.001508908140784666
37,2,2,37,32, pleased ,15274,139,122,127.0,107.0,94.0,162.0,Yes,0,saccade,0.21212121212121213,0.0021854272383581078
37,2,2,37,33, and ,15338,164,125,127.0,107.0,162.0,197.0,Yes,0,saccade,0.3934274472504429,0.0028329099238942304
37,2,2,37,33, and ,15391,178,126,127.0,107.0,162.0,197.0,Yes,0,saccade,0.2648239405210981,-0.002426481259044241
37,2,2,37,33, and ,15421,180,126,127.0,107.0,162.0,197.0,Yes,0,fixation,0.06666666666666667,-0.006605242461814381
37,2,2,37,33, and ,15480,187,126,127.0,107.0,162.0,197.0,Yes,0,sliding,0.11864406779661017,0.000880972900507517
37,2,2,37,33, and ,15540,195,123,127.0,107.0,162.0,197.0,Yes,0,sliding,0.14240006242195885,0.0003959332437558113
37,2,2,37,34, as ,15573,199,122,127.0,107.0,197.0,221.0,Yes,0,sliding,0.12494259471568668,-0.0005290141729173385
37,2,2,37,34, as ,15640,207,120,127.0,107.0,197.0,221.0,Yes,0,sliding,0.1230777798691839,-2.7833057410489207e-05
37,2,2,37,34, as ,15690,216,120,127.0,107.0,197.0,221.0,Yes,0,saccade,0.18,0.0011384444026163217
37,2,2,37,35, long ,15723,227,121,127.0,107.0,222.0,261.0,Yes,0,saccade,0.3347079096117352,0.004688118473082884
37,2,2,37,35, long ,15787,239,122,127.0,107.0,222.0,261.0,Yes,0,saccade,0.18814991529362962,-0.0022899686612203995
37,2,2,37,35, long ,15855,243,122,127.0,107.0,222.0,261.0,Yes,0,fixation,0.058823529411764705,-0.001901858615909778
37,2,2,37,35, long ,15873,243,122,127.0,107.0,222.0,261.0,Yes,0,fixation,0.0,-0.0032679738562091504
37,2,2,37,35, long ,15933,243,122,127.0,107.0,222.0,261.0,Yes,0,fixation,0.0,0.0
37,2,2,37,35, long ,16002,243,122,127.0,107.0,222.0,261.0,Yes,0,fixation,0.0,0.0
37,2,2,37,35, long ,16028,243,122,127.0,107.0,222.0,261.0,Yes,0,fixation,0.0,0.0
37,2,2,37,35, long ,16088,243,122,127.0,107.0,222.0,261.0,Yes,0,fixation,0.0,0.0
37,2,2,37,35, long ,16144,256,119,127.0,107.0,222.0,261.0,Yes,0,saccade,0.2382440011451131,0.004254357163305591
37,2,2,37,36, as ,16178,278,114,127.0,107.0,261.0,285.0,Yes,0,saccade,0.6635596572163811,0.012509284002096117
37,2,2,37,38, pleased. ,16230,313,109,127.0,107.0,310.0,378.0,Yes,0,saccade,0.6799103665255265,0.00031443671748356526
37,2,2,37,38, pleased. ,16295,338,106,127.0,107.0,310.0,378.0,Yes,0,saccade,0.38737471729274375,-0.004500548449735119
37,2,2,37,38, pleased. ,16327,347,106,127.0,107.0,310.0,378.0,Yes,0,saccade,0.28125,-0.0033163974153982423
37,2,2,37,38, pleased. ,16381,359,107,127.0,107.0,310.0,378.0,Yes,0,saccade,0.22299249219985734,-0.0010788427370396789
37,2,2,37,38, pleased. ,16444,370,112,127.0,107.0,310.0,378.0,Yes,0,saccade,0.19179438053324718,-0.0004952081216922247
37,2,2,37,38, pleased. ,16472,371,112,127.0,107.0,310.0,378.0,Yes,0,fixation,0.03571428571428571,-0.0055742891006771945
37,2,2,37,38, pleased. ,16531,372,112,127.0,107.0,310.0,378.0,Yes,0,fixation,0.01694915254237288,-0.00031805310460869204
37,2,2,37,38, pleased. ,16592,372,113,127.0,107.0,310.0,378.0,Yes,0,fixation,0.01639344262295082,-9.109998679050177e-06
37,2,2,37,38, pleased. ,16626,372,113,127.0,107.0,310.0,378.0,Yes,0,fixation,0.0,-0.00048216007714561236
37,2,2,37,38, pleased. ,16688,372,113,127.0,107.0,310.0,378.0,Yes,0,fixation,0.0,0.0
37,2,2,37,38, pleased. ,16753,373,114,127.0,107.0,310.0,378.0,Yes,0,fixation,0.02175713172881685,0.0003347251035202592
37,2,2,37,38, pleased. ,16787,373,114,127.0,107.0,310.0,378.0,Yes,0,fixation,0.0,-0.0006399156390828485
37,2,2,37,38, pleased. ,16830,373,115,127.0,107.0,310.0,378.0,Yes,0,fixation,0.023255813953488372,0.0005408328826392645
37,2,2,37,38, pleased. ,16897,374,116,127.0,107.0,310.0,378.0,Yes,0,fixation,0.021107665110046196,-3.206192303645039e-05
37,2,2,37,38, pleased. ,16930,374,117,127.0,107.0,310.0,378.0,Yes,0,fixation,0.030303030303030304,0.00027864743009042755
37,2,2,37,38, pleased. ,16980,375,118,127.0,107.0,310.0,378.0,Yes,0,fixation,0.0282842712474619,-4.037518111136805e-05
37,2,2,37,38, pleased. ,17047,375,118,127.0,107.0,310.0,378.0,Yes,0,fixation,0.0,-0.0004221533022009239
37,2,2,37,38, pleased. ,17073,375,118,127.0,107.0,310.0,378.0,Yes,0,fixation,0.0,0.0
37,2,2,37,38, pleased. ,17135,375,118,127.0,107.0,310.0,378.0,Yes,0,fixation,0.0,0.0
37,2,2,37,38, pleased. ,17202,375,119,127.0,107.0,310.0,378.0,Yes,0,fixation,0.014925373134328358,0.0002227667631989307
37,2,2,37,38, pleased. ,17231,376,119,127.0,107.0,310.0,378.0,Yes,0,fixation,0.034482758620689655,0.0006743926029779757
37,2,2,37,38, pleased. ,17275,376,120,127.0,107.0,310.0,378.0,Yes,0,fixation,0.022727272727272728,-0.00026717013394129377
37,2,2,37,38, pleased. ,17321,376,120,127.0,107.0,310.0,378.0,Yes,0,fixation,0.0,-0.0004940711462450593
37,2,2,37,38, pleased. ,17380,376,120,127.0,107.0,310.0,378.0,Yes,0,fixation,0.0,0.0
37,2,2,37,38, pleased. ,17431,376,120,127.0,107.0,310.0,378.0,Yes,0,fixation,0.0,0.0
37,2,2,37,38, pleased. ,17476,376,120,127.0,107.0,310.0,378.0,Yes,0,fixation,0.0,0.0
37,2,2,37,38, pleased. ,17528,367,120,127.0,107.0,310.0,378.0,Yes,0,saccade,0.17307692307692307,0.0033284023668639054
37,2,2,37,38, pleased. ,17569,355,120,127.0,107.0,310.0,378.0,Yes,0,saccade,0.2926829268292683,0.0029172196037157367
37,2,2,37,-1,,17618,318,104,,,,,Yes,0,saccade,0.8226793620712806,0.010816253780449231
37,2,2,37,-1,,17669,287,91,,,,,Yes,0,saccade,0.6591269142733964,-0.003206910741134983
37,2,2,37,21, rifle ,17723,263,86,87.0,67.0,262.0,296.0,Yes,0,saccade,0.4539870619307875,-0.003798886154492757
37,2,2,37,20, a ,17773,250,83,87.0,67.0,247.0,262.0,Yes,0,saccade,0.2668332812825267,-0.0037430756129652166
37,2,2,37,19, and ,17821,241,82,87.0,67.0,211.0,246.0,Yes,0,saccade,0.18865385704452953,-0.0016287380049582745
37,2,2,37,19, and ,17874,221,79,87.0,67.0,211.0,246.0,Yes,0,saccade,0.38158015879540913,0.0036401189009599927
37,2,2,37,19, and ,17920,214,78,87.0,67.0,211.0,246.0,Yes,0,saccade,0.15371886547533642,-0.00495350637652332
37,2,2,37,18, salt ,17974,205,75,87.0,67.0,178.0,211.0,Yes,0,saccade,0.17568209223157663,0.00040672642141185576
37,2,2,37,18, salt ,18020,204,74,87.0,67.0,178.0,211.0,Yes,0,fixation,0.030743773095067286,-0.003150833024706725
37,2,2,37,18, salt ,18069,200,73,87.0,67.0,178.0,211.0,Yes,0,fixation,0.08414501276770736,0.001089821217808981
37,2,2,37,18, salt ,18118,199,73,87.0,67.0,178.0,211.0,Yes,0,fixation,0.02040816326530612,-0.0013007520306612499
37,2,2,37,18, salt ,18177,199,72,87.0,67.0,178.0,211.0,Yes,0,fixation,0.01694915254237288,-5.8627300388698975e-05
37,2,2,37,18, salt ,18220,199,72,87.0,67.0,178.0,211.0,Yes,0,fixation,0.0,-0.00039416633819471815
37,2,2,37,18, salt ,18273,199,72,87.0,67.0,178.0,211.0,Yes,0,fixation,0.0,0.0
37,2,2,37,18, salt ,18325,199,72,87.0,67.0,178.0,211.0,Yes,0,fixation,0.0,0.0
37,2,2,37,18, salt ,18377,199,72,87.0,67.0,178.0,211.0,Yes,0,fixation,0.0,0.0
37,2,2,37,18, salt ,18422,198,72,87.0,67.0,178.0,211.0,Yes,0,fixation,0.022222222222222223,0.0004938271604938272
37,2,2,37,18, salt ,18469,191,68,87.0,67.0,178.0,211.0,Yes,0,saccade,0.17153739889996913,0.0031769186527180193
37,2,2,37,1, Thornton ,18524,156,48,47.0,27.0,138.0,215.0,Yes,0,saccade,0.7329325225725953,0.010207184066775022
37,2,2,37,-1,,18568,123,23,,,,,Yes,0,saccade,0.9409200702038387,0.004726989718891895
37,2,2,37,-1,,18623,112,13,,,,,Yes,0,saccade,0.27029215904215464,-0.012193234748394255
37,2,2,37,-1,,18676,128,5,,,,,Yes,0,saccade,0.3375196947169494,0.0012684440693357505
37,2,2,37,-1,,18775,364,5,,,,,Yes,0,saccade,2.3838383838383836,0.020669885748701353
37,2,2,37,-1,,18823,393,9,,,,,Yes,0,saccade,0.6098867153460187,-0.036957326426924265
37,2,2,37,-1,,18875,410,10,,,,,Yes,0,saccade,0.3274881993447385,-0.005430740692332311
37,2,2,37,-1,,18924,418,11,,,,,Yes,0,saccade,0.1645358724142561,-0.0033255576924588245
37,2,2,37,-1,,18971,420,11,,,,,Yes,0,fixation,0.0425531914893617,-0.00259537618989137
37,2,2,37,-1,,19025,421,9,,,,,Yes,0,fixation,0.04140866624999611,-2.1194911840103523e-05
37,2,2,37,-1,,19823,396,61,,,,,Yes,0,fixation,0.07230261522181282,3.871422176919387e-05
